Australian Bureau of Statistics

"Motor Vehicle Census, 2019"
"Aust Postcode, Fuel type and Vehicle type"
"Counting: Vehicle Level"

Filters:
"Default Summation","Vehicle Level (#)"


"Aust Postcode","Fuel type","Vehicle type",
"1041","Diesel","Passenger Vehicles",0,,
,,"Light Commercial Vehicles",0,,
,"Electric","Passenger Vehicles",0,,
,,"Light Commercial Vehicles",0,,
,"Petrol leaded","Passenger Vehicles",0,,
,,"Light Commercial Vehicles",0,,
,"Petrol unleaded","Passenger Vehicles",3,,
,,"Light Commercial Vehicles",0,,
,"LPG/Other gases","Passenger Vehicles",0,,
,,"Light Commercial Vehicles",0,,
,"Dual fuel","Passenger Vehicles",0,,
,,"Light Commercial Vehicles",0,,
,"Other","Passenger Vehicles",0,,
,,"Light Commercial Vehicles",0,,
,"Unknown","Passenger Vehicles",0,,
,,"Light Commercial Vehicles",0,,
"1225","Diesel","Passenger Vehicles",0,,
,,"Light Commercial Vehicles",3,,
,"Electric","Passenger Vehicles",0,,
,,"Light Commercial Vehicles",0,,
,"Petrol leaded","Passenger Vehicles",0,,
,,"Light Commercial Vehicles",0,,
,"Petrol unleaded","Passenger Vehicles",0,,
,,"Light Commercial Vehicles",0,,
,"LPG/Other gases","Passenger Vehicles",0,,
,,"Light Commercial Vehicles",0,,
,"Dual fuel","Passenger Vehicles",0,,
,,"Light Commercial Vehicles",0,,
,"Other","Passenger Vehicles",0,,
,,"Light Commercial Vehicles",0,,
,"Unknown","Passenger Vehicles",0,,
,,"Light Commercial Vehicles",0,,
"1232","Diesel","Passenger Vehicles",0,,
,,"Light Commercial Vehicles",0,,
,"Electric","Passenger Vehicles",0,,
,,"Light Commercial Vehicles",0,,
,"Petrol leaded","Passenger Vehicles",0,,
,,"Light Commercial Vehicles",0,,
,"Petrol unleaded","Passenger Vehicles",5,,
,,"Light Commercial Vehicles",0,,
,"LPG/Other gases","Passenger Vehicles",0,,
,,"Light Commercial Vehicles",0,,
,"Dual fuel","Passenger Vehicles",0,,
,,"Light Commercial Vehicles",0,,
,"Other","Passenger Vehicles",0,,
,,"Light Commercial Vehicles",0,,
,"Unknown","Passenger Vehicles",0,,
,,"Light Commercial Vehicles",0,,
"1235","Diesel","Passenger Vehicles",3,,
,,"Light Commercial Vehicles",0,,
,"Electric","Passenger Vehicles",0,,
,,"Light Commercial Vehicles",0,,
,"Petrol leaded","Passenger Vehicles",0,,
,,"Light Commercial Vehicles",0,,
,"Petrol unleaded","Passenger Vehicles",0,,
,,"Light Commercial Vehicles",0,,
,"LPG/Other gases","Passenger Vehicles",0,,
,,"Light Commercial Vehicles",0,,
,"Dual fuel","Passenger Vehicles",0,,
,,"Light Commercial Vehicles",0,,
,"Other","Passenger Vehicles",0,,
,,"Light Commercial Vehicles",0,,
,"Unknown","Passenger Vehicles",0,,
,,"Light Commercial Vehicles",0,,
"1240","Diesel","Passenger Vehicles",0,,
,,"Light Commercial Vehicles",0,,
,"Electric","Passenger Vehicles",0,,
,,"Light Commercial Vehicles",0,,
,"Petrol leaded","Passenger Vehicles",0,,
,,"Light Commercial Vehicles",0,,
,"Petrol unleaded","Passenger Vehicles",0,,
,,"Light Commercial Vehicles",0,,
,"LPG/Other gases","Passenger Vehicles",0,,
,,"Light Commercial Vehicles",0,,
,"Dual fuel","Passenger Vehicles",0,,
,,"Light Commercial Vehicles",0,,
,"Other","Passenger Vehicles",0,,
,,"Light Commercial Vehicles",0,,
,"Unknown","Passenger Vehicles",0,,
,,"Light Commercial Vehicles",0,,
"1335","Diesel","Passenger Vehicles",0,,
,,"Light Commercial Vehicles",0,,
,"Electric","Passenger Vehicles",0,,
,,"Light Commercial Vehicles",0,,
,"Petrol leaded","Passenger Vehicles",0,,
,,"Light Commercial Vehicles",0,,
,"Petrol unleaded","Passenger Vehicles",3,,
,,"Light Commercial Vehicles",0,,
,"LPG/Other gases","Passenger Vehicles",0,,
,,"Light Commercial Vehicles",0,,
,"Dual fuel","Passenger Vehicles",0,,
,,"Light Commercial Vehicles",0,,
,"Other","Passenger Vehicles",0,,
,,"Light Commercial Vehicles",0,,
,"Unknown","Passenger Vehicles",0,,
,,"Light Commercial Vehicles",0,,
"1340","Diesel","Passenger Vehicles",0,,
,,"Light Commercial Vehicles",0,,
,"Electric","Passenger Vehicles",0,,
,,"Light Commercial Vehicles",0,,
,"Petrol leaded","Passenger Vehicles",0,,
,,"Light Commercial Vehicles",0,,
,"Petrol unleaded","Passenger Vehicles",7,,
,,"Light Commercial Vehicles",0,,
,"LPG/Other gases","Passenger Vehicles",0,,
,,"Light Commercial Vehicles",0,,
,"Dual fuel","Passenger Vehicles",0,,
,,"Light Commercial Vehicles",0,,
,"Other","Passenger Vehicles",0,,
,,"Light Commercial Vehicles",0,,
,"Unknown","Passenger Vehicles",0,,
,,"Light Commercial Vehicles",0,,
"1350","Diesel","Passenger Vehicles",0,,
,,"Light Commercial Vehicles",0,,
,"Electric","Passenger Vehicles",0,,
,,"Light Commercial Vehicles",0,,
,"Petrol leaded","Passenger Vehicles",0,,
,,"Light Commercial Vehicles",0,,
,"Petrol unleaded","Passenger Vehicles",0,,
,,"Light Commercial Vehicles",0,,
,"LPG/Other gases","Passenger Vehicles",0,,
,,"Light Commercial Vehicles",0,,
,"Dual fuel","Passenger Vehicles",0,,
,,"Light Commercial Vehicles",0,,
,"Other","Passenger Vehicles",0,,
,,"Light Commercial Vehicles",0,,
,"Unknown","Passenger Vehicles",0,,
,,"Light Commercial Vehicles",0,,
"1355","Diesel","Passenger Vehicles",12,,
,,"Light Commercial Vehicles",7,,
,"Electric","Passenger Vehicles",0,,
,,"Light Commercial Vehicles",0,,
,"Petrol leaded","Passenger Vehicles",0,,
,,"Light Commercial Vehicles",0,,
,"Petrol unleaded","Passenger Vehicles",35,,
,,"Light Commercial Vehicles",5,,
,"LPG/Other gases","Passenger Vehicles",0,,
,,"Light Commercial Vehicles",0,,
,"Dual fuel","Passenger Vehicles",0,,
,,"Light Commercial Vehicles",3,,
,"Other","Passenger Vehicles",0,,
,,"Light Commercial Vehicles",0,,
,"Unknown","Passenger Vehicles",0,,
,,"Light Commercial Vehicles",0,,
"1360","Diesel","Passenger Vehicles",0,,
,,"Light Commercial Vehicles",0,,
,"Electric","Passenger Vehicles",0,,
,,"Light Commercial Vehicles",0,,
,"Petrol leaded","Passenger Vehicles",0,,
,,"Light Commercial Vehicles",0,,
,"Petrol unleaded","Passenger Vehicles",0,,
,,"Light Commercial Vehicles",0,,
,"LPG/Other gases","Passenger Vehicles",0,,
,,"Light Commercial Vehicles",0,,
,"Dual fuel","Passenger Vehicles",0,,
,,"Light Commercial Vehicles",0,,
,"Other","Passenger Vehicles",0,,
,,"Light Commercial Vehicles",0,,
,"Unknown","Passenger Vehicles",0,,
,,"Light Commercial Vehicles",0,,
"1363","Diesel","Passenger Vehicles",3,,
,,"Light Commercial Vehicles",0,,
,"Electric","Passenger Vehicles",0,,
,,"Light Commercial Vehicles",0,,
,"Petrol leaded","Passenger Vehicles",0,,
,,"Light Commercial Vehicles",0,,
,"Petrol unleaded","Passenger Vehicles",0,,
,,"Light Commercial Vehicles",0,,
,"LPG/Other gases","Passenger Vehicles",0,,
,,"Light Commercial Vehicles",0,,
,"Dual fuel","Passenger Vehicles",0,,
,,"Light Commercial Vehicles",0,,
,"Other","Passenger Vehicles",0,,
,,"Light Commercial Vehicles",0,,
,"Unknown","Passenger Vehicles",0,,
,,"Light Commercial Vehicles",0,,
"1435","Diesel","Passenger Vehicles",0,,
,,"Light Commercial Vehicles",3,,
,"Electric","Passenger Vehicles",0,,
,,"Light Commercial Vehicles",0,,
,"Petrol leaded","Passenger Vehicles",0,,
,,"Light Commercial Vehicles",0,,
,"Petrol unleaded","Passenger Vehicles",0,,
,,"Light Commercial Vehicles",0,,
,"LPG/Other gases","Passenger Vehicles",0,,
,,"Light Commercial Vehicles",0,,
,"Dual fuel","Passenger Vehicles",0,,
,,"Light Commercial Vehicles",0,,
,"Other","Passenger Vehicles",0,,
,,"Light Commercial Vehicles",0,,
,"Unknown","Passenger Vehicles",0,,
,,"Light Commercial Vehicles",0,,
"1450","Diesel","Passenger Vehicles",0,,
,,"Light Commercial Vehicles",0,,
,"Electric","Passenger Vehicles",0,,
,,"Light Commercial Vehicles",0,,
,"Petrol leaded","Passenger Vehicles",0,,
,,"Light Commercial Vehicles",0,,
,"Petrol unleaded","Passenger Vehicles",3,,
,,"Light Commercial Vehicles",0,,
,"LPG/Other gases","Passenger Vehicles",0,,
,,"Light Commercial Vehicles",0,,
,"Dual fuel","Passenger Vehicles",0,,
,,"Light Commercial Vehicles",0,,
,"Other","Passenger Vehicles",0,,
,,"Light Commercial Vehicles",0,,
,"Unknown","Passenger Vehicles",0,,
,,"Light Commercial Vehicles",0,,
"1455","Diesel","Passenger Vehicles",0,,
,,"Light Commercial Vehicles",6,,
,"Electric","Passenger Vehicles",0,,
,,"Light Commercial Vehicles",0,,
,"Petrol leaded","Passenger Vehicles",0,,
,,"Light Commercial Vehicles",0,,
,"Petrol unleaded","Passenger Vehicles",0,,
,,"Light Commercial Vehicles",0,,
,"LPG/Other gases","Passenger Vehicles",0,,
,,"Light Commercial Vehicles",0,,
,"Dual fuel","Passenger Vehicles",0,,
,,"Light Commercial Vehicles",0,,
,"Other","Passenger Vehicles",0,,
,,"Light Commercial Vehicles",0,,
,"Unknown","Passenger Vehicles",0,,
,,"Light Commercial Vehicles",0,,
"1460","Diesel","Passenger Vehicles",0,,
,,"Light Commercial Vehicles",0,,
,"Electric","Passenger Vehicles",0,,
,,"Light Commercial Vehicles",0,,
,"Petrol leaded","Passenger Vehicles",0,,
,,"Light Commercial Vehicles",0,,
,"Petrol unleaded","Passenger Vehicles",0,,
,,"Light Commercial Vehicles",0,,
,"LPG/Other gases","Passenger Vehicles",0,,
,,"Light Commercial Vehicles",0,,
,"Dual fuel","Passenger Vehicles",0,,
,,"Light Commercial Vehicles",0,,
,"Other","Passenger Vehicles",0,,
,,"Light Commercial Vehicles",0,,
,"Unknown","Passenger Vehicles",0,,
,,"Light Commercial Vehicles",0,,
"1470","Diesel","Passenger Vehicles",0,,
,,"Light Commercial Vehicles",0,,
,"Electric","Passenger Vehicles",0,,
,,"Light Commercial Vehicles",0,,
,"Petrol leaded","Passenger Vehicles",0,,
,,"Light Commercial Vehicles",0,,
,"Petrol unleaded","Passenger Vehicles",0,,
,,"Light Commercial Vehicles",0,,
,"LPG/Other gases","Passenger Vehicles",0,,
,,"Light Commercial Vehicles",0,,
,"Dual fuel","Passenger Vehicles",0,,
,,"Light Commercial Vehicles",0,,
,"Other","Passenger Vehicles",0,,
,,"Light Commercial Vehicles",0,,
,"Unknown","Passenger Vehicles",0,,
,,"Light Commercial Vehicles",0,,
"1475","Diesel","Passenger Vehicles",0,,
,,"Light Commercial Vehicles",0,,
,"Electric","Passenger Vehicles",0,,
,,"Light Commercial Vehicles",0,,
,"Petrol leaded","Passenger Vehicles",0,,
,,"Light Commercial Vehicles",0,,
,"Petrol unleaded","Passenger Vehicles",3,,
,,"Light Commercial Vehicles",0,,
,"LPG/Other gases","Passenger Vehicles",0,,
,,"Light Commercial Vehicles",0,,
,"Dual fuel","Passenger Vehicles",0,,
,,"Light Commercial Vehicles",0,,
,"Other","Passenger Vehicles",0,,
,,"Light Commercial Vehicles",0,,
,"Unknown","Passenger Vehicles",0,,
,,"Light Commercial Vehicles",0,,
"1490","Diesel","Passenger Vehicles",3,,
,,"Light Commercial Vehicles",14,,
,"Electric","Passenger Vehicles",0,,
,,"Light Commercial Vehicles",0,,
,"Petrol leaded","Passenger Vehicles",0,,
,,"Light Commercial Vehicles",0,,
,"Petrol unleaded","Passenger Vehicles",0,,
,,"Light Commercial Vehicles",0,,
,"LPG/Other gases","Passenger Vehicles",0,,
,,"Light Commercial Vehicles",0,,
,"Dual fuel","Passenger Vehicles",0,,
,,"Light Commercial Vehicles",0,,
,"Other","Passenger Vehicles",0,,
,,"Light Commercial Vehicles",0,,
,"Unknown","Passenger Vehicles",0,,
,,"Light Commercial Vehicles",0,,
"1495","Diesel","Passenger Vehicles",0,,
,,"Light Commercial Vehicles",3,,
,"Electric","Passenger Vehicles",0,,
,,"Light Commercial Vehicles",0,,
,"Petrol leaded","Passenger Vehicles",0,,
,,"Light Commercial Vehicles",0,,
,"Petrol unleaded","Passenger Vehicles",15,,
,,"Light Commercial Vehicles",0,,
,"LPG/Other gases","Passenger Vehicles",0,,
,,"Light Commercial Vehicles",0,,
,"Dual fuel","Passenger Vehicles",0,,
,,"Light Commercial Vehicles",0,,
,"Other","Passenger Vehicles",0,,
,,"Light Commercial Vehicles",0,,
,"Unknown","Passenger Vehicles",0,,
,,"Light Commercial Vehicles",0,,
"1499","Diesel","Passenger Vehicles",0,,
,,"Light Commercial Vehicles",0,,
,"Electric","Passenger Vehicles",0,,
,,"Light Commercial Vehicles",0,,
,"Petrol leaded","Passenger Vehicles",0,,
,,"Light Commercial Vehicles",0,,
,"Petrol unleaded","Passenger Vehicles",0,,
,,"Light Commercial Vehicles",0,,
,"LPG/Other gases","Passenger Vehicles",0,,
,,"Light Commercial Vehicles",0,,
,"Dual fuel","Passenger Vehicles",0,,
,,"Light Commercial Vehicles",0,,
,"Other","Passenger Vehicles",3,,
,,"Light Commercial Vehicles",0,,
,"Unknown","Passenger Vehicles",0,,
,,"Light Commercial Vehicles",0,,
"1565","Diesel","Passenger Vehicles",5,,
,,"Light Commercial Vehicles",3,,
,"Electric","Passenger Vehicles",0,,
,,"Light Commercial Vehicles",0,,
,"Petrol leaded","Passenger Vehicles",0,,
,,"Light Commercial Vehicles",0,,
,"Petrol unleaded","Passenger Vehicles",3,,
,,"Light Commercial Vehicles",0,,
,"LPG/Other gases","Passenger Vehicles",0,,
,,"Light Commercial Vehicles",0,,
,"Dual fuel","Passenger Vehicles",0,,
,,"Light Commercial Vehicles",0,,
,"Other","Passenger Vehicles",0,,
,,"Light Commercial Vehicles",0,,
,"Unknown","Passenger Vehicles",0,,
,,"Light Commercial Vehicles",0,,
"1590","Diesel","Passenger Vehicles",0,,
,,"Light Commercial Vehicles",3,,
,"Electric","Passenger Vehicles",0,,
,,"Light Commercial Vehicles",0,,
,"Petrol leaded","Passenger Vehicles",0,,
,,"Light Commercial Vehicles",0,,
,"Petrol unleaded","Passenger Vehicles",0,,
,,"Light Commercial Vehicles",0,,
,"LPG/Other gases","Passenger Vehicles",0,,
,,"Light Commercial Vehicles",0,,
,"Dual fuel","Passenger Vehicles",0,,
,,"Light Commercial Vehicles",0,,
,"Other","Passenger Vehicles",0,,
,,"Light Commercial Vehicles",0,,
,"Unknown","Passenger Vehicles",0,,
,,"Light Commercial Vehicles",0,,
"1595","Diesel","Passenger Vehicles",0,,
,,"Light Commercial Vehicles",0,,
,"Electric","Passenger Vehicles",0,,
,,"Light Commercial Vehicles",0,,
,"Petrol leaded","Passenger Vehicles",0,,
,,"Light Commercial Vehicles",0,,
,"Petrol unleaded","Passenger Vehicles",0,,
,,"Light Commercial Vehicles",0,,
,"LPG/Other gases","Passenger Vehicles",0,,
,,"Light Commercial Vehicles",0,,
,"Dual fuel","Passenger Vehicles",0,,
,,"Light Commercial Vehicles",0,,
,"Other","Passenger Vehicles",0,,
,,"Light Commercial Vehicles",0,,
,"Unknown","Passenger Vehicles",0,,
,,"Light Commercial Vehicles",0,,
"1635","Diesel","Passenger Vehicles",0,,
,,"Light Commercial Vehicles",0,,
,"Electric","Passenger Vehicles",0,,
,,"Light Commercial Vehicles",0,,
,"Petrol leaded","Passenger Vehicles",0,,
,,"Light Commercial Vehicles",0,,
,"Petrol unleaded","Passenger Vehicles",0,,
,,"Light Commercial Vehicles",0,,
,"LPG/Other gases","Passenger Vehicles",0,,
,,"Light Commercial Vehicles",0,,
,"Dual fuel","Passenger Vehicles",0,,
,,"Light Commercial Vehicles",0,,
,"Other","Passenger Vehicles",0,,
,,"Light Commercial Vehicles",0,,
,"Unknown","Passenger Vehicles",0,,
,,"Light Commercial Vehicles",0,,
"1640","Diesel","Passenger Vehicles",0,,
,,"Light Commercial Vehicles",3,,
,"Electric","Passenger Vehicles",0,,
,,"Light Commercial Vehicles",0,,
,"Petrol leaded","Passenger Vehicles",0,,
,,"Light Commercial Vehicles",0,,
,"Petrol unleaded","Passenger Vehicles",0,,
,,"Light Commercial Vehicles",0,,
,"LPG/Other gases","Passenger Vehicles",0,,
,,"Light Commercial Vehicles",0,,
,"Dual fuel","Passenger Vehicles",0,,
,,"Light Commercial Vehicles",0,,
,"Other","Passenger Vehicles",0,,
,,"Light Commercial Vehicles",0,,
,"Unknown","Passenger Vehicles",0,,
,,"Light Commercial Vehicles",0,,
"1670","Diesel","Passenger Vehicles",6,,
,,"Light Commercial Vehicles",3,,
,"Electric","Passenger Vehicles",0,,
,,"Light Commercial Vehicles",0,,
,"Petrol leaded","Passenger Vehicles",0,,
,,"Light Commercial Vehicles",0,,
,"Petrol unleaded","Passenger Vehicles",21,,
,,"Light Commercial Vehicles",3,,
,"LPG/Other gases","Passenger Vehicles",0,,
,,"Light Commercial Vehicles",0,,
,"Dual fuel","Passenger Vehicles",0,,
,,"Light Commercial Vehicles",0,,
,"Other","Passenger Vehicles",0,,
,,"Light Commercial Vehicles",0,,
,"Unknown","Passenger Vehicles",0,,
,,"Light Commercial Vehicles",0,,
"1671","Diesel","Passenger Vehicles",0,,
,,"Light Commercial Vehicles",0,,
,"Electric","Passenger Vehicles",0,,
,,"Light Commercial Vehicles",0,,
,"Petrol leaded","Passenger Vehicles",0,,
,,"Light Commercial Vehicles",0,,
,"Petrol unleaded","Passenger Vehicles",28,,
,,"Light Commercial Vehicles",3,,
,"LPG/Other gases","Passenger Vehicles",0,,
,,"Light Commercial Vehicles",0,,
,"Dual fuel","Passenger Vehicles",0,,
,,"Light Commercial Vehicles",0,,
,"Other","Passenger Vehicles",0,,
,,"Light Commercial Vehicles",0,,
,"Unknown","Passenger Vehicles",0,,
,,"Light Commercial Vehicles",0,,
"1675","Diesel","Passenger Vehicles",0,,
,,"Light Commercial Vehicles",0,,
,"Electric","Passenger Vehicles",0,,
,,"Light Commercial Vehicles",0,,
,"Petrol leaded","Passenger Vehicles",0,,
,,"Light Commercial Vehicles",0,,
,"Petrol unleaded","Passenger Vehicles",0,,
,,"Light Commercial Vehicles",0,,
,"LPG/Other gases","Passenger Vehicles",0,,
,,"Light Commercial Vehicles",0,,
,"Dual fuel","Passenger Vehicles",0,,
,,"Light Commercial Vehicles",0,,
,"Other","Passenger Vehicles",0,,
,,"Light Commercial Vehicles",0,,
,"Unknown","Passenger Vehicles",0,,
,,"Light Commercial Vehicles",0,,
"1701","Diesel","Passenger Vehicles",0,,
,,"Light Commercial Vehicles",0,,
,"Electric","Passenger Vehicles",0,,
,,"Light Commercial Vehicles",0,,
,"Petrol leaded","Passenger Vehicles",0,,
,,"Light Commercial Vehicles",0,,
,"Petrol unleaded","Passenger Vehicles",3,,
,,"Light Commercial Vehicles",0,,
,"LPG/Other gases","Passenger Vehicles",0,,
,,"Light Commercial Vehicles",0,,
,"Dual fuel","Passenger Vehicles",0,,
,,"Light Commercial Vehicles",0,,
,"Other","Passenger Vehicles",0,,
,,"Light Commercial Vehicles",0,,
,"Unknown","Passenger Vehicles",0,,
,,"Light Commercial Vehicles",0,,
"1715","Diesel","Passenger Vehicles",0,,
,,"Light Commercial Vehicles",0,,
,"Electric","Passenger Vehicles",0,,
,,"Light Commercial Vehicles",0,,
,"Petrol leaded","Passenger Vehicles",0,,
,,"Light Commercial Vehicles",0,,
,"Petrol unleaded","Passenger Vehicles",0,,
,,"Light Commercial Vehicles",0,,
,"LPG/Other gases","Passenger Vehicles",0,,
,,"Light Commercial Vehicles",0,,
,"Dual fuel","Passenger Vehicles",0,,
,,"Light Commercial Vehicles",0,,
,"Other","Passenger Vehicles",0,,
,,"Light Commercial Vehicles",0,,
,"Unknown","Passenger Vehicles",0,,
,,"Light Commercial Vehicles",0,,
"1730","Diesel","Passenger Vehicles",3,,
,,"Light Commercial Vehicles",8,,
,"Electric","Passenger Vehicles",0,,
,,"Light Commercial Vehicles",0,,
,"Petrol leaded","Passenger Vehicles",3,,
,,"Light Commercial Vehicles",0,,
,"Petrol unleaded","Passenger Vehicles",21,,
,,"Light Commercial Vehicles",3,,
,"LPG/Other gases","Passenger Vehicles",0,,
,,"Light Commercial Vehicles",0,,
,"Dual fuel","Passenger Vehicles",0,,
,,"Light Commercial Vehicles",0,,
,"Other","Passenger Vehicles",0,,
,,"Light Commercial Vehicles",0,,
,"Unknown","Passenger Vehicles",0,,
,,"Light Commercial Vehicles",0,,
"1750","Diesel","Passenger Vehicles",0,,
,,"Light Commercial Vehicles",0,,
,"Electric","Passenger Vehicles",0,,
,,"Light Commercial Vehicles",0,,
,"Petrol leaded","Passenger Vehicles",0,,
,,"Light Commercial Vehicles",0,,
,"Petrol unleaded","Passenger Vehicles",3,,
,,"Light Commercial Vehicles",0,,
,"LPG/Other gases","Passenger Vehicles",0,,
,,"Light Commercial Vehicles",0,,
,"Dual fuel","Passenger Vehicles",0,,
,,"Light Commercial Vehicles",0,,
,"Other","Passenger Vehicles",0,,
,,"Light Commercial Vehicles",0,,
,"Unknown","Passenger Vehicles",0,,
,,"Light Commercial Vehicles",0,,
"1755","Diesel","Passenger Vehicles",0,,
,,"Light Commercial Vehicles",0,,
,"Electric","Passenger Vehicles",0,,
,,"Light Commercial Vehicles",0,,
,"Petrol leaded","Passenger Vehicles",0,,
,,"Light Commercial Vehicles",0,,
,"Petrol unleaded","Passenger Vehicles",0,,
,,"Light Commercial Vehicles",0,,
,"LPG/Other gases","Passenger Vehicles",0,,
,,"Light Commercial Vehicles",0,,
,"Dual fuel","Passenger Vehicles",0,,
,,"Light Commercial Vehicles",0,,
,"Other","Passenger Vehicles",0,,
,,"Light Commercial Vehicles",0,,
,"Unknown","Passenger Vehicles",0,,
,,"Light Commercial Vehicles",0,,
"1811","Diesel","Passenger Vehicles",0,,
,,"Light Commercial Vehicles",6,,
,"Electric","Passenger Vehicles",0,,
,,"Light Commercial Vehicles",0,,
,"Petrol leaded","Passenger Vehicles",0,,
,,"Light Commercial Vehicles",0,,
,"Petrol unleaded","Passenger Vehicles",0,,
,,"Light Commercial Vehicles",0,,
,"LPG/Other gases","Passenger Vehicles",0,,
,,"Light Commercial Vehicles",0,,
,"Dual fuel","Passenger Vehicles",0,,
,,"Light Commercial Vehicles",0,,
,"Other","Passenger Vehicles",0,,
,,"Light Commercial Vehicles",0,,
,"Unknown","Passenger Vehicles",0,,
,,"Light Commercial Vehicles",0,,
"1825","Diesel","Passenger Vehicles",0,,
,,"Light Commercial Vehicles",0,,
,"Electric","Passenger Vehicles",0,,
,,"Light Commercial Vehicles",0,,
,"Petrol leaded","Passenger Vehicles",0,,
,,"Light Commercial Vehicles",0,,
,"Petrol unleaded","Passenger Vehicles",3,,
,,"Light Commercial Vehicles",0,,
,"LPG/Other gases","Passenger Vehicles",0,,
,,"Light Commercial Vehicles",0,,
,"Dual fuel","Passenger Vehicles",0,,
,,"Light Commercial Vehicles",0,,
,"Other","Passenger Vehicles",0,,
,,"Light Commercial Vehicles",0,,
,"Unknown","Passenger Vehicles",0,,
,,"Light Commercial Vehicles",0,,
"1830","Diesel","Passenger Vehicles",0,,
,,"Light Commercial Vehicles",0,,
,"Electric","Passenger Vehicles",0,,
,,"Light Commercial Vehicles",0,,
,"Petrol leaded","Passenger Vehicles",0,,
,,"Light Commercial Vehicles",0,,
,"Petrol unleaded","Passenger Vehicles",0,,
,,"Light Commercial Vehicles",0,,
,"LPG/Other gases","Passenger Vehicles",0,,
,,"Light Commercial Vehicles",0,,
,"Dual fuel","Passenger Vehicles",0,,
,,"Light Commercial Vehicles",0,,
,"Other","Passenger Vehicles",0,,
,,"Light Commercial Vehicles",0,,
,"Unknown","Passenger Vehicles",0,,
,,"Light Commercial Vehicles",0,,
"1835","Diesel","Passenger Vehicles",0,,
,,"Light Commercial Vehicles",0,,
,"Electric","Passenger Vehicles",0,,
,,"Light Commercial Vehicles",0,,
,"Petrol leaded","Passenger Vehicles",0,,
,,"Light Commercial Vehicles",0,,
,"Petrol unleaded","Passenger Vehicles",0,,
,,"Light Commercial Vehicles",0,,
,"LPG/Other gases","Passenger Vehicles",0,,
,,"Light Commercial Vehicles",0,,
,"Dual fuel","Passenger Vehicles",0,,
,,"Light Commercial Vehicles",0,,
,"Other","Passenger Vehicles",0,,
,,"Light Commercial Vehicles",0,,
,"Unknown","Passenger Vehicles",0,,
,,"Light Commercial Vehicles",0,,
"1871","Diesel","Passenger Vehicles",0,,
,,"Light Commercial Vehicles",0,,
,"Electric","Passenger Vehicles",0,,
,,"Light Commercial Vehicles",0,,
,"Petrol leaded","Passenger Vehicles",0,,
,,"Light Commercial Vehicles",0,,
,"Petrol unleaded","Passenger Vehicles",3,,
,,"Light Commercial Vehicles",0,,
,"LPG/Other gases","Passenger Vehicles",0,,
,,"Light Commercial Vehicles",0,,
,"Dual fuel","Passenger Vehicles",0,,
,,"Light Commercial Vehicles",0,,
,"Other","Passenger Vehicles",0,,
,,"Light Commercial Vehicles",0,,
,"Unknown","Passenger Vehicles",0,,
,,"Light Commercial Vehicles",0,,
"1875","Diesel","Passenger Vehicles",3,,
,,"Light Commercial Vehicles",4,,
,"Electric","Passenger Vehicles",0,,
,,"Light Commercial Vehicles",0,,
,"Petrol leaded","Passenger Vehicles",0,,
,,"Light Commercial Vehicles",0,,
,"Petrol unleaded","Passenger Vehicles",16,,
,,"Light Commercial Vehicles",0,,
,"LPG/Other gases","Passenger Vehicles",0,,
,,"Light Commercial Vehicles",0,,
,"Dual fuel","Passenger Vehicles",0,,
,,"Light Commercial Vehicles",0,,
,"Other","Passenger Vehicles",0,,
,,"Light Commercial Vehicles",0,,
,"Unknown","Passenger Vehicles",0,,
,,"Light Commercial Vehicles",0,,
"1885","Diesel","Passenger Vehicles",0,,
,,"Light Commercial Vehicles",3,,
,"Electric","Passenger Vehicles",0,,
,,"Light Commercial Vehicles",0,,
,"Petrol leaded","Passenger Vehicles",0,,
,,"Light Commercial Vehicles",0,,
,"Petrol unleaded","Passenger Vehicles",3,,
,,"Light Commercial Vehicles",0,,
,"LPG/Other gases","Passenger Vehicles",0,,
,,"Light Commercial Vehicles",0,,
,"Dual fuel","Passenger Vehicles",0,,
,,"Light Commercial Vehicles",0,,
,"Other","Passenger Vehicles",0,,
,,"Light Commercial Vehicles",0,,
,"Unknown","Passenger Vehicles",0,,
,,"Light Commercial Vehicles",0,,
"1890","Diesel","Passenger Vehicles",0,,
,,"Light Commercial Vehicles",0,,
,"Electric","Passenger Vehicles",0,,
,,"Light Commercial Vehicles",0,,
,"Petrol leaded","Passenger Vehicles",0,,
,,"Light Commercial Vehicles",0,,
,"Petrol unleaded","Passenger Vehicles",0,,
,,"Light Commercial Vehicles",0,,
,"LPG/Other gases","Passenger Vehicles",0,,
,,"Light Commercial Vehicles",0,,
,"Dual fuel","Passenger Vehicles",0,,
,,"Light Commercial Vehicles",0,,
,"Other","Passenger Vehicles",0,,
,,"Light Commercial Vehicles",0,,
,"Unknown","Passenger Vehicles",0,,
,,"Light Commercial Vehicles",0,,
"1891","Diesel","Passenger Vehicles",0,,
,,"Light Commercial Vehicles",0,,
,"Electric","Passenger Vehicles",0,,
,,"Light Commercial Vehicles",0,,
,"Petrol leaded","Passenger Vehicles",0,,
,,"Light Commercial Vehicles",0,,
,"Petrol unleaded","Passenger Vehicles",4,,
,,"Light Commercial Vehicles",3,,
,"LPG/Other gases","Passenger Vehicles",0,,
,,"Light Commercial Vehicles",0,,
,"Dual fuel","Passenger Vehicles",0,,
,,"Light Commercial Vehicles",0,,
,"Other","Passenger Vehicles",0,,
,,"Light Commercial Vehicles",0,,
,"Unknown","Passenger Vehicles",0,,
,,"Light Commercial Vehicles",0,,
"2000","Diesel","Passenger Vehicles",3080,,
,,"Light Commercial Vehicles",2240,,
,"Electric","Passenger Vehicles",52,,
,,"Light Commercial Vehicles",3,,
,"Petrol leaded","Passenger Vehicles",80,,
,,"Light Commercial Vehicles",7,,
,"Petrol unleaded","Passenger Vehicles",15204,,
,,"Light Commercial Vehicles",989,,
,"LPG/Other gases","Passenger Vehicles",33,,
,,"Light Commercial Vehicles",14,,
,"Dual fuel","Passenger Vehicles",48,,
,,"Light Commercial Vehicles",21,,
,"Other","Passenger Vehicles",562,,
,,"Light Commercial Vehicles",3,,
,"Unknown","Passenger Vehicles",39,,
,,"Light Commercial Vehicles",0,,
"2001","Diesel","Passenger Vehicles",7,,
,,"Light Commercial Vehicles",4,,
,"Electric","Passenger Vehicles",0,,
,,"Light Commercial Vehicles",0,,
,"Petrol leaded","Passenger Vehicles",0,,
,,"Light Commercial Vehicles",0,,
,"Petrol unleaded","Passenger Vehicles",80,,
,,"Light Commercial Vehicles",8,,
,"LPG/Other gases","Passenger Vehicles",0,,
,,"Light Commercial Vehicles",0,,
,"Dual fuel","Passenger Vehicles",0,,
,,"Light Commercial Vehicles",0,,
,"Other","Passenger Vehicles",0,,
,,"Light Commercial Vehicles",0,,
,"Unknown","Passenger Vehicles",0,,
,,"Light Commercial Vehicles",0,,
"2006","Diesel","Passenger Vehicles",26,,
,,"Light Commercial Vehicles",48,,
,"Electric","Passenger Vehicles",0,,
,,"Light Commercial Vehicles",0,,
,"Petrol leaded","Passenger Vehicles",0,,
,,"Light Commercial Vehicles",0,,
,"Petrol unleaded","Passenger Vehicles",67,,
,,"Light Commercial Vehicles",33,,
,"LPG/Other gases","Passenger Vehicles",0,,
,,"Light Commercial Vehicles",0,,
,"Dual fuel","Passenger Vehicles",0,,
,,"Light Commercial Vehicles",3,,
,"Other","Passenger Vehicles",6,,
,,"Light Commercial Vehicles",0,,
,"Unknown","Passenger Vehicles",0,,
,,"Light Commercial Vehicles",0,,
"2007","Diesel","Passenger Vehicles",300,,
,,"Light Commercial Vehicles",148,,
,"Electric","Passenger Vehicles",0,,
,,"Light Commercial Vehicles",0,,
,"Petrol leaded","Passenger Vehicles",8,,
,,"Light Commercial Vehicles",3,,
,"Petrol unleaded","Passenger Vehicles",1764,,
,,"Light Commercial Vehicles",74,,
,"LPG/Other gases","Passenger Vehicles",4,,
,,"Light Commercial Vehicles",5,,
,"Dual fuel","Passenger Vehicles",10,,
,,"Light Commercial Vehicles",4,,
,"Other","Passenger Vehicles",40,,
,,"Light Commercial Vehicles",0,,
,"Unknown","Passenger Vehicles",5,,
,,"Light Commercial Vehicles",0,,
"2008","Diesel","Passenger Vehicles",269,,
,,"Light Commercial Vehicles",181,,
,"Electric","Passenger Vehicles",5,,
,,"Light Commercial Vehicles",0,,
,"Petrol leaded","Passenger Vehicles",20,,
,,"Light Commercial Vehicles",3,,
,"Petrol unleaded","Passenger Vehicles",2161,,
,,"Light Commercial Vehicles",94,,
,"LPG/Other gases","Passenger Vehicles",10,,
,,"Light Commercial Vehicles",4,,
,"Dual fuel","Passenger Vehicles",6,,
,,"Light Commercial Vehicles",6,,
,"Other","Passenger Vehicles",34,,
,,"Light Commercial Vehicles",0,,
,"Unknown","Passenger Vehicles",5,,
,,"Light Commercial Vehicles",0,,
"2009","Diesel","Passenger Vehicles",711,,
,,"Light Commercial Vehicles",325,,
,"Electric","Passenger Vehicles",12,,
,,"Light Commercial Vehicles",0,,
,"Petrol leaded","Passenger Vehicles",34,,
,,"Light Commercial Vehicles",3,,
,"Petrol unleaded","Passenger Vehicles",4608,,
,,"Light Commercial Vehicles",169,,
,"LPG/Other gases","Passenger Vehicles",27,,
,,"Light Commercial Vehicles",6,,
,"Dual fuel","Passenger Vehicles",16,,
,,"Light Commercial Vehicles",8,,
,"Other","Passenger Vehicles",164,,
,,"Light Commercial Vehicles",0,,
,"Unknown","Passenger Vehicles",10,,
,,"Light Commercial Vehicles",0,,
"2010","Diesel","Passenger Vehicles",1029,,
,,"Light Commercial Vehicles",434,,
,"Electric","Passenger Vehicles",17,,
,,"Light Commercial Vehicles",3,,
,"Petrol leaded","Passenger Vehicles",78,,
,,"Light Commercial Vehicles",8,,
,"Petrol unleaded","Passenger Vehicles",8880,,
,,"Light Commercial Vehicles",335,,
,"LPG/Other gases","Passenger Vehicles",14,,
,,"Light Commercial Vehicles",3,,
,"Dual fuel","Passenger Vehicles",21,,
,,"Light Commercial Vehicles",14,,
,"Other","Passenger Vehicles",107,,
,,"Light Commercial Vehicles",0,,
,"Unknown","Passenger Vehicles",45,,
,,"Light Commercial Vehicles",0,,
"2011","Diesel","Passenger Vehicles",1008,,
,,"Light Commercial Vehicles",228,,
,"Electric","Passenger Vehicles",17,,
,,"Light Commercial Vehicles",0,,
,"Petrol leaded","Passenger Vehicles",72,,
,,"Light Commercial Vehicles",10,,
,"Petrol unleaded","Passenger Vehicles",7641,,
,,"Light Commercial Vehicles",208,,
,"LPG/Other gases","Passenger Vehicles",9,,
,,"Light Commercial Vehicles",3,,
,"Dual fuel","Passenger Vehicles",30,,
,,"Light Commercial Vehicles",3,,
,"Other","Passenger Vehicles",271,,
,,"Light Commercial Vehicles",0,,
,"Unknown","Passenger Vehicles",20,,
,,"Light Commercial Vehicles",3,,
"2012","Diesel","Passenger Vehicles",0,,
,,"Light Commercial Vehicles",0,,
,"Electric","Passenger Vehicles",0,,
,,"Light Commercial Vehicles",0,,
,"Petrol leaded","Passenger Vehicles",0,,
,,"Light Commercial Vehicles",0,,
,"Petrol unleaded","Passenger Vehicles",61,,
,,"Light Commercial Vehicles",5,,
,"LPG/Other gases","Passenger Vehicles",0,,
,,"Light Commercial Vehicles",0,,
,"Dual fuel","Passenger Vehicles",0,,
,,"Light Commercial Vehicles",0,,
,"Other","Passenger Vehicles",0,,
,,"Light Commercial Vehicles",0,,
,"Unknown","Passenger Vehicles",0,,
,,"Light Commercial Vehicles",0,,
"2014","Diesel","Passenger Vehicles",0,,
,,"Light Commercial Vehicles",3,,
,"Electric","Passenger Vehicles",0,,
,,"Light Commercial Vehicles",0,,
,"Petrol leaded","Passenger Vehicles",0,,
,,"Light Commercial Vehicles",0,,
,"Petrol unleaded","Passenger Vehicles",0,,
,,"Light Commercial Vehicles",0,,
,"LPG/Other gases","Passenger Vehicles",0,,
,,"Light Commercial Vehicles",0,,
,"Dual fuel","Passenger Vehicles",0,,
,,"Light Commercial Vehicles",0,,
,"Other","Passenger Vehicles",0,,
,,"Light Commercial Vehicles",0,,
,"Unknown","Passenger Vehicles",0,,
,,"Light Commercial Vehicles",0,,
"2015","Diesel","Passenger Vehicles",1152,,
,,"Light Commercial Vehicles",1233,,
,"Electric","Passenger Vehicles",9,,
,,"Light Commercial Vehicles",0,,
,"Petrol leaded","Passenger Vehicles",29,,
,,"Light Commercial Vehicles",7,,
,"Petrol unleaded","Passenger Vehicles",6250,,
,,"Light Commercial Vehicles",548,,
,"LPG/Other gases","Passenger Vehicles",24,,
,,"Light Commercial Vehicles",16,,
,"Dual fuel","Passenger Vehicles",38,,
,,"Light Commercial Vehicles",12,,
,"Other","Passenger Vehicles",186,,
,,"Light Commercial Vehicles",0,,
,"Unknown","Passenger Vehicles",26,,
,,"Light Commercial Vehicles",0,,
"2016","Diesel","Passenger Vehicles",441,,
,,"Light Commercial Vehicles",215,,
,"Electric","Passenger Vehicles",0,,
,,"Light Commercial Vehicles",0,,
,"Petrol leaded","Passenger Vehicles",36,,
,,"Light Commercial Vehicles",3,,
,"Petrol unleaded","Passenger Vehicles",4096,,
,,"Light Commercial Vehicles",203,,
,"LPG/Other gases","Passenger Vehicles",16,,
,,"Light Commercial Vehicles",3,,
,"Dual fuel","Passenger Vehicles",11,,
,,"Light Commercial Vehicles",7,,
,"Other","Passenger Vehicles",40,,
,,"Light Commercial Vehicles",0,,
,"Unknown","Passenger Vehicles",11,,
,,"Light Commercial Vehicles",0,,
"2017","Diesel","Passenger Vehicles",1246,,
,,"Light Commercial Vehicles",610,,
,"Electric","Passenger Vehicles",21,,
,,"Light Commercial Vehicles",0,,
,"Petrol leaded","Passenger Vehicles",33,,
,,"Light Commercial Vehicles",6,,
,"Petrol unleaded","Passenger Vehicles",9081,,
,,"Light Commercial Vehicles",265,,
,"LPG/Other gases","Passenger Vehicles",8,,
,,"Light Commercial Vehicles",9,,
,"Dual fuel","Passenger Vehicles",19,,
,,"Light Commercial Vehicles",10,,
,"Other","Passenger Vehicles",218,,
,,"Light Commercial Vehicles",0,,
,"Unknown","Passenger Vehicles",11,,
,,"Light Commercial Vehicles",0,,
"2018","Diesel","Passenger Vehicles",647,,
,,"Light Commercial Vehicles",544,,
,"Electric","Passenger Vehicles",6,,
,,"Light Commercial Vehicles",0,,
,"Petrol leaded","Passenger Vehicles",27,,
,,"Light Commercial Vehicles",8,,
,"Petrol unleaded","Passenger Vehicles",7684,,
,,"Light Commercial Vehicles",417,,
,"LPG/Other gases","Passenger Vehicles",54,,
,,"Light Commercial Vehicles",9,,
,"Dual fuel","Passenger Vehicles",32,,
,,"Light Commercial Vehicles",14,,
,"Other","Passenger Vehicles",151,,
,,"Light Commercial Vehicles",0,,
,"Unknown","Passenger Vehicles",14,,
,,"Light Commercial Vehicles",3,,
"2019","Diesel","Passenger Vehicles",787,,
,,"Light Commercial Vehicles",1479,,
,"Electric","Passenger Vehicles",4,,
,,"Light Commercial Vehicles",0,,
,"Petrol leaded","Passenger Vehicles",56,,
,,"Light Commercial Vehicles",4,,
,"Petrol unleaded","Passenger Vehicles",6712,,
,,"Light Commercial Vehicles",799,,
,"LPG/Other gases","Passenger Vehicles",16,,
,,"Light Commercial Vehicles",24,,
,"Dual fuel","Passenger Vehicles",16,,
,,"Light Commercial Vehicles",43,,
,"Other","Passenger Vehicles",72,,
,,"Light Commercial Vehicles",0,,
,"Unknown","Passenger Vehicles",4,,
,,"Light Commercial Vehicles",3,,
"2020","Diesel","Passenger Vehicles",2023,,
,,"Light Commercial Vehicles",1359,,
,"Electric","Passenger Vehicles",10,,
,,"Light Commercial Vehicles",0,,
,"Petrol leaded","Passenger Vehicles",56,,
,,"Light Commercial Vehicles",9,,
,"Petrol unleaded","Passenger Vehicles",23819,,
,,"Light Commercial Vehicles",636,,
,"LPG/Other gases","Passenger Vehicles",29,,
,,"Light Commercial Vehicles",14,,
,"Dual fuel","Passenger Vehicles",43,,
,,"Light Commercial Vehicles",23,,
,"Other","Passenger Vehicles",273,,
,,"Light Commercial Vehicles",0,,
,"Unknown","Passenger Vehicles",30,,
,,"Light Commercial Vehicles",3,,
"2021","Diesel","Passenger Vehicles",977,,
,,"Light Commercial Vehicles",237,,
,"Electric","Passenger Vehicles",13,,
,,"Light Commercial Vehicles",0,,
,"Petrol leaded","Passenger Vehicles",61,,
,,"Light Commercial Vehicles",8,,
,"Petrol unleaded","Passenger Vehicles",6190,,
,,"Light Commercial Vehicles",161,,
,"LPG/Other gases","Passenger Vehicles",4,,
,,"Light Commercial Vehicles",6,,
,"Dual fuel","Passenger Vehicles",12,,
,,"Light Commercial Vehicles",4,,
,"Other","Passenger Vehicles",70,,
,,"Light Commercial Vehicles",3,,
,"Unknown","Passenger Vehicles",11,,
,,"Light Commercial Vehicles",0,,
"2022","Diesel","Passenger Vehicles",674,,
,,"Light Commercial Vehicles",276,,
,"Electric","Passenger Vehicles",15,,
,,"Light Commercial Vehicles",0,,
,"Petrol leaded","Passenger Vehicles",25,,
,,"Light Commercial Vehicles",3,,
,"Petrol unleaded","Passenger Vehicles",5090,,
,,"Light Commercial Vehicles",196,,
,"LPG/Other gases","Passenger Vehicles",11,,
,,"Light Commercial Vehicles",5,,
,"Dual fuel","Passenger Vehicles",15,,
,,"Light Commercial Vehicles",7,,
,"Other","Passenger Vehicles",74,,
,,"Light Commercial Vehicles",3,,
,"Unknown","Passenger Vehicles",10,,
,,"Light Commercial Vehicles",0,,
"2023","Diesel","Passenger Vehicles",847,,
,,"Light Commercial Vehicles",141,,
,"Electric","Passenger Vehicles",30,,
,,"Light Commercial Vehicles",0,,
,"Petrol leaded","Passenger Vehicles",50,,
,,"Light Commercial Vehicles",11,,
,"Petrol unleaded","Passenger Vehicles",4700,,
,,"Light Commercial Vehicles",129,,
,"LPG/Other gases","Passenger Vehicles",3,,
,,"Light Commercial Vehicles",0,,
,"Dual fuel","Passenger Vehicles",11,,
,,"Light Commercial Vehicles",3,,
,"Other","Passenger Vehicles",98,,
,,"Light Commercial Vehicles",0,,
,"Unknown","Passenger Vehicles",14,,
,,"Light Commercial Vehicles",0,,
"2024","Diesel","Passenger Vehicles",761,,
,,"Light Commercial Vehicles",253,,
,"Electric","Passenger Vehicles",15,,
,,"Light Commercial Vehicles",0,,
,"Petrol leaded","Passenger Vehicles",46,,
,,"Light Commercial Vehicles",15,,
,"Petrol unleaded","Passenger Vehicles",4534,,
,,"Light Commercial Vehicles",206,,
,"LPG/Other gases","Passenger Vehicles",7,,
,,"Light Commercial Vehicles",6,,
,"Dual fuel","Passenger Vehicles",18,,
,,"Light Commercial Vehicles",4,,
,"Other","Passenger Vehicles",64,,
,,"Light Commercial Vehicles",0,,
,"Unknown","Passenger Vehicles",16,,
,,"Light Commercial Vehicles",3,,
"2025","Diesel","Passenger Vehicles",558,,
,,"Light Commercial Vehicles",102,,
,"Electric","Passenger Vehicles",11,,
,,"Light Commercial Vehicles",0,,
,"Petrol leaded","Passenger Vehicles",26,,
,,"Light Commercial Vehicles",10,,
,"Petrol unleaded","Passenger Vehicles",3284,,
,,"Light Commercial Vehicles",75,,
,"LPG/Other gases","Passenger Vehicles",0,,
,,"Light Commercial Vehicles",0,,
,"Dual fuel","Passenger Vehicles",6,,
,,"Light Commercial Vehicles",4,,
,"Other","Passenger Vehicles",50,,
,,"Light Commercial Vehicles",0,,
,"Unknown","Passenger Vehicles",13,,
,,"Light Commercial Vehicles",0,,
"2026","Diesel","Passenger Vehicles",1711,,
,,"Light Commercial Vehicles",645,,
,"Electric","Passenger Vehicles",27,,
,,"Light Commercial Vehicles",0,,
,"Petrol leaded","Passenger Vehicles",106,,
,,"Light Commercial Vehicles",29,,
,"Petrol unleaded","Passenger Vehicles",12317,,
,,"Light Commercial Vehicles",564,,
,"LPG/Other gases","Passenger Vehicles",13,,
,,"Light Commercial Vehicles",18,,
,"Dual fuel","Passenger Vehicles",40,,
,,"Light Commercial Vehicles",21,,
,"Other","Passenger Vehicles",121,,
,,"Light Commercial Vehicles",0,,
,"Unknown","Passenger Vehicles",40,,
,,"Light Commercial Vehicles",3,,
"2027","Diesel","Passenger Vehicles",620,,
,,"Light Commercial Vehicles",121,,
,"Electric","Passenger Vehicles",24,,
,,"Light Commercial Vehicles",0,,
,"Petrol leaded","Passenger Vehicles",70,,
,,"Light Commercial Vehicles",3,,
,"Petrol unleaded","Passenger Vehicles",3957,,
,,"Light Commercial Vehicles",63,,
,"LPG/Other gases","Passenger Vehicles",3,,
,,"Light Commercial Vehicles",0,,
,"Dual fuel","Passenger Vehicles",4,,
,,"Light Commercial Vehicles",3,,
,"Other","Passenger Vehicles",82,,
,,"Light Commercial Vehicles",0,,
,"Unknown","Passenger Vehicles",13,,
,,"Light Commercial Vehicles",0,,
"2028","Diesel","Passenger Vehicles",394,,
,,"Light Commercial Vehicles",97,,
,"Electric","Passenger Vehicles",7,,
,,"Light Commercial Vehicles",0,,
,"Petrol leaded","Passenger Vehicles",21,,
,,"Light Commercial Vehicles",3,,
,"Petrol unleaded","Passenger Vehicles",2404,,
,,"Light Commercial Vehicles",54,,
,"LPG/Other gases","Passenger Vehicles",3,,
,,"Light Commercial Vehicles",3,,
,"Dual fuel","Passenger Vehicles",3,,
,,"Light Commercial Vehicles",3,,
,"Other","Passenger Vehicles",43,,
,,"Light Commercial Vehicles",0,,
,"Unknown","Passenger Vehicles",7,,
,,"Light Commercial Vehicles",0,,
"2029","Diesel","Passenger Vehicles",575,,
,,"Light Commercial Vehicles",225,,
,"Electric","Passenger Vehicles",12,,
,,"Light Commercial Vehicles",0,,
,"Petrol leaded","Passenger Vehicles",23,,
,,"Light Commercial Vehicles",0,,
,"Petrol unleaded","Passenger Vehicles",4728,,
,,"Light Commercial Vehicles",192,,
,"LPG/Other gases","Passenger Vehicles",3,,
,,"Light Commercial Vehicles",3,,
,"Dual fuel","Passenger Vehicles",8,,
,,"Light Commercial Vehicles",3,,
,"Other","Passenger Vehicles",84,,
,,"Light Commercial Vehicles",3,,
,"Unknown","Passenger Vehicles",3,,
,,"Light Commercial Vehicles",0,,
"2030","Diesel","Passenger Vehicles",1250,,
,,"Light Commercial Vehicles",231,,
,"Electric","Passenger Vehicles",51,,
,,"Light Commercial Vehicles",0,,
,"Petrol leaded","Passenger Vehicles",111,,
,,"Light Commercial Vehicles",7,,
,"Petrol unleaded","Passenger Vehicles",7505,,
,,"Light Commercial Vehicles",205,,
,"LPG/Other gases","Passenger Vehicles",9,,
,,"Light Commercial Vehicles",3,,
,"Dual fuel","Passenger Vehicles",5,,
,,"Light Commercial Vehicles",7,,
,"Other","Passenger Vehicles",143,,
,,"Light Commercial Vehicles",3,,
,"Unknown","Passenger Vehicles",8,,
,,"Light Commercial Vehicles",0,,
"2031","Diesel","Passenger Vehicles",1491,,
,,"Light Commercial Vehicles",746,,
,"Electric","Passenger Vehicles",18,,
,,"Light Commercial Vehicles",0,,
,"Petrol leaded","Passenger Vehicles",83,,
,,"Light Commercial Vehicles",20,,
,"Petrol unleaded","Passenger Vehicles",13379,,
,,"Light Commercial Vehicles",523,,
,"LPG/Other gases","Passenger Vehicles",13,,
,,"Light Commercial Vehicles",16,,
,"Dual fuel","Passenger Vehicles",30,,
,,"Light Commercial Vehicles",17,,
,"Other","Passenger Vehicles",168,,
,,"Light Commercial Vehicles",0,,
,"Unknown","Passenger Vehicles",28,,
,,"Light Commercial Vehicles",4,,
"2032","Diesel","Passenger Vehicles",450,,
,,"Light Commercial Vehicles",243,,
,"Electric","Passenger Vehicles",3,,
,,"Light Commercial Vehicles",0,,
,"Petrol leaded","Passenger Vehicles",34,,
,,"Light Commercial Vehicles",5,,
,"Petrol unleaded","Passenger Vehicles",5167,,
,,"Light Commercial Vehicles",213,,
,"LPG/Other gases","Passenger Vehicles",22,,
,,"Light Commercial Vehicles",12,,
,"Dual fuel","Passenger Vehicles",27,,
,,"Light Commercial Vehicles",10,,
,"Other","Passenger Vehicles",85,,
,,"Light Commercial Vehicles",0,,
,"Unknown","Passenger Vehicles",3,,
,,"Light Commercial Vehicles",0,,
"2033","Diesel","Passenger Vehicles",416,,
,,"Light Commercial Vehicles",172,,
,"Electric","Passenger Vehicles",5,,
,,"Light Commercial Vehicles",0,,
,"Petrol leaded","Passenger Vehicles",14,,
,,"Light Commercial Vehicles",3,,
,"Petrol unleaded","Passenger Vehicles",4245,,
,,"Light Commercial Vehicles",154,,
,"LPG/Other gases","Passenger Vehicles",19,,
,,"Light Commercial Vehicles",3,,
,"Dual fuel","Passenger Vehicles",14,,
,,"Light Commercial Vehicles",8,,
,"Other","Passenger Vehicles",51,,
,,"Light Commercial Vehicles",0,,
,"Unknown","Passenger Vehicles",7,,
,,"Light Commercial Vehicles",0,,
"2034","Diesel","Passenger Vehicles",950,,
,,"Light Commercial Vehicles",447,,
,"Electric","Passenger Vehicles",12,,
,,"Light Commercial Vehicles",0,,
,"Petrol leaded","Passenger Vehicles",68,,
,,"Light Commercial Vehicles",6,,
,"Petrol unleaded","Passenger Vehicles",8646,,
,,"Light Commercial Vehicles",353,,
,"LPG/Other gases","Passenger Vehicles",15,,
,,"Light Commercial Vehicles",6,,
,"Dual fuel","Passenger Vehicles",21,,
,,"Light Commercial Vehicles",11,,
,"Other","Passenger Vehicles",91,,
,,"Light Commercial Vehicles",0,,
,"Unknown","Passenger Vehicles",17,,
,,"Light Commercial Vehicles",0,,
"2035","Diesel","Passenger Vehicles",1495,,
,,"Light Commercial Vehicles",867,,
,"Electric","Passenger Vehicles",15,,
,,"Light Commercial Vehicles",0,,
,"Petrol leaded","Passenger Vehicles",93,,
,,"Light Commercial Vehicles",13,,
,"Petrol unleaded","Passenger Vehicles",15369,,
,,"Light Commercial Vehicles",724,,
,"LPG/Other gases","Passenger Vehicles",55,,
,,"Light Commercial Vehicles",15,,
,"Dual fuel","Passenger Vehicles",57,,
,,"Light Commercial Vehicles",20,,
,"Other","Passenger Vehicles",166,,
,,"Light Commercial Vehicles",0,,
,"Unknown","Passenger Vehicles",14,,
,,"Light Commercial Vehicles",0,,
"2036","Diesel","Passenger Vehicles",1408,,
,,"Light Commercial Vehicles",1262,,
,"Electric","Passenger Vehicles",13,,
,,"Light Commercial Vehicles",0,,
,"Petrol leaded","Passenger Vehicles",124,,
,,"Light Commercial Vehicles",16,,
,"Petrol unleaded","Passenger Vehicles",14104,,
,,"Light Commercial Vehicles",964,,
,"LPG/Other gases","Passenger Vehicles",52,,
,,"Light Commercial Vehicles",27,,
,"Dual fuel","Passenger Vehicles",53,,
,,"Light Commercial Vehicles",40,,
,"Other","Passenger Vehicles",167,,
,,"Light Commercial Vehicles",0,,
,"Unknown","Passenger Vehicles",9,,
,,"Light Commercial Vehicles",0,,
"2037","Diesel","Passenger Vehicles",644,,
,,"Light Commercial Vehicles",212,,
,"Electric","Passenger Vehicles",9,,
,,"Light Commercial Vehicles",0,,
,"Petrol leaded","Passenger Vehicles",47,,
,,"Light Commercial Vehicles",5,,
,"Petrol unleaded","Passenger Vehicles",6022,,
,,"Light Commercial Vehicles",207,,
,"LPG/Other gases","Passenger Vehicles",12,,
,,"Light Commercial Vehicles",0,,
,"Dual fuel","Passenger Vehicles",10,,
,,"Light Commercial Vehicles",8,,
,"Other","Passenger Vehicles",100,,
,,"Light Commercial Vehicles",0,,
,"Unknown","Passenger Vehicles",25,,
,,"Light Commercial Vehicles",3,,
"2038","Diesel","Passenger Vehicles",517,,
,,"Light Commercial Vehicles",195,,
,"Electric","Passenger Vehicles",9,,
,,"Light Commercial Vehicles",0,,
,"Petrol leaded","Passenger Vehicles",51,,
,,"Light Commercial Vehicles",0,,
,"Petrol unleaded","Passenger Vehicles",3853,,
,,"Light Commercial Vehicles",184,,
,"LPG/Other gases","Passenger Vehicles",5,,
,,"Light Commercial Vehicles",4,,
,"Dual fuel","Passenger Vehicles",8,,
,,"Light Commercial Vehicles",9,,
,"Other","Passenger Vehicles",54,,
,,"Light Commercial Vehicles",0,,
,"Unknown","Passenger Vehicles",8,,
,,"Light Commercial Vehicles",0,,
"2039","Diesel","Passenger Vehicles",731,,
,,"Light Commercial Vehicles",291,,
,"Electric","Passenger Vehicles",0,,
,,"Light Commercial Vehicles",0,,
,"Petrol leaded","Passenger Vehicles",31,,
,,"Light Commercial Vehicles",3,,
,"Petrol unleaded","Passenger Vehicles",4168,,
,,"Light Commercial Vehicles",170,,
,"LPG/Other gases","Passenger Vehicles",3,,
,,"Light Commercial Vehicles",8,,
,"Dual fuel","Passenger Vehicles",11,,
,,"Light Commercial Vehicles",3,,
,"Other","Passenger Vehicles",52,,
,,"Light Commercial Vehicles",0,,
,"Unknown","Passenger Vehicles",11,,
,,"Light Commercial Vehicles",0,,
"2040","Diesel","Passenger Vehicles",1394,,
,,"Light Commercial Vehicles",775,,
,"Electric","Passenger Vehicles",6,,
,,"Light Commercial Vehicles",0,,
,"Petrol leaded","Passenger Vehicles",81,,
,,"Light Commercial Vehicles",6,,
,"Petrol unleaded","Passenger Vehicles",9986,,
,,"Light Commercial Vehicles",456,,
,"LPG/Other gases","Passenger Vehicles",16,,
,,"Light Commercial Vehicles",8,,
,"Dual fuel","Passenger Vehicles",53,,
,,"Light Commercial Vehicles",60,,
,"Other","Passenger Vehicles",86,,
,,"Light Commercial Vehicles",0,,
,"Unknown","Passenger Vehicles",13,,
,,"Light Commercial Vehicles",0,,
"2041","Diesel","Passenger Vehicles",1164,,
,,"Light Commercial Vehicles",291,,
,"Electric","Passenger Vehicles",10,,
,,"Light Commercial Vehicles",0,,
,"Petrol leaded","Passenger Vehicles",58,,
,,"Light Commercial Vehicles",9,,
,"Petrol unleaded","Passenger Vehicles",6928,,
,,"Light Commercial Vehicles",212,,
,"LPG/Other gases","Passenger Vehicles",6,,
,,"Light Commercial Vehicles",10,,
,"Dual fuel","Passenger Vehicles",14,,
,,"Light Commercial Vehicles",10,,
,"Other","Passenger Vehicles",92,,
,,"Light Commercial Vehicles",0,,
,"Unknown","Passenger Vehicles",11,,
,,"Light Commercial Vehicles",0,,
"2042","Diesel","Passenger Vehicles",495,,
,,"Light Commercial Vehicles",264,,
,"Electric","Passenger Vehicles",0,,
,,"Light Commercial Vehicles",0,,
,"Petrol leaded","Passenger Vehicles",38,,
,,"Light Commercial Vehicles",10,,
,"Petrol unleaded","Passenger Vehicles",6027,,
,,"Light Commercial Vehicles",288,,
,"LPG/Other gases","Passenger Vehicles",15,,
,,"Light Commercial Vehicles",5,,
,"Dual fuel","Passenger Vehicles",18,,
,,"Light Commercial Vehicles",13,,
,"Other","Passenger Vehicles",63,,
,,"Light Commercial Vehicles",0,,
,"Unknown","Passenger Vehicles",11,,
,,"Light Commercial Vehicles",0,,
"2043","Diesel","Passenger Vehicles",270,,
,,"Light Commercial Vehicles",114,,
,"Electric","Passenger Vehicles",0,,
,,"Light Commercial Vehicles",0,,
,"Petrol leaded","Passenger Vehicles",17,,
,,"Light Commercial Vehicles",0,,
,"Petrol unleaded","Passenger Vehicles",3063,,
,,"Light Commercial Vehicles",92,,
,"LPG/Other gases","Passenger Vehicles",3,,
,,"Light Commercial Vehicles",3,,
,"Dual fuel","Passenger Vehicles",4,,
,,"Light Commercial Vehicles",4,,
,"Other","Passenger Vehicles",21,,
,,"Light Commercial Vehicles",0,,
,"Unknown","Passenger Vehicles",4,,
,,"Light Commercial Vehicles",0,,
"2044","Diesel","Passenger Vehicles",439,,
,,"Light Commercial Vehicles",479,,
,"Electric","Passenger Vehicles",3,,
,,"Light Commercial Vehicles",0,,
,"Petrol leaded","Passenger Vehicles",50,,
,,"Light Commercial Vehicles",7,,
,"Petrol unleaded","Passenger Vehicles",3523,,
,,"Light Commercial Vehicles",357,,
,"LPG/Other gases","Passenger Vehicles",22,,
,,"Light Commercial Vehicles",4,,
,"Dual fuel","Passenger Vehicles",22,,
,,"Light Commercial Vehicles",10,,
,"Other","Passenger Vehicles",511,,
,,"Light Commercial Vehicles",0,,
,"Unknown","Passenger Vehicles",5,,
,,"Light Commercial Vehicles",0,,
"2045","Diesel","Passenger Vehicles",397,,
,,"Light Commercial Vehicles",189,,
,"Electric","Passenger Vehicles",3,,
,,"Light Commercial Vehicles",3,,
,"Petrol leaded","Passenger Vehicles",44,,
,,"Light Commercial Vehicles",6,,
,"Petrol unleaded","Passenger Vehicles",3246,,
,,"Light Commercial Vehicles",162,,
,"LPG/Other gases","Passenger Vehicles",7,,
,,"Light Commercial Vehicles",3,,
,"Dual fuel","Passenger Vehicles",3,,
,,"Light Commercial Vehicles",4,,
,"Other","Passenger Vehicles",32,,
,,"Light Commercial Vehicles",3,,
,"Unknown","Passenger Vehicles",3,,
,,"Light Commercial Vehicles",0,,
"2046","Diesel","Passenger Vehicles",1688,,
,,"Light Commercial Vehicles",847,,
,"Electric","Passenger Vehicles",9,,
,,"Light Commercial Vehicles",0,,
,"Petrol leaded","Passenger Vehicles",132,,
,,"Light Commercial Vehicles",18,,
,"Petrol unleaded","Passenger Vehicles",14043,,
,,"Light Commercial Vehicles",641,,
,"LPG/Other gases","Passenger Vehicles",22,,
,,"Light Commercial Vehicles",18,,
,"Dual fuel","Passenger Vehicles",23,,
,,"Light Commercial Vehicles",24,,
,"Other","Passenger Vehicles",136,,
,,"Light Commercial Vehicles",0,,
,"Unknown","Passenger Vehicles",18,,
,,"Light Commercial Vehicles",3,,
"2047","Diesel","Passenger Vehicles",778,,
,,"Light Commercial Vehicles",305,,
,"Electric","Passenger Vehicles",5,,
,,"Light Commercial Vehicles",0,,
,"Petrol leaded","Passenger Vehicles",74,,
,,"Light Commercial Vehicles",5,,
,"Petrol unleaded","Passenger Vehicles",5903,,
,,"Light Commercial Vehicles",218,,
,"LPG/Other gases","Passenger Vehicles",3,,
,,"Light Commercial Vehicles",5,,
,"Dual fuel","Passenger Vehicles",7,,
,,"Light Commercial Vehicles",13,,
,"Other","Passenger Vehicles",63,,
,,"Light Commercial Vehicles",0,,
,"Unknown","Passenger Vehicles",4,,
,,"Light Commercial Vehicles",0,,
"2048","Diesel","Passenger Vehicles",246,,
,,"Light Commercial Vehicles",220,,
,"Electric","Passenger Vehicles",0,,
,,"Light Commercial Vehicles",0,,
,"Petrol leaded","Passenger Vehicles",34,,
,,"Light Commercial Vehicles",5,,
,"Petrol unleaded","Passenger Vehicles",3162,,
,,"Light Commercial Vehicles",173,,
,"LPG/Other gases","Passenger Vehicles",5,,
,,"Light Commercial Vehicles",5,,
,"Dual fuel","Passenger Vehicles",7,,
,,"Light Commercial Vehicles",3,,
,"Other","Passenger Vehicles",22,,
,,"Light Commercial Vehicles",0,,
,"Unknown","Passenger Vehicles",6,,
,,"Light Commercial Vehicles",0,,
"2049","Diesel","Passenger Vehicles",423,,
,,"Light Commercial Vehicles",243,,
,"Electric","Passenger Vehicles",0,,
,,"Light Commercial Vehicles",0,,
,"Petrol leaded","Passenger Vehicles",34,,
,,"Light Commercial Vehicles",6,,
,"Petrol unleaded","Passenger Vehicles",4952,,
,,"Light Commercial Vehicles",216,,
,"LPG/Other gases","Passenger Vehicles",16,,
,,"Light Commercial Vehicles",4,,
,"Dual fuel","Passenger Vehicles",20,,
,,"Light Commercial Vehicles",10,,
,"Other","Passenger Vehicles",68,,
,,"Light Commercial Vehicles",0,,
,"Unknown","Passenger Vehicles",4,,
,,"Light Commercial Vehicles",0,,
"2050","Diesel","Passenger Vehicles",299,,
,,"Light Commercial Vehicles",163,,
,"Electric","Passenger Vehicles",7,,
,,"Light Commercial Vehicles",0,,
,"Petrol leaded","Passenger Vehicles",14,,
,,"Light Commercial Vehicles",3,,
,"Petrol unleaded","Passenger Vehicles",3443,,
,,"Light Commercial Vehicles",126,,
,"LPG/Other gases","Passenger Vehicles",3,,
,,"Light Commercial Vehicles",4,,
,"Dual fuel","Passenger Vehicles",5,,
,,"Light Commercial Vehicles",8,,
,"Other","Passenger Vehicles",39,,
,,"Light Commercial Vehicles",0,,
,"Unknown","Passenger Vehicles",11,,
,,"Light Commercial Vehicles",0,,
"2052","Diesel","Passenger Vehicles",3,,
,,"Light Commercial Vehicles",0,,
,"Electric","Passenger Vehicles",0,,
,,"Light Commercial Vehicles",0,,
,"Petrol leaded","Passenger Vehicles",0,,
,,"Light Commercial Vehicles",0,,
,"Petrol unleaded","Passenger Vehicles",28,,
,,"Light Commercial Vehicles",5,,
,"LPG/Other gases","Passenger Vehicles",0,,
,,"Light Commercial Vehicles",0,,
,"Dual fuel","Passenger Vehicles",0,,
,,"Light Commercial Vehicles",0,,
,"Other","Passenger Vehicles",0,,
,,"Light Commercial Vehicles",0,,
,"Unknown","Passenger Vehicles",0,,
,,"Light Commercial Vehicles",0,,
"2055","Diesel","Passenger Vehicles",3,,
,,"Light Commercial Vehicles",4,,
,"Electric","Passenger Vehicles",0,,
,,"Light Commercial Vehicles",0,,
,"Petrol leaded","Passenger Vehicles",0,,
,,"Light Commercial Vehicles",0,,
,"Petrol unleaded","Passenger Vehicles",9,,
,,"Light Commercial Vehicles",6,,
,"LPG/Other gases","Passenger Vehicles",0,,
,,"Light Commercial Vehicles",0,,
,"Dual fuel","Passenger Vehicles",0,,
,,"Light Commercial Vehicles",0,,
,"Other","Passenger Vehicles",0,,
,,"Light Commercial Vehicles",0,,
,"Unknown","Passenger Vehicles",0,,
,,"Light Commercial Vehicles",0,,
"2057","Diesel","Passenger Vehicles",9,,
,,"Light Commercial Vehicles",18,,
,"Electric","Passenger Vehicles",0,,
,,"Light Commercial Vehicles",0,,
,"Petrol leaded","Passenger Vehicles",0,,
,,"Light Commercial Vehicles",0,,
,"Petrol unleaded","Passenger Vehicles",43,,
,,"Light Commercial Vehicles",3,,
,"LPG/Other gases","Passenger Vehicles",0,,
,,"Light Commercial Vehicles",0,,
,"Dual fuel","Passenger Vehicles",0,,
,,"Light Commercial Vehicles",0,,
,"Other","Passenger Vehicles",0,,
,,"Light Commercial Vehicles",0,,
,"Unknown","Passenger Vehicles",0,,
,,"Light Commercial Vehicles",0,,
"2059","Diesel","Passenger Vehicles",14,,
,,"Light Commercial Vehicles",30,,
,"Electric","Passenger Vehicles",0,,
,,"Light Commercial Vehicles",0,,
,"Petrol leaded","Passenger Vehicles",0,,
,,"Light Commercial Vehicles",0,,
,"Petrol unleaded","Passenger Vehicles",42,,
,,"Light Commercial Vehicles",18,,
,"LPG/Other gases","Passenger Vehicles",0,,
,,"Light Commercial Vehicles",0,,
,"Dual fuel","Passenger Vehicles",0,,
,,"Light Commercial Vehicles",0,,
,"Other","Passenger Vehicles",4,,
,,"Light Commercial Vehicles",0,,
,"Unknown","Passenger Vehicles",0,,
,,"Light Commercial Vehicles",0,,
"2060","Diesel","Passenger Vehicles",1208,,
,,"Light Commercial Vehicles",1039,,
,"Electric","Passenger Vehicles",16,,
,,"Light Commercial Vehicles",0,,
,"Petrol leaded","Passenger Vehicles",73,,
,,"Light Commercial Vehicles",5,,
,"Petrol unleaded","Passenger Vehicles",7606,,
,,"Light Commercial Vehicles",246,,
,"LPG/Other gases","Passenger Vehicles",22,,
,,"Light Commercial Vehicles",4,,
,"Dual fuel","Passenger Vehicles",15,,
,,"Light Commercial Vehicles",8,,
,"Other","Passenger Vehicles",145,,
,,"Light Commercial Vehicles",0,,
,"Unknown","Passenger Vehicles",16,,
,,"Light Commercial Vehicles",0,,
"2061","Diesel","Passenger Vehicles",408,,
,,"Light Commercial Vehicles",57,,
,"Electric","Passenger Vehicles",5,,
,,"Light Commercial Vehicles",0,,
,"Petrol leaded","Passenger Vehicles",23,,
,,"Light Commercial Vehicles",3,,
,"Petrol unleaded","Passenger Vehicles",2596,,
,,"Light Commercial Vehicles",60,,
,"LPG/Other gases","Passenger Vehicles",0,,
,,"Light Commercial Vehicles",3,,
,"Dual fuel","Passenger Vehicles",3,,
,,"Light Commercial Vehicles",3,,
,"Other","Passenger Vehicles",44,,
,,"Light Commercial Vehicles",0,,
,"Unknown","Passenger Vehicles",7,,
,,"Light Commercial Vehicles",0,,
"2062","Diesel","Passenger Vehicles",424,,
,,"Light Commercial Vehicles",95,,
,"Electric","Passenger Vehicles",8,,
,,"Light Commercial Vehicles",0,,
,"Petrol leaded","Passenger Vehicles",28,,
,,"Light Commercial Vehicles",3,,
,"Petrol unleaded","Passenger Vehicles",3324,,
,,"Light Commercial Vehicles",59,,
,"LPG/Other gases","Passenger Vehicles",0,,
,,"Light Commercial Vehicles",0,,
,"Dual fuel","Passenger Vehicles",3,,
,,"Light Commercial Vehicles",3,,
,"Other","Passenger Vehicles",37,,
,,"Light Commercial Vehicles",0,,
,"Unknown","Passenger Vehicles",3,,
,,"Light Commercial Vehicles",0,,
"2063","Diesel","Passenger Vehicles",610,,
,,"Light Commercial Vehicles",94,,
,"Electric","Passenger Vehicles",5,,
,,"Light Commercial Vehicles",0,,
,"Petrol leaded","Passenger Vehicles",43,,
,,"Light Commercial Vehicles",3,,
,"Petrol unleaded","Passenger Vehicles",3048,,
,,"Light Commercial Vehicles",74,,
,"LPG/Other gases","Passenger Vehicles",3,,
,,"Light Commercial Vehicles",0,,
,"Dual fuel","Passenger Vehicles",7,,
,,"Light Commercial Vehicles",3,,
,"Other","Passenger Vehicles",57,,
,,"Light Commercial Vehicles",0,,
,"Unknown","Passenger Vehicles",11,,
,,"Light Commercial Vehicles",0,,
"2064","Diesel","Passenger Vehicles",1131,,
,,"Light Commercial Vehicles",703,,
,"Electric","Passenger Vehicles",5,,
,,"Light Commercial Vehicles",0,,
,"Petrol leaded","Passenger Vehicles",29,,
,,"Light Commercial Vehicles",3,,
,"Petrol unleaded","Passenger Vehicles",6498,,
,,"Light Commercial Vehicles",408,,
,"LPG/Other gases","Passenger Vehicles",16,,
,,"Light Commercial Vehicles",6,,
,"Dual fuel","Passenger Vehicles",19,,
,,"Light Commercial Vehicles",12,,
,"Other","Passenger Vehicles",107,,
,,"Light Commercial Vehicles",0,,
,"Unknown","Passenger Vehicles",15,,
,,"Light Commercial Vehicles",0,,
"2065","Diesel","Passenger Vehicles",2111,,
,,"Light Commercial Vehicles",1529,,
,"Electric","Passenger Vehicles",80,,
,,"Light Commercial Vehicles",0,,
,"Petrol leaded","Passenger Vehicles",82,,
,,"Light Commercial Vehicles",13,,
,"Petrol unleaded","Passenger Vehicles",15139,,
,,"Light Commercial Vehicles",413,,
,"LPG/Other gases","Passenger Vehicles",22,,
,,"Light Commercial Vehicles",9,,
,"Dual fuel","Passenger Vehicles",33,,
,,"Light Commercial Vehicles",15,,
,"Other","Passenger Vehicles",237,,
,,"Light Commercial Vehicles",0,,
,"Unknown","Passenger Vehicles",15,,
,,"Light Commercial Vehicles",0,,
"2066","Diesel","Passenger Vehicles",2085,,
,,"Light Commercial Vehicles",904,,
,"Electric","Passenger Vehicles",31,,
,,"Light Commercial Vehicles",0,,
,"Petrol leaded","Passenger Vehicles",141,,
,,"Light Commercial Vehicles",11,,
,"Petrol unleaded","Passenger Vehicles",15880,,
,,"Light Commercial Vehicles",534,,
,"LPG/Other gases","Passenger Vehicles",16,,
,,"Light Commercial Vehicles",6,,
,"Dual fuel","Passenger Vehicles",22,,
,,"Light Commercial Vehicles",15,,
,"Other","Passenger Vehicles",261,,
,,"Light Commercial Vehicles",0,,
,"Unknown","Passenger Vehicles",18,,
,,"Light Commercial Vehicles",0,,
"2067","Diesel","Passenger Vehicles",1806,,
,,"Light Commercial Vehicles",1235,,
,"Electric","Passenger Vehicles",17,,
,,"Light Commercial Vehicles",0,,
,"Petrol leaded","Passenger Vehicles",71,,
,,"Light Commercial Vehicles",13,,
,"Petrol unleaded","Passenger Vehicles",12027,,
,,"Light Commercial Vehicles",442,,
,"LPG/Other gases","Passenger Vehicles",22,,
,,"Light Commercial Vehicles",12,,
,"Dual fuel","Passenger Vehicles",23,,
,,"Light Commercial Vehicles",10,,
,"Other","Passenger Vehicles",263,,
,,"Light Commercial Vehicles",0,,
,"Unknown","Passenger Vehicles",30,,
,,"Light Commercial Vehicles",0,,
"2068","Diesel","Passenger Vehicles",1280,,
,,"Light Commercial Vehicles",335,,
,"Electric","Passenger Vehicles",17,,
,,"Light Commercial Vehicles",0,,
,"Petrol leaded","Passenger Vehicles",76,,
,,"Light Commercial Vehicles",20,,
,"Petrol unleaded","Passenger Vehicles",8102,,
,,"Light Commercial Vehicles",262,,
,"LPG/Other gases","Passenger Vehicles",14,,
,,"Light Commercial Vehicles",3,,
,"Dual fuel","Passenger Vehicles",21,,
,,"Light Commercial Vehicles",11,,
,"Other","Passenger Vehicles",98,,
,,"Light Commercial Vehicles",0,,
,"Unknown","Passenger Vehicles",11,,
,,"Light Commercial Vehicles",3,,
"2069","Diesel","Passenger Vehicles",1227,,
,,"Light Commercial Vehicles",276,,
,"Electric","Passenger Vehicles",18,,
,,"Light Commercial Vehicles",0,,
,"Petrol leaded","Passenger Vehicles",70,,
,,"Light Commercial Vehicles",10,,
,"Petrol unleaded","Passenger Vehicles",7060,,
,,"Light Commercial Vehicles",178,,
,"LPG/Other gases","Passenger Vehicles",11,,
,,"Light Commercial Vehicles",3,,
,"Dual fuel","Passenger Vehicles",5,,
,,"Light Commercial Vehicles",5,,
,"Other","Passenger Vehicles",119,,
,,"Light Commercial Vehicles",3,,
,"Unknown","Passenger Vehicles",18,,
,,"Light Commercial Vehicles",0,,
"2070","Diesel","Passenger Vehicles",1136,,
,,"Light Commercial Vehicles",200,,
,"Electric","Passenger Vehicles",12,,
,,"Light Commercial Vehicles",0,,
,"Petrol leaded","Passenger Vehicles",54,,
,,"Light Commercial Vehicles",3,,
,"Petrol unleaded","Passenger Vehicles",6941,,
,,"Light Commercial Vehicles",136,,
,"LPG/Other gases","Passenger Vehicles",4,,
,,"Light Commercial Vehicles",0,,
,"Dual fuel","Passenger Vehicles",17,,
,,"Light Commercial Vehicles",4,,
,"Other","Passenger Vehicles",103,,
,,"Light Commercial Vehicles",0,,
,"Unknown","Passenger Vehicles",8,,
,,"Light Commercial Vehicles",0,,
"2071","Diesel","Passenger Vehicles",1104,,
,,"Light Commercial Vehicles",167,,
,"Electric","Passenger Vehicles",23,,
,,"Light Commercial Vehicles",0,,
,"Petrol leaded","Passenger Vehicles",42,,
,,"Light Commercial Vehicles",0,,
,"Petrol unleaded","Passenger Vehicles",6884,,
,,"Light Commercial Vehicles",134,,
,"LPG/Other gases","Passenger Vehicles",10,,
,,"Light Commercial Vehicles",3,,
,"Dual fuel","Passenger Vehicles",13,,
,,"Light Commercial Vehicles",3,,
,"Other","Passenger Vehicles",147,,
,,"Light Commercial Vehicles",0,,
,"Unknown","Passenger Vehicles",11,,
,,"Light Commercial Vehicles",0,,
"2072","Diesel","Passenger Vehicles",650,,
,,"Light Commercial Vehicles",156,,
,"Electric","Passenger Vehicles",5,,
,,"Light Commercial Vehicles",0,,
,"Petrol leaded","Passenger Vehicles",23,,
,,"Light Commercial Vehicles",0,,
,"Petrol unleaded","Passenger Vehicles",4125,,
,,"Light Commercial Vehicles",71,,
,"LPG/Other gases","Passenger Vehicles",3,,
,,"Light Commercial Vehicles",5,,
,"Dual fuel","Passenger Vehicles",13,,
,,"Light Commercial Vehicles",0,,
,"Other","Passenger Vehicles",86,,
,,"Light Commercial Vehicles",0,,
,"Unknown","Passenger Vehicles",4,,
,,"Light Commercial Vehicles",0,,
"2073","Diesel","Passenger Vehicles",1839,,
,,"Light Commercial Vehicles",561,,
,"Electric","Passenger Vehicles",40,,
,,"Light Commercial Vehicles",0,,
,"Petrol leaded","Passenger Vehicles",67,,
,,"Light Commercial Vehicles",7,,
,"Petrol unleaded","Passenger Vehicles",9710,,
,,"Light Commercial Vehicles",286,,
,"LPG/Other gases","Passenger Vehicles",3,,
,,"Light Commercial Vehicles",3,,
,"Dual fuel","Passenger Vehicles",128,,
,,"Light Commercial Vehicles",6,,
,"Other","Passenger Vehicles",218,,
,,"Light Commercial Vehicles",0,,
,"Unknown","Passenger Vehicles",20,,
,,"Light Commercial Vehicles",0,,
"2074","Diesel","Passenger Vehicles",1860,,
,,"Light Commercial Vehicles",436,,
,"Electric","Passenger Vehicles",10,,
,,"Light Commercial Vehicles",0,,
,"Petrol leaded","Passenger Vehicles",119,,
,,"Light Commercial Vehicles",7,,
,"Petrol unleaded","Passenger Vehicles",11732,,
,,"Light Commercial Vehicles",265,,
,"LPG/Other gases","Passenger Vehicles",6,,
,,"Light Commercial Vehicles",5,,
,"Dual fuel","Passenger Vehicles",22,,
,,"Light Commercial Vehicles",16,,
,"Other","Passenger Vehicles",179,,
,,"Light Commercial Vehicles",3,,
,"Unknown","Passenger Vehicles",22,,
,,"Light Commercial Vehicles",3,,
"2075","Diesel","Passenger Vehicles",1723,,
,,"Light Commercial Vehicles",385,,
,"Electric","Passenger Vehicles",20,,
,,"Light Commercial Vehicles",0,,
,"Petrol leaded","Passenger Vehicles",88,,
,,"Light Commercial Vehicles",9,,
,"Petrol unleaded","Passenger Vehicles",11317,,
,,"Light Commercial Vehicles",232,,
,"LPG/Other gases","Passenger Vehicles",15,,
,,"Light Commercial Vehicles",7,,
,"Dual fuel","Passenger Vehicles",14,,
,,"Light Commercial Vehicles",15,,
,"Other","Passenger Vehicles",190,,
,,"Light Commercial Vehicles",0,,
,"Unknown","Passenger Vehicles",14,,
,,"Light Commercial Vehicles",0,,
"2076","Diesel","Passenger Vehicles",1923,,
,,"Light Commercial Vehicles",497,,
,"Electric","Passenger Vehicles",17,,
,,"Light Commercial Vehicles",0,,
,"Petrol leaded","Passenger Vehicles",135,,
,,"Light Commercial Vehicles",19,,
,"Petrol unleaded","Passenger Vehicles",12326,,
,,"Light Commercial Vehicles",324,,
,"LPG/Other gases","Passenger Vehicles",23,,
,,"Light Commercial Vehicles",4,,
,"Dual fuel","Passenger Vehicles",32,,
,,"Light Commercial Vehicles",11,,
,"Other","Passenger Vehicles",161,,
,,"Light Commercial Vehicles",0,,
,"Unknown","Passenger Vehicles",23,,
,,"Light Commercial Vehicles",3,,
"2077","Diesel","Passenger Vehicles",1737,,
,,"Light Commercial Vehicles",1245,,
,"Electric","Passenger Vehicles",13,,
,,"Light Commercial Vehicles",0,,
,"Petrol leaded","Passenger Vehicles",121,,
,,"Light Commercial Vehicles",27,,
,"Petrol unleaded","Passenger Vehicles",18146,,
,,"Light Commercial Vehicles",732,,
,"LPG/Other gases","Passenger Vehicles",32,,
,,"Light Commercial Vehicles",20,,
,"Dual fuel","Passenger Vehicles",56,,
,,"Light Commercial Vehicles",27,,
,"Other","Passenger Vehicles",190,,
,,"Light Commercial Vehicles",0,,
,"Unknown","Passenger Vehicles",26,,
,,"Light Commercial Vehicles",0,,
"2079","Diesel","Passenger Vehicles",436,,
,,"Light Commercial Vehicles",348,,
,"Electric","Passenger Vehicles",3,,
,,"Light Commercial Vehicles",0,,
,"Petrol leaded","Passenger Vehicles",52,,
,,"Light Commercial Vehicles",3,,
,"Petrol unleaded","Passenger Vehicles",3913,,
,,"Light Commercial Vehicles",205,,
,"LPG/Other gases","Passenger Vehicles",6,,
,,"Light Commercial Vehicles",3,,
,"Dual fuel","Passenger Vehicles",13,,
,,"Light Commercial Vehicles",4,,
,"Other","Passenger Vehicles",31,,
,,"Light Commercial Vehicles",0,,
,"Unknown","Passenger Vehicles",4,,
,,"Light Commercial Vehicles",0,,
"2080","Diesel","Passenger Vehicles",203,,
,,"Light Commercial Vehicles",507,,
,"Electric","Passenger Vehicles",0,,
,,"Light Commercial Vehicles",0,,
,"Petrol leaded","Passenger Vehicles",16,,
,,"Light Commercial Vehicles",3,,
,"Petrol unleaded","Passenger Vehicles",979,,
,,"Light Commercial Vehicles",112,,
,"LPG/Other gases","Passenger Vehicles",3,,
,,"Light Commercial Vehicles",4,,
,"Dual fuel","Passenger Vehicles",8,,
,,"Light Commercial Vehicles",5,,
,"Other","Passenger Vehicles",10,,
,,"Light Commercial Vehicles",0,,
,"Unknown","Passenger Vehicles",0,,
,,"Light Commercial Vehicles",3,,
"2081","Diesel","Passenger Vehicles",421,,
,,"Light Commercial Vehicles",249,,
,"Electric","Passenger Vehicles",0,,
,,"Light Commercial Vehicles",0,,
,"Petrol leaded","Passenger Vehicles",22,,
,,"Light Commercial Vehicles",5,,
,"Petrol unleaded","Passenger Vehicles",2677,,
,,"Light Commercial Vehicles",105,,
,"LPG/Other gases","Passenger Vehicles",6,,
,,"Light Commercial Vehicles",5,,
,"Dual fuel","Passenger Vehicles",7,,
,,"Light Commercial Vehicles",3,,
,"Other","Passenger Vehicles",21,,
,,"Light Commercial Vehicles",0,,
,"Unknown","Passenger Vehicles",0,,
,,"Light Commercial Vehicles",0,,
"2082","Diesel","Passenger Vehicles",392,,
,,"Light Commercial Vehicles",236,,
,"Electric","Passenger Vehicles",0,,
,,"Light Commercial Vehicles",0,,
,"Petrol leaded","Passenger Vehicles",46,,
,,"Light Commercial Vehicles",3,,
,"Petrol unleaded","Passenger Vehicles",2627,,
,,"Light Commercial Vehicles",139,,
,"LPG/Other gases","Passenger Vehicles",6,,
,,"Light Commercial Vehicles",5,,
,"Dual fuel","Passenger Vehicles",12,,
,,"Light Commercial Vehicles",11,,
,"Other","Passenger Vehicles",15,,
,,"Light Commercial Vehicles",3,,
,"Unknown","Passenger Vehicles",5,,
,,"Light Commercial Vehicles",0,,
"2083","Diesel","Passenger Vehicles",151,,
,,"Light Commercial Vehicles",147,,
,"Electric","Passenger Vehicles",0,,
,,"Light Commercial Vehicles",0,,
,"Petrol leaded","Passenger Vehicles",12,,
,,"Light Commercial Vehicles",0,,
,"Petrol unleaded","Passenger Vehicles",787,,
,,"Light Commercial Vehicles",80,,
,"LPG/Other gases","Passenger Vehicles",3,,
,,"Light Commercial Vehicles",5,,
,"Dual fuel","Passenger Vehicles",3,,
,,"Light Commercial Vehicles",3,,
,"Other","Passenger Vehicles",10,,
,,"Light Commercial Vehicles",0,,
,"Unknown","Passenger Vehicles",0,,
,,"Light Commercial Vehicles",3,,
"2084","Diesel","Passenger Vehicles",476,,
,,"Light Commercial Vehicles",412,,
,"Electric","Passenger Vehicles",7,,
,,"Light Commercial Vehicles",0,,
,"Petrol leaded","Passenger Vehicles",35,,
,,"Light Commercial Vehicles",14,,
,"Petrol unleaded","Passenger Vehicles",1984,,
,,"Light Commercial Vehicles",204,,
,"LPG/Other gases","Passenger Vehicles",9,,
,,"Light Commercial Vehicles",4,,
,"Dual fuel","Passenger Vehicles",20,,
,,"Light Commercial Vehicles",13,,
,"Other","Passenger Vehicles",22,,
,,"Light Commercial Vehicles",0,,
,"Unknown","Passenger Vehicles",3,,
,,"Light Commercial Vehicles",0,,
"2085","Diesel","Passenger Vehicles",911,,
,,"Light Commercial Vehicles",610,,
,"Electric","Passenger Vehicles",14,,
,,"Light Commercial Vehicles",0,,
,"Petrol leaded","Passenger Vehicles",60,,
,,"Light Commercial Vehicles",10,,
,"Petrol unleaded","Passenger Vehicles",6609,,
,,"Light Commercial Vehicles",286,,
,"LPG/Other gases","Passenger Vehicles",17,,
,,"Light Commercial Vehicles",6,,
,"Dual fuel","Passenger Vehicles",23,,
,,"Light Commercial Vehicles",12,,
,"Other","Passenger Vehicles",69,,
,,"Light Commercial Vehicles",0,,
,"Unknown","Passenger Vehicles",6,,
,,"Light Commercial Vehicles",3,,
"2086","Diesel","Passenger Vehicles",999,,
,,"Light Commercial Vehicles",662,,
,"Electric","Passenger Vehicles",5,,
,,"Light Commercial Vehicles",0,,
,"Petrol leaded","Passenger Vehicles",66,,
,,"Light Commercial Vehicles",8,,
,"Petrol unleaded","Passenger Vehicles",7187,,
,,"Light Commercial Vehicles",332,,
,"LPG/Other gases","Passenger Vehicles",14,,
,,"Light Commercial Vehicles",12,,
,"Dual fuel","Passenger Vehicles",25,,
,,"Light Commercial Vehicles",9,,
,"Other","Passenger Vehicles",60,,
,,"Light Commercial Vehicles",0,,
,"Unknown","Passenger Vehicles",14,,
,,"Light Commercial Vehicles",3,,
"2087","Diesel","Passenger Vehicles",890,,
,,"Light Commercial Vehicles",359,,
,"Electric","Passenger Vehicles",5,,
,,"Light Commercial Vehicles",0,,
,"Petrol leaded","Passenger Vehicles",67,,
,,"Light Commercial Vehicles",17,,
,"Petrol unleaded","Passenger Vehicles",6552,,
,,"Light Commercial Vehicles",297,,
,"LPG/Other gases","Passenger Vehicles",13,,
,,"Light Commercial Vehicles",5,,
,"Dual fuel","Passenger Vehicles",31,,
,,"Light Commercial Vehicles",8,,
,"Other","Passenger Vehicles",66,,
,,"Light Commercial Vehicles",3,,
,"Unknown","Passenger Vehicles",12,,
,,"Light Commercial Vehicles",0,,
"2088","Diesel","Passenger Vehicles",2687,,
,,"Light Commercial Vehicles",424,,
,"Electric","Passenger Vehicles",41,,
,,"Light Commercial Vehicles",0,,
,"Petrol leaded","Passenger Vehicles",167,,
,,"Light Commercial Vehicles",10,,
,"Petrol unleaded","Passenger Vehicles",14551,,
,,"Light Commercial Vehicles",265,,
,"LPG/Other gases","Passenger Vehicles",14,,
,,"Light Commercial Vehicles",9,,
,"Dual fuel","Passenger Vehicles",23,,
,,"Light Commercial Vehicles",11,,
,"Other","Passenger Vehicles",170,,
,,"Light Commercial Vehicles",0,,
,"Unknown","Passenger Vehicles",35,,
,,"Light Commercial Vehicles",0,,
"2089","Diesel","Passenger Vehicles",719,,
,,"Light Commercial Vehicles",198,,
,"Electric","Passenger Vehicles",5,,
,,"Light Commercial Vehicles",0,,
,"Petrol leaded","Passenger Vehicles",46,,
,,"Light Commercial Vehicles",4,,
,"Petrol unleaded","Passenger Vehicles",5481,,
,,"Light Commercial Vehicles",127,,
,"LPG/Other gases","Passenger Vehicles",3,,
,,"Light Commercial Vehicles",0,,
,"Dual fuel","Passenger Vehicles",11,,
,,"Light Commercial Vehicles",3,,
,"Other","Passenger Vehicles",65,,
,,"Light Commercial Vehicles",0,,
,"Unknown","Passenger Vehicles",8,,
,,"Light Commercial Vehicles",0,,
"2090","Diesel","Passenger Vehicles",778,,
,,"Light Commercial Vehicles",173,,
,"Electric","Passenger Vehicles",11,,
,,"Light Commercial Vehicles",0,,
,"Petrol leaded","Passenger Vehicles",51,,
,,"Light Commercial Vehicles",3,,
,"Petrol unleaded","Passenger Vehicles",6233,,
,,"Light Commercial Vehicles",127,,
,"LPG/Other gases","Passenger Vehicles",6,,
,,"Light Commercial Vehicles",3,,
,"Dual fuel","Passenger Vehicles",8,,
,,"Light Commercial Vehicles",6,,
,"Other","Passenger Vehicles",77,,
,,"Light Commercial Vehicles",0,,
,"Unknown","Passenger Vehicles",11,,
,,"Light Commercial Vehicles",0,,
"2092","Diesel","Passenger Vehicles",681,,
,,"Light Commercial Vehicles",196,,
,"Electric","Passenger Vehicles",8,,
,,"Light Commercial Vehicles",0,,
,"Petrol leaded","Passenger Vehicles",40,,
,,"Light Commercial Vehicles",9,,
,"Petrol unleaded","Passenger Vehicles",3544,,
,,"Light Commercial Vehicles",123,,
,"LPG/Other gases","Passenger Vehicles",0,,
,,"Light Commercial Vehicles",5,,
,"Dual fuel","Passenger Vehicles",14,,
,,"Light Commercial Vehicles",3,,
,"Other","Passenger Vehicles",38,,
,,"Light Commercial Vehicles",0,,
,"Unknown","Passenger Vehicles",7,,
,,"Light Commercial Vehicles",0,,
"2093","Diesel","Passenger Vehicles",1726,,
,,"Light Commercial Vehicles",701,,
,"Electric","Passenger Vehicles",19,,
,,"Light Commercial Vehicles",0,,
,"Petrol leaded","Passenger Vehicles",112,,
,,"Light Commercial Vehicles",16,,
,"Petrol unleaded","Passenger Vehicles",10895,,
,,"Light Commercial Vehicles",546,,
,"LPG/Other gases","Passenger Vehicles",16,,
,,"Light Commercial Vehicles",5,,
,"Dual fuel","Passenger Vehicles",20,,
,,"Light Commercial Vehicles",19,,
,"Other","Passenger Vehicles",80,,
,,"Light Commercial Vehicles",0,,
,"Unknown","Passenger Vehicles",19,,
,,"Light Commercial Vehicles",0,,
"2094","Diesel","Passenger Vehicles",426,,
,,"Light Commercial Vehicles",141,,
,"Electric","Passenger Vehicles",5,,
,,"Light Commercial Vehicles",0,,
,"Petrol leaded","Passenger Vehicles",22,,
,,"Light Commercial Vehicles",4,,
,"Petrol unleaded","Passenger Vehicles",2769,,
,,"Light Commercial Vehicles",94,,
,"LPG/Other gases","Passenger Vehicles",3,,
,,"Light Commercial Vehicles",0,,
,"Dual fuel","Passenger Vehicles",4,,
,,"Light Commercial Vehicles",3,,
,"Other","Passenger Vehicles",14,,
,,"Light Commercial Vehicles",0,,
,"Unknown","Passenger Vehicles",4,,
,,"Light Commercial Vehicles",0,,
"2095","Diesel","Passenger Vehicles",1117,,
,,"Light Commercial Vehicles",388,,
,"Electric","Passenger Vehicles",20,,
,,"Light Commercial Vehicles",0,,
,"Petrol leaded","Passenger Vehicles",52,,
,,"Light Commercial Vehicles",10,,
,"Petrol unleaded","Passenger Vehicles",6665,,
,,"Light Commercial Vehicles",289,,
,"LPG/Other gases","Passenger Vehicles",13,,
,,"Light Commercial Vehicles",4,,
,"Dual fuel","Passenger Vehicles",10,,
,,"Light Commercial Vehicles",9,,
,"Other","Passenger Vehicles",73,,
,,"Light Commercial Vehicles",0,,
,"Unknown","Passenger Vehicles",25,,
,,"Light Commercial Vehicles",3,,
"2096","Diesel","Passenger Vehicles",1070,,
,,"Light Commercial Vehicles",633,,
,"Electric","Passenger Vehicles",11,,
,,"Light Commercial Vehicles",0,,
,"Petrol leaded","Passenger Vehicles",63,,
,,"Light Commercial Vehicles",22,,
,"Petrol unleaded","Passenger Vehicles",6763,,
,,"Light Commercial Vehicles",381,,
,"LPG/Other gases","Passenger Vehicles",5,,
,,"Light Commercial Vehicles",3,,
,"Dual fuel","Passenger Vehicles",20,,
,,"Light Commercial Vehicles",16,,
,"Other","Passenger Vehicles",40,,
,,"Light Commercial Vehicles",0,,
,"Unknown","Passenger Vehicles",15,,
,,"Light Commercial Vehicles",0,,
"2097","Diesel","Passenger Vehicles",1113,,
,,"Light Commercial Vehicles",808,,
,"Electric","Passenger Vehicles",5,,
,,"Light Commercial Vehicles",0,,
,"Petrol leaded","Passenger Vehicles",87,,
,,"Light Commercial Vehicles",12,,
,"Petrol unleaded","Passenger Vehicles",7837,,
,,"Light Commercial Vehicles",486,,
,"LPG/Other gases","Passenger Vehicles",12,,
,,"Light Commercial Vehicles",10,,
,"Dual fuel","Passenger Vehicles",26,,
,,"Light Commercial Vehicles",13,,
,"Other","Passenger Vehicles",29,,
,,"Light Commercial Vehicles",0,,
,"Unknown","Passenger Vehicles",21,,
,,"Light Commercial Vehicles",0,,
"2099","Diesel","Passenger Vehicles",2210,,
,,"Light Commercial Vehicles",1850,,
,"Electric","Passenger Vehicles",7,,
,,"Light Commercial Vehicles",0,,
,"Petrol leaded","Passenger Vehicles",183,,
,,"Light Commercial Vehicles",35,,
,"Petrol unleaded","Passenger Vehicles",19821,,
,,"Light Commercial Vehicles",1286,,
,"LPG/Other gases","Passenger Vehicles",38,,
,,"Light Commercial Vehicles",22,,
,"Dual fuel","Passenger Vehicles",55,,
,,"Light Commercial Vehicles",41,,
,"Other","Passenger Vehicles",152,,
,,"Light Commercial Vehicles",0,,
,"Unknown","Passenger Vehicles",33,,
,,"Light Commercial Vehicles",4,,
"2100","Diesel","Passenger Vehicles",1855,,
,,"Light Commercial Vehicles",1628,,
,"Electric","Passenger Vehicles",5,,
,,"Light Commercial Vehicles",0,,
,"Petrol leaded","Passenger Vehicles",147,,
,,"Light Commercial Vehicles",21,,
,"Petrol unleaded","Passenger Vehicles",12450,,
,,"Light Commercial Vehicles",1051,,
,"LPG/Other gases","Passenger Vehicles",31,,
,,"Light Commercial Vehicles",19,,
,"Dual fuel","Passenger Vehicles",57,,
,,"Light Commercial Vehicles",46,,
,"Other","Passenger Vehicles",116,,
,,"Light Commercial Vehicles",0,,
,"Unknown","Passenger Vehicles",59,,
,,"Light Commercial Vehicles",6,,
"2101","Diesel","Passenger Vehicles",1441,,
,,"Light Commercial Vehicles",1202,,
,"Electric","Passenger Vehicles",9,,
,,"Light Commercial Vehicles",0,,
,"Petrol leaded","Passenger Vehicles",119,,
,,"Light Commercial Vehicles",44,,
,"Petrol unleaded","Passenger Vehicles",9796,,
,,"Light Commercial Vehicles",862,,
,"LPG/Other gases","Passenger Vehicles",15,,
,,"Light Commercial Vehicles",15,,
,"Dual fuel","Passenger Vehicles",38,,
,,"Light Commercial Vehicles",32,,
,"Other","Passenger Vehicles",61,,
,,"Light Commercial Vehicles",0,,
,"Unknown","Passenger Vehicles",10,,
,,"Light Commercial Vehicles",0,,
"2102","Diesel","Passenger Vehicles",661,,
,,"Light Commercial Vehicles",667,,
,"Electric","Passenger Vehicles",0,,
,,"Light Commercial Vehicles",0,,
,"Petrol leaded","Passenger Vehicles",44,,
,,"Light Commercial Vehicles",9,,
,"Petrol unleaded","Passenger Vehicles",4065,,
,,"Light Commercial Vehicles",330,,
,"LPG/Other gases","Passenger Vehicles",3,,
,,"Light Commercial Vehicles",9,,
,"Dual fuel","Passenger Vehicles",16,,
,,"Light Commercial Vehicles",5,,
,"Other","Passenger Vehicles",29,,
,,"Light Commercial Vehicles",0,,
,"Unknown","Passenger Vehicles",3,,
,,"Light Commercial Vehicles",0,,
"2103","Diesel","Passenger Vehicles",999,,
,,"Light Commercial Vehicles",849,,
,"Electric","Passenger Vehicles",6,,
,,"Light Commercial Vehicles",0,,
,"Petrol leaded","Passenger Vehicles",82,,
,,"Light Commercial Vehicles",12,,
,"Petrol unleaded","Passenger Vehicles",5973,,
,,"Light Commercial Vehicles",465,,
,"LPG/Other gases","Passenger Vehicles",8,,
,,"Light Commercial Vehicles",8,,
,"Dual fuel","Passenger Vehicles",22,,
,,"Light Commercial Vehicles",13,,
,"Other","Passenger Vehicles",47,,
,,"Light Commercial Vehicles",0,,
,"Unknown","Passenger Vehicles",13,,
,,"Light Commercial Vehicles",3,,
"2104","Diesel","Passenger Vehicles",436,,
,,"Light Commercial Vehicles",217,,
,"Electric","Passenger Vehicles",3,,
,,"Light Commercial Vehicles",0,,
,"Petrol leaded","Passenger Vehicles",43,,
,,"Light Commercial Vehicles",3,,
,"Petrol unleaded","Passenger Vehicles",2146,,
,,"Light Commercial Vehicles",104,,
,"LPG/Other gases","Passenger Vehicles",3,,
,,"Light Commercial Vehicles",0,,
,"Dual fuel","Passenger Vehicles",13,,
,,"Light Commercial Vehicles",6,,
,"Other","Passenger Vehicles",20,,
,,"Light Commercial Vehicles",0,,
,"Unknown","Passenger Vehicles",5,,
,,"Light Commercial Vehicles",0,,
"2105","Diesel","Passenger Vehicles",212,,
,,"Light Commercial Vehicles",120,,
,"Electric","Passenger Vehicles",3,,
,,"Light Commercial Vehicles",0,,
,"Petrol leaded","Passenger Vehicles",20,,
,,"Light Commercial Vehicles",3,,
,"Petrol unleaded","Passenger Vehicles",1097,,
,,"Light Commercial Vehicles",69,,
,"LPG/Other gases","Passenger Vehicles",0,,
,,"Light Commercial Vehicles",3,,
,"Dual fuel","Passenger Vehicles",4,,
,,"Light Commercial Vehicles",3,,
,"Other","Passenger Vehicles",11,,
,,"Light Commercial Vehicles",0,,
,"Unknown","Passenger Vehicles",3,,
,,"Light Commercial Vehicles",0,,
"2106","Diesel","Passenger Vehicles",946,,
,,"Light Commercial Vehicles",557,,
,"Electric","Passenger Vehicles",3,,
,,"Light Commercial Vehicles",0,,
,"Petrol leaded","Passenger Vehicles",72,,
,,"Light Commercial Vehicles",17,,
,"Petrol unleaded","Passenger Vehicles",5115,,
,,"Light Commercial Vehicles",355,,
,"LPG/Other gases","Passenger Vehicles",12,,
,,"Light Commercial Vehicles",5,,
,"Dual fuel","Passenger Vehicles",9,,
,,"Light Commercial Vehicles",14,,
,"Other","Passenger Vehicles",47,,
,,"Light Commercial Vehicles",0,,
,"Unknown","Passenger Vehicles",7,,
,,"Light Commercial Vehicles",3,,
"2107","Diesel","Passenger Vehicles",1700,,
,,"Light Commercial Vehicles",926,,
,"Electric","Passenger Vehicles",12,,
,,"Light Commercial Vehicles",0,,
,"Petrol leaded","Passenger Vehicles",115,,
,,"Light Commercial Vehicles",27,,
,"Petrol unleaded","Passenger Vehicles",8081,,
,,"Light Commercial Vehicles",519,,
,"LPG/Other gases","Passenger Vehicles",7,,
,,"Light Commercial Vehicles",27,,
,"Dual fuel","Passenger Vehicles",34,,
,,"Light Commercial Vehicles",14,,
,"Other","Passenger Vehicles",61,,
,,"Light Commercial Vehicles",0,,
,"Unknown","Passenger Vehicles",10,,
,,"Light Commercial Vehicles",0,,
"2108","Diesel","Passenger Vehicles",248,,
,,"Light Commercial Vehicles",64,,
,"Electric","Passenger Vehicles",3,,
,,"Light Commercial Vehicles",0,,
,"Petrol leaded","Passenger Vehicles",34,,
,,"Light Commercial Vehicles",12,,
,"Petrol unleaded","Passenger Vehicles",994,,
,,"Light Commercial Vehicles",54,,
,"LPG/Other gases","Passenger Vehicles",3,,
,,"Light Commercial Vehicles",0,,
,"Dual fuel","Passenger Vehicles",3,,
,,"Light Commercial Vehicles",3,,
,"Other","Passenger Vehicles",13,,
,,"Light Commercial Vehicles",0,,
,"Unknown","Passenger Vehicles",3,,
,,"Light Commercial Vehicles",0,,
"2109","Diesel","Passenger Vehicles",3,,
,,"Light Commercial Vehicles",14,,
,"Electric","Passenger Vehicles",3,,
,,"Light Commercial Vehicles",0,,
,"Petrol leaded","Passenger Vehicles",0,,
,,"Light Commercial Vehicles",0,,
,"Petrol unleaded","Passenger Vehicles",20,,
,,"Light Commercial Vehicles",11,,
,"LPG/Other gases","Passenger Vehicles",0,,
,,"Light Commercial Vehicles",0,,
,"Dual fuel","Passenger Vehicles",0,,
,,"Light Commercial Vehicles",0,,
,"Other","Passenger Vehicles",0,,
,,"Light Commercial Vehicles",0,,
,"Unknown","Passenger Vehicles",0,,
,,"Light Commercial Vehicles",0,,
"2110","Diesel","Passenger Vehicles",949,,
,,"Light Commercial Vehicles",209,,
,"Electric","Passenger Vehicles",20,,
,,"Light Commercial Vehicles",0,,
,"Petrol leaded","Passenger Vehicles",94,,
,,"Light Commercial Vehicles",0,,
,"Petrol unleaded","Passenger Vehicles",4842,,
,,"Light Commercial Vehicles",185,,
,"LPG/Other gases","Passenger Vehicles",3,,
,,"Light Commercial Vehicles",4,,
,"Dual fuel","Passenger Vehicles",5,,
,,"Light Commercial Vehicles",12,,
,"Other","Passenger Vehicles",64,,
,,"Light Commercial Vehicles",0,,
,"Unknown","Passenger Vehicles",8,,
,,"Light Commercial Vehicles",3,,
"2111","Diesel","Passenger Vehicles",959,,
,,"Light Commercial Vehicles",826,,
,"Electric","Passenger Vehicles",8,,
,,"Light Commercial Vehicles",0,,
,"Petrol leaded","Passenger Vehicles",91,,
,,"Light Commercial Vehicles",11,,
,"Petrol unleaded","Passenger Vehicles",7767,,
,,"Light Commercial Vehicles",441,,
,"LPG/Other gases","Passenger Vehicles",15,,
,,"Light Commercial Vehicles",19,,
,"Dual fuel","Passenger Vehicles",23,,
,,"Light Commercial Vehicles",19,,
,"Other","Passenger Vehicles",105,,
,,"Light Commercial Vehicles",0,,
,"Unknown","Passenger Vehicles",13,,
,,"Light Commercial Vehicles",0,,
"2112","Diesel","Passenger Vehicles",1747,,
,,"Light Commercial Vehicles",950,,
,"Electric","Passenger Vehicles",15,,
,,"Light Commercial Vehicles",0,,
,"Petrol leaded","Passenger Vehicles",144,,
,,"Light Commercial Vehicles",20,,
,"Petrol unleaded","Passenger Vehicles",16995,,
,,"Light Commercial Vehicles",712,,
,"LPG/Other gases","Passenger Vehicles",36,,
,,"Light Commercial Vehicles",15,,
,"Dual fuel","Passenger Vehicles",52,,
,,"Light Commercial Vehicles",19,,
,"Other","Passenger Vehicles",250,,
,,"Light Commercial Vehicles",0,,
,"Unknown","Passenger Vehicles",18,,
,,"Light Commercial Vehicles",0,,
"2113","Diesel","Passenger Vehicles",2699,,
,,"Light Commercial Vehicles",1994,,
,"Electric","Passenger Vehicles",54,,
,,"Light Commercial Vehicles",0,,
,"Petrol leaded","Passenger Vehicles",60,,
,,"Light Commercial Vehicles",11,,
,"Petrol unleaded","Passenger Vehicles",14466,,
,,"Light Commercial Vehicles",521,,
,"LPG/Other gases","Passenger Vehicles",23,,
,,"Light Commercial Vehicles",19,,
,"Dual fuel","Passenger Vehicles",37,,
,,"Light Commercial Vehicles",28,,
,"Other","Passenger Vehicles",205,,
,,"Light Commercial Vehicles",3,,
,"Unknown","Passenger Vehicles",19,,
,,"Light Commercial Vehicles",3,,
"2114","Diesel","Passenger Vehicles",973,,
,,"Light Commercial Vehicles",669,,
,"Electric","Passenger Vehicles",0,,
,,"Light Commercial Vehicles",0,,
,"Petrol leaded","Passenger Vehicles",66,,
,,"Light Commercial Vehicles",5,,
,"Petrol unleaded","Passenger Vehicles",11135,,
,,"Light Commercial Vehicles",512,,
,"LPG/Other gases","Passenger Vehicles",25,,
,,"Light Commercial Vehicles",12,,
,"Dual fuel","Passenger Vehicles",46,,
,,"Light Commercial Vehicles",5,,
,"Other","Passenger Vehicles",142,,
,,"Light Commercial Vehicles",0,,
,"Unknown","Passenger Vehicles",19,,
,,"Light Commercial Vehicles",3,,
"2115","Diesel","Passenger Vehicles",607,,
,,"Light Commercial Vehicles",437,,
,"Electric","Passenger Vehicles",3,,
,,"Light Commercial Vehicles",0,,
,"Petrol leaded","Passenger Vehicles",54,,
,,"Light Commercial Vehicles",4,,
,"Petrol unleaded","Passenger Vehicles",5671,,
,,"Light Commercial Vehicles",284,,
,"LPG/Other gases","Passenger Vehicles",11,,
,,"Light Commercial Vehicles",4,,
,"Dual fuel","Passenger Vehicles",28,,
,,"Light Commercial Vehicles",17,,
,"Other","Passenger Vehicles",71,,
,,"Light Commercial Vehicles",0,,
,"Unknown","Passenger Vehicles",6,,
,,"Light Commercial Vehicles",0,,
"2116","Diesel","Passenger Vehicles",746,,
,,"Light Commercial Vehicles",1480,,
,"Electric","Passenger Vehicles",0,,
,,"Light Commercial Vehicles",0,,
,"Petrol leaded","Passenger Vehicles",27,,
,,"Light Commercial Vehicles",5,,
,"Petrol unleaded","Passenger Vehicles",4591,,
,,"Light Commercial Vehicles",663,,
,"LPG/Other gases","Passenger Vehicles",13,,
,,"Light Commercial Vehicles",25,,
,"Dual fuel","Passenger Vehicles",13,,
,,"Light Commercial Vehicles",29,,
,"Other","Passenger Vehicles",123,,
,,"Light Commercial Vehicles",0,,
,"Unknown","Passenger Vehicles",3,,
,,"Light Commercial Vehicles",3,,
"2117","Diesel","Passenger Vehicles",1014,,
,,"Light Commercial Vehicles",595,,
,"Electric","Passenger Vehicles",3,,
,,"Light Commercial Vehicles",0,,
,"Petrol leaded","Passenger Vehicles",115,,
,,"Light Commercial Vehicles",6,,
,"Petrol unleaded","Passenger Vehicles",10448,,
,,"Light Commercial Vehicles",485,,
,"LPG/Other gases","Passenger Vehicles",27,,
,,"Light Commercial Vehicles",16,,
,"Dual fuel","Passenger Vehicles",50,,
,,"Light Commercial Vehicles",25,,
,"Other","Passenger Vehicles",147,,
,,"Light Commercial Vehicles",0,,
,"Unknown","Passenger Vehicles",20,,
,,"Light Commercial Vehicles",0,,
"2118","Diesel","Passenger Vehicles",1232,,
,,"Light Commercial Vehicles",543,,
,"Electric","Passenger Vehicles",12,,
,,"Light Commercial Vehicles",0,,
,"Petrol leaded","Passenger Vehicles",84,,
,,"Light Commercial Vehicles",14,,
,"Petrol unleaded","Passenger Vehicles",13177,,
,,"Light Commercial Vehicles",478,,
,"LPG/Other gases","Passenger Vehicles",28,,
,,"Light Commercial Vehicles",11,,
,"Dual fuel","Passenger Vehicles",51,,
,,"Light Commercial Vehicles",25,,
,"Other","Passenger Vehicles",236,,
,,"Light Commercial Vehicles",0,,
,"Unknown","Passenger Vehicles",20,,
,,"Light Commercial Vehicles",0,,
"2119","Diesel","Passenger Vehicles",899,,
,,"Light Commercial Vehicles",213,,
,"Electric","Passenger Vehicles",6,,
,,"Light Commercial Vehicles",0,,
,"Petrol leaded","Passenger Vehicles",61,,
,,"Light Commercial Vehicles",4,,
,"Petrol unleaded","Passenger Vehicles",6127,,
,,"Light Commercial Vehicles",170,,
,"LPG/Other gases","Passenger Vehicles",6,,
,,"Light Commercial Vehicles",8,,
,"Dual fuel","Passenger Vehicles",13,,
,,"Light Commercial Vehicles",11,,
,"Other","Passenger Vehicles",112,,
,,"Light Commercial Vehicles",0,,
,"Unknown","Passenger Vehicles",6,,
,,"Light Commercial Vehicles",0,,
"2120","Diesel","Passenger Vehicles",1444,,
,,"Light Commercial Vehicles",862,,
,"Electric","Passenger Vehicles",4,,
,,"Light Commercial Vehicles",0,,
,"Petrol leaded","Passenger Vehicles",112,,
,,"Light Commercial Vehicles",19,,
,"Petrol unleaded","Passenger Vehicles",11049,,
,,"Light Commercial Vehicles",446,,
,"LPG/Other gases","Passenger Vehicles",20,,
,,"Light Commercial Vehicles",12,,
,"Dual fuel","Passenger Vehicles",18,,
,,"Light Commercial Vehicles",16,,
,"Other","Passenger Vehicles",117,,
,,"Light Commercial Vehicles",0,,
,"Unknown","Passenger Vehicles",15,,
,,"Light Commercial Vehicles",3,,
"2121","Diesel","Passenger Vehicles",1502,,
,,"Light Commercial Vehicles",411,,
,"Electric","Passenger Vehicles",18,,
,,"Light Commercial Vehicles",0,,
,"Petrol leaded","Passenger Vehicles",92,,
,,"Light Commercial Vehicles",20,,
,"Petrol unleaded","Passenger Vehicles",14638,,
,,"Light Commercial Vehicles",402,,
,"LPG/Other gases","Passenger Vehicles",26,,
,,"Light Commercial Vehicles",5,,
,"Dual fuel","Passenger Vehicles",50,,
,,"Light Commercial Vehicles",12,,
,"Other","Passenger Vehicles",214,,
,,"Light Commercial Vehicles",3,,
,"Unknown","Passenger Vehicles",14,,
,,"Light Commercial Vehicles",3,,
"2122","Diesel","Passenger Vehicles",1297,,
,,"Light Commercial Vehicles",471,,
,"Electric","Passenger Vehicles",6,,
,,"Light Commercial Vehicles",0,,
,"Petrol leaded","Passenger Vehicles",93,,
,,"Light Commercial Vehicles",7,,
,"Petrol unleaded","Passenger Vehicles",14495,,
,,"Light Commercial Vehicles",425,,
,"LPG/Other gases","Passenger Vehicles",36,,
,,"Light Commercial Vehicles",6,,
,"Dual fuel","Passenger Vehicles",50,,
,,"Light Commercial Vehicles",24,,
,"Other","Passenger Vehicles",210,,
,,"Light Commercial Vehicles",0,,
,"Unknown","Passenger Vehicles",25,,
,,"Light Commercial Vehicles",0,,
"2123","Diesel","Passenger Vehicles",3,,
,,"Light Commercial Vehicles",0,,
,"Electric","Passenger Vehicles",0,,
,,"Light Commercial Vehicles",0,,
,"Petrol leaded","Passenger Vehicles",0,,
,,"Light Commercial Vehicles",0,,
,"Petrol unleaded","Passenger Vehicles",17,,
,,"Light Commercial Vehicles",3,,
,"LPG/Other gases","Passenger Vehicles",0,,
,,"Light Commercial Vehicles",0,,
,"Dual fuel","Passenger Vehicles",0,,
,,"Light Commercial Vehicles",0,,
,"Other","Passenger Vehicles",6,,
,,"Light Commercial Vehicles",0,,
,"Unknown","Passenger Vehicles",0,,
,,"Light Commercial Vehicles",0,,
"2124","Diesel","Passenger Vehicles",10,,
,,"Light Commercial Vehicles",12,,
,"Electric","Passenger Vehicles",0,,
,,"Light Commercial Vehicles",0,,
,"Petrol leaded","Passenger Vehicles",0,,
,,"Light Commercial Vehicles",0,,
,"Petrol unleaded","Passenger Vehicles",29,,
,,"Light Commercial Vehicles",3,,
,"LPG/Other gases","Passenger Vehicles",0,,
,,"Light Commercial Vehicles",0,,
,"Dual fuel","Passenger Vehicles",0,,
,,"Light Commercial Vehicles",0,,
,"Other","Passenger Vehicles",0,,
,,"Light Commercial Vehicles",0,,
,"Unknown","Passenger Vehicles",0,,
,,"Light Commercial Vehicles",0,,
"2125","Diesel","Passenger Vehicles",1379,,
,,"Light Commercial Vehicles",543,,
,"Electric","Passenger Vehicles",9,,
,,"Light Commercial Vehicles",0,,
,"Petrol leaded","Passenger Vehicles",86,,
,,"Light Commercial Vehicles",11,,
,"Petrol unleaded","Passenger Vehicles",9407,,
,,"Light Commercial Vehicles",280,,
,"LPG/Other gases","Passenger Vehicles",6,,
,,"Light Commercial Vehicles",3,,
,"Dual fuel","Passenger Vehicles",27,,
,,"Light Commercial Vehicles",18,,
,"Other","Passenger Vehicles",136,,
,,"Light Commercial Vehicles",0,,
,"Unknown","Passenger Vehicles",13,,
,,"Light Commercial Vehicles",0,,
"2126","Diesel","Passenger Vehicles",1171,,
,,"Light Commercial Vehicles",372,,
,"Electric","Passenger Vehicles",6,,
,,"Light Commercial Vehicles",0,,
,"Petrol leaded","Passenger Vehicles",48,,
,,"Light Commercial Vehicles",6,,
,"Petrol unleaded","Passenger Vehicles",10044,,
,,"Light Commercial Vehicles",238,,
,"LPG/Other gases","Passenger Vehicles",12,,
,,"Light Commercial Vehicles",3,,
,"Dual fuel","Passenger Vehicles",28,,
,,"Light Commercial Vehicles",4,,
,"Other","Passenger Vehicles",148,,
,,"Light Commercial Vehicles",0,,
,"Unknown","Passenger Vehicles",9,,
,,"Light Commercial Vehicles",0,,
"2127","Diesel","Passenger Vehicles",1232,,
,,"Light Commercial Vehicles",940,,
,"Electric","Passenger Vehicles",3,,
,,"Light Commercial Vehicles",0,,
,"Petrol leaded","Passenger Vehicles",11,,
,,"Light Commercial Vehicles",0,,
,"Petrol unleaded","Passenger Vehicles",9213,,
,,"Light Commercial Vehicles",287,,
,"LPG/Other gases","Passenger Vehicles",12,,
,,"Light Commercial Vehicles",14,,
,"Dual fuel","Passenger Vehicles",20,,
,,"Light Commercial Vehicles",16,,
,"Other","Passenger Vehicles",153,,
,,"Light Commercial Vehicles",3,,
,"Unknown","Passenger Vehicles",34,,
,,"Light Commercial Vehicles",0,,
"2128","Diesel","Passenger Vehicles",465,,
,,"Light Commercial Vehicles",1116,,
,"Electric","Passenger Vehicles",0,,
,,"Light Commercial Vehicles",0,,
,"Petrol leaded","Passenger Vehicles",9,,
,,"Light Commercial Vehicles",0,,
,"Petrol unleaded","Passenger Vehicles",2085,,
,,"Light Commercial Vehicles",572,,
,"LPG/Other gases","Passenger Vehicles",7,,
,,"Light Commercial Vehicles",24,,
,"Dual fuel","Passenger Vehicles",15,,
,,"Light Commercial Vehicles",58,,
,"Other","Passenger Vehicles",45,,
,,"Light Commercial Vehicles",0,,
,"Unknown","Passenger Vehicles",4,,
,,"Light Commercial Vehicles",0,,
"2129","Diesel","Passenger Vehicles",39,,
,,"Light Commercial Vehicles",95,,
,"Electric","Passenger Vehicles",0,,
,,"Light Commercial Vehicles",0,,
,"Petrol leaded","Passenger Vehicles",0,,
,,"Light Commercial Vehicles",0,,
,"Petrol unleaded","Passenger Vehicles",107,,
,,"Light Commercial Vehicles",82,,
,"LPG/Other gases","Passenger Vehicles",0,,
,,"Light Commercial Vehicles",0,,
,"Dual fuel","Passenger Vehicles",0,,
,,"Light Commercial Vehicles",0,,
,"Other","Passenger Vehicles",3,,
,,"Light Commercial Vehicles",0,,
,"Unknown","Passenger Vehicles",0,,
,,"Light Commercial Vehicles",0,,
"2130","Diesel","Passenger Vehicles",226,,
,,"Light Commercial Vehicles",139,,
,"Electric","Passenger Vehicles",3,,
,,"Light Commercial Vehicles",0,,
,"Petrol leaded","Passenger Vehicles",30,,
,,"Light Commercial Vehicles",6,,
,"Petrol unleaded","Passenger Vehicles",3006,,
,,"Light Commercial Vehicles",96,,
,"LPG/Other gases","Passenger Vehicles",8,,
,,"Light Commercial Vehicles",5,,
,"Dual fuel","Passenger Vehicles",10,,
,,"Light Commercial Vehicles",8,,
,"Other","Passenger Vehicles",47,,
,,"Light Commercial Vehicles",0,,
,"Unknown","Passenger Vehicles",0,,
,,"Light Commercial Vehicles",0,,
"2131","Diesel","Passenger Vehicles",571,,
,,"Light Commercial Vehicles",374,,
,"Electric","Passenger Vehicles",0,,
,,"Light Commercial Vehicles",0,,
,"Petrol leaded","Passenger Vehicles",54,,
,,"Light Commercial Vehicles",0,,
,"Petrol unleaded","Passenger Vehicles",8983,,
,,"Light Commercial Vehicles",327,,
,"LPG/Other gases","Passenger Vehicles",33,,
,,"Light Commercial Vehicles",5,,
,"Dual fuel","Passenger Vehicles",34,,
,,"Light Commercial Vehicles",14,,
,"Other","Passenger Vehicles",123,,
,,"Light Commercial Vehicles",0,,
,"Unknown","Passenger Vehicles",14,,
,,"Light Commercial Vehicles",0,,
"2132","Diesel","Passenger Vehicles",437,,
,,"Light Commercial Vehicles",278,,
,"Electric","Passenger Vehicles",0,,
,,"Light Commercial Vehicles",0,,
,"Petrol leaded","Passenger Vehicles",36,,
,,"Light Commercial Vehicles",6,,
,"Petrol unleaded","Passenger Vehicles",5074,,
,,"Light Commercial Vehicles",270,,
,"LPG/Other gases","Passenger Vehicles",12,,
,,"Light Commercial Vehicles",9,,
,"Dual fuel","Passenger Vehicles",29,,
,,"Light Commercial Vehicles",9,,
,"Other","Passenger Vehicles",74,,
,,"Light Commercial Vehicles",0,,
,"Unknown","Passenger Vehicles",9,,
,,"Light Commercial Vehicles",6,,
"2133","Diesel","Passenger Vehicles",403,,
,,"Light Commercial Vehicles",350,,
,"Electric","Passenger Vehicles",0,,
,,"Light Commercial Vehicles",0,,
,"Petrol leaded","Passenger Vehicles",52,,
,,"Light Commercial Vehicles",5,,
,"Petrol unleaded","Passenger Vehicles",5164,,
,,"Light Commercial Vehicles",323,,
,"LPG/Other gases","Passenger Vehicles",25,,
,,"Light Commercial Vehicles",6,,
,"Dual fuel","Passenger Vehicles",24,,
,,"Light Commercial Vehicles",8,,
,"Other","Passenger Vehicles",74,,
,,"Light Commercial Vehicles",0,,
,"Unknown","Passenger Vehicles",3,,
,,"Light Commercial Vehicles",0,,
"2134","Diesel","Passenger Vehicles",699,,
,,"Light Commercial Vehicles",843,,
,"Electric","Passenger Vehicles",3,,
,,"Light Commercial Vehicles",0,,
,"Petrol leaded","Passenger Vehicles",35,,
,,"Light Commercial Vehicles",9,,
,"Petrol unleaded","Passenger Vehicles",5686,,
,,"Light Commercial Vehicles",274,,
,"LPG/Other gases","Passenger Vehicles",20,,
,,"Light Commercial Vehicles",6,,
,"Dual fuel","Passenger Vehicles",19,,
,,"Light Commercial Vehicles",11,,
,"Other","Passenger Vehicles",121,,
,,"Light Commercial Vehicles",0,,
,"Unknown","Passenger Vehicles",4,,
,,"Light Commercial Vehicles",0,,
"2135","Diesel","Passenger Vehicles",1256,,
,,"Light Commercial Vehicles",502,,
,"Electric","Passenger Vehicles",11,,
,,"Light Commercial Vehicles",0,,
,"Petrol leaded","Passenger Vehicles",86,,
,,"Light Commercial Vehicles",5,,
,"Petrol unleaded","Passenger Vehicles",10444,,
,,"Light Commercial Vehicles",403,,
,"LPG/Other gases","Passenger Vehicles",26,,
,,"Light Commercial Vehicles",14,,
,"Dual fuel","Passenger Vehicles",35,,
,,"Light Commercial Vehicles",15,,
,"Other","Passenger Vehicles",180,,
,,"Light Commercial Vehicles",0,,
,"Unknown","Passenger Vehicles",6,,
,,"Light Commercial Vehicles",0,,
"2136","Diesel","Passenger Vehicles",401,,
,,"Light Commercial Vehicles",438,,
,"Electric","Passenger Vehicles",0,,
,,"Light Commercial Vehicles",0,,
,"Petrol leaded","Passenger Vehicles",38,,
,,"Light Commercial Vehicles",13,,
,"Petrol unleaded","Passenger Vehicles",4078,,
,,"Light Commercial Vehicles",290,,
,"LPG/Other gases","Passenger Vehicles",15,,
,,"Light Commercial Vehicles",9,,
,"Dual fuel","Passenger Vehicles",20,,
,,"Light Commercial Vehicles",11,,
,"Other","Passenger Vehicles",36,,
,,"Light Commercial Vehicles",0,,
,"Unknown","Passenger Vehicles",9,,
,,"Light Commercial Vehicles",0,,
"2137","Diesel","Passenger Vehicles",2098,,
,,"Light Commercial Vehicles",1652,,
,"Electric","Passenger Vehicles",16,,
,,"Light Commercial Vehicles",0,,
,"Petrol leaded","Passenger Vehicles",147,,
,,"Light Commercial Vehicles",14,,
,"Petrol unleaded","Passenger Vehicles",14047,,
,,"Light Commercial Vehicles",655,,
,"LPG/Other gases","Passenger Vehicles",32,,
,,"Light Commercial Vehicles",11,,
,"Dual fuel","Passenger Vehicles",49,,
,,"Light Commercial Vehicles",40,,
,"Other","Passenger Vehicles",196,,
,,"Light Commercial Vehicles",0,,
,"Unknown","Passenger Vehicles",16,,
,,"Light Commercial Vehicles",3,,
"2138","Diesel","Passenger Vehicles",1066,,
,,"Light Commercial Vehicles",627,,
,"Electric","Passenger Vehicles",10,,
,,"Light Commercial Vehicles",0,,
,"Petrol leaded","Passenger Vehicles",48,,
,,"Light Commercial Vehicles",7,,
,"Petrol unleaded","Passenger Vehicles",7924,,
,,"Light Commercial Vehicles",312,,
,"LPG/Other gases","Passenger Vehicles",10,,
,,"Light Commercial Vehicles",12,,
,"Dual fuel","Passenger Vehicles",18,,
,,"Light Commercial Vehicles",9,,
,"Other","Passenger Vehicles",188,,
,,"Light Commercial Vehicles",0,,
,"Unknown","Passenger Vehicles",14,,
,,"Light Commercial Vehicles",0,,
"2139","Diesel","Passenger Vehicles",0,,
,,"Light Commercial Vehicles",0,,
,"Electric","Passenger Vehicles",0,,
,,"Light Commercial Vehicles",0,,
,"Petrol leaded","Passenger Vehicles",0,,
,,"Light Commercial Vehicles",0,,
,"Petrol unleaded","Passenger Vehicles",0,,
,,"Light Commercial Vehicles",0,,
,"LPG/Other gases","Passenger Vehicles",0,,
,,"Light Commercial Vehicles",0,,
,"Dual fuel","Passenger Vehicles",0,,
,,"Light Commercial Vehicles",0,,
,"Other","Passenger Vehicles",0,,
,,"Light Commercial Vehicles",0,,
,"Unknown","Passenger Vehicles",0,,
,,"Light Commercial Vehicles",0,,
"2140","Diesel","Passenger Vehicles",718,,
,,"Light Commercial Vehicles",1419,,
,"Electric","Passenger Vehicles",9,,
,,"Light Commercial Vehicles",0,,
,"Petrol leaded","Passenger Vehicles",19,,
,,"Light Commercial Vehicles",3,,
,"Petrol unleaded","Passenger Vehicles",8226,,
,,"Light Commercial Vehicles",426,,
,"LPG/Other gases","Passenger Vehicles",17,,
,,"Light Commercial Vehicles",17,,
,"Dual fuel","Passenger Vehicles",32,,
,,"Light Commercial Vehicles",17,,
,"Other","Passenger Vehicles",193,,
,,"Light Commercial Vehicles",3,,
,"Unknown","Passenger Vehicles",13,,
,,"Light Commercial Vehicles",3,,
"2141","Diesel","Passenger Vehicles",980,,
,,"Light Commercial Vehicles",1391,,
,"Electric","Passenger Vehicles",5,,
,,"Light Commercial Vehicles",0,,
,"Petrol leaded","Passenger Vehicles",57,,
,,"Light Commercial Vehicles",3,,
,"Petrol unleaded","Passenger Vehicles",13929,,
,,"Light Commercial Vehicles",990,,
,"LPG/Other gases","Passenger Vehicles",45,,
,,"Light Commercial Vehicles",36,,
,"Dual fuel","Passenger Vehicles",58,,
,,"Light Commercial Vehicles",43,,
,"Other","Passenger Vehicles",227,,
,,"Light Commercial Vehicles",0,,
,"Unknown","Passenger Vehicles",25,,
,,"Light Commercial Vehicles",0,,
"2142","Diesel","Passenger Vehicles",1032,,
,,"Light Commercial Vehicles",1737,,
,"Electric","Passenger Vehicles",3,,
,,"Light Commercial Vehicles",0,,
,"Petrol leaded","Passenger Vehicles",45,,
,,"Light Commercial Vehicles",13,,
,"Petrol unleaded","Passenger Vehicles",12577,,
,,"Light Commercial Vehicles",984,,
,"LPG/Other gases","Passenger Vehicles",52,,
,,"Light Commercial Vehicles",33,,
,"Dual fuel","Passenger Vehicles",104,,
,,"Light Commercial Vehicles",117,,
,"Other","Passenger Vehicles",234,,
,,"Light Commercial Vehicles",0,,
,"Unknown","Passenger Vehicles",17,,
,,"Light Commercial Vehicles",0,,
"2143","Diesel","Passenger Vehicles",441,,
,,"Light Commercial Vehicles",643,,
,"Electric","Passenger Vehicles",0,,
,,"Light Commercial Vehicles",0,,
,"Petrol leaded","Passenger Vehicles",27,,
,,"Light Commercial Vehicles",6,,
,"Petrol unleaded","Passenger Vehicles",4575,,
,,"Light Commercial Vehicles",372,,
,"LPG/Other gases","Passenger Vehicles",24,,
,,"Light Commercial Vehicles",10,,
,"Dual fuel","Passenger Vehicles",25,,
,,"Light Commercial Vehicles",17,,
,"Other","Passenger Vehicles",97,,
,,"Light Commercial Vehicles",0,,
,"Unknown","Passenger Vehicles",13,,
,,"Light Commercial Vehicles",0,,
"2144","Diesel","Passenger Vehicles",967,,
,,"Light Commercial Vehicles",1560,,
,"Electric","Passenger Vehicles",3,,
,,"Light Commercial Vehicles",0,,
,"Petrol leaded","Passenger Vehicles",70,,
,,"Light Commercial Vehicles",3,,
,"Petrol unleaded","Passenger Vehicles",17191,,
,,"Light Commercial Vehicles",1173,,
,"LPG/Other gases","Passenger Vehicles",74,,
,,"Light Commercial Vehicles",26,,
,"Dual fuel","Passenger Vehicles",120,,
,,"Light Commercial Vehicles",73,,
,"Other","Passenger Vehicles",338,,
,,"Light Commercial Vehicles",0,,
,"Unknown","Passenger Vehicles",22,,
,,"Light Commercial Vehicles",0,,
"2145","Diesel","Passenger Vehicles",2790,,
,,"Light Commercial Vehicles",2882,,
,"Electric","Passenger Vehicles",6,,
,,"Light Commercial Vehicles",0,,
,"Petrol leaded","Passenger Vehicles",336,,
,,"Light Commercial Vehicles",43,,
,"Petrol unleaded","Passenger Vehicles",38260,,
,,"Light Commercial Vehicles",2140,,
,"LPG/Other gases","Passenger Vehicles",121,,
,,"Light Commercial Vehicles",68,,
,"Dual fuel","Passenger Vehicles",212,,
,,"Light Commercial Vehicles",112,,
,"Other","Passenger Vehicles",370,,
,,"Light Commercial Vehicles",0,,
,"Unknown","Passenger Vehicles",37,,
,,"Light Commercial Vehicles",3,,
"2146","Diesel","Passenger Vehicles",570,,
,,"Light Commercial Vehicles",512,,
,"Electric","Passenger Vehicles",0,,
,,"Light Commercial Vehicles",0,,
,"Petrol leaded","Passenger Vehicles",84,,
,,"Light Commercial Vehicles",20,,
,"Petrol unleaded","Passenger Vehicles",8759,,
,,"Light Commercial Vehicles",480,,
,"LPG/Other gases","Passenger Vehicles",29,,
,,"Light Commercial Vehicles",13,,
,"Dual fuel","Passenger Vehicles",51,,
,,"Light Commercial Vehicles",24,,
,"Other","Passenger Vehicles",79,,
,,"Light Commercial Vehicles",0,,
,"Unknown","Passenger Vehicles",16,,
,,"Light Commercial Vehicles",5,,
"2147","Diesel","Passenger Vehicles",1701,,
,,"Light Commercial Vehicles",2843,,
,"Electric","Passenger Vehicles",6,,
,,"Light Commercial Vehicles",0,,
,"Petrol leaded","Passenger Vehicles",210,,
,,"Light Commercial Vehicles",33,,
,"Petrol unleaded","Passenger Vehicles",18715,,
,,"Light Commercial Vehicles",1806,,
,"LPG/Other gases","Passenger Vehicles",81,,
,,"Light Commercial Vehicles",89,,
,"Dual fuel","Passenger Vehicles",137,,
,,"Light Commercial Vehicles",65,,
,"Other","Passenger Vehicles",118,,
,,"Light Commercial Vehicles",0,,
,"Unknown","Passenger Vehicles",31,,
,,"Light Commercial Vehicles",0,,
"2148","Diesel","Passenger Vehicles",2678,,
,,"Light Commercial Vehicles",3789,,
,"Electric","Passenger Vehicles",5,,
,,"Light Commercial Vehicles",0,,
,"Petrol leaded","Passenger Vehicles",278,,
,,"Light Commercial Vehicles",43,,
,"Petrol unleaded","Passenger Vehicles",33396,,
,,"Light Commercial Vehicles",2337,,
,"LPG/Other gases","Passenger Vehicles",176,,
,,"Light Commercial Vehicles",89,,
,"Dual fuel","Passenger Vehicles",264,,
,,"Light Commercial Vehicles",104,,
,"Other","Passenger Vehicles",357,,
,,"Light Commercial Vehicles",0,,
,"Unknown","Passenger Vehicles",43,,
,,"Light Commercial Vehicles",10,,
"2150","Diesel","Passenger Vehicles",2185,,
,,"Light Commercial Vehicles",2667,,
,"Electric","Passenger Vehicles",8,,
,,"Light Commercial Vehicles",0,,
,"Petrol leaded","Passenger Vehicles",38,,
,,"Light Commercial Vehicles",12,,
,"Petrol unleaded","Passenger Vehicles",18117,,
,,"Light Commercial Vehicles",818,,
,"LPG/Other gases","Passenger Vehicles",51,,
,,"Light Commercial Vehicles",23,,
,"Dual fuel","Passenger Vehicles",123,,
,,"Light Commercial Vehicles",49,,
,"Other","Passenger Vehicles",379,,
,,"Light Commercial Vehicles",0,,
,"Unknown","Passenger Vehicles",33,,
,,"Light Commercial Vehicles",3,,
"2151","Diesel","Passenger Vehicles",1015,,
,,"Light Commercial Vehicles",916,,
,"Electric","Passenger Vehicles",3,,
,,"Light Commercial Vehicles",0,,
,"Petrol leaded","Passenger Vehicles",88,,
,,"Light Commercial Vehicles",6,,
,"Petrol unleaded","Passenger Vehicles",10653,,
,,"Light Commercial Vehicles",611,,
,"LPG/Other gases","Passenger Vehicles",28,,
,,"Light Commercial Vehicles",21,,
,"Dual fuel","Passenger Vehicles",52,,
,,"Light Commercial Vehicles",22,,
,"Other","Passenger Vehicles",127,,
,,"Light Commercial Vehicles",0,,
,"Unknown","Passenger Vehicles",13,,
,,"Light Commercial Vehicles",3,,
"2152","Diesel","Passenger Vehicles",509,,
,,"Light Commercial Vehicles",496,,
,"Electric","Passenger Vehicles",0,,
,,"Light Commercial Vehicles",0,,
,"Petrol leaded","Passenger Vehicles",49,,
,,"Light Commercial Vehicles",5,,
,"Petrol unleaded","Passenger Vehicles",5903,,
,,"Light Commercial Vehicles",274,,
,"LPG/Other gases","Passenger Vehicles",23,,
,,"Light Commercial Vehicles",10,,
,"Dual fuel","Passenger Vehicles",32,,
,,"Light Commercial Vehicles",11,,
,"Other","Passenger Vehicles",59,,
,,"Light Commercial Vehicles",0,,
,"Unknown","Passenger Vehicles",5,,
,,"Light Commercial Vehicles",0,,
"2153","Diesel","Passenger Vehicles",3776,,
,,"Light Commercial Vehicles",2899,,
,"Electric","Passenger Vehicles",19,,
,,"Light Commercial Vehicles",0,,
,"Petrol leaded","Passenger Vehicles",247,,
,,"Light Commercial Vehicles",36,,
,"Petrol unleaded","Passenger Vehicles",32834,,
,,"Light Commercial Vehicles",1503,,
,"LPG/Other gases","Passenger Vehicles",59,,
,,"Light Commercial Vehicles",47,,
,"Dual fuel","Passenger Vehicles",154,,
,,"Light Commercial Vehicles",64,,
,"Other","Passenger Vehicles",380,,
,,"Light Commercial Vehicles",3,,
,"Unknown","Passenger Vehicles",31,,
,,"Light Commercial Vehicles",0,,
"2154","Diesel","Passenger Vehicles",3068,,
,,"Light Commercial Vehicles",1957,,
,"Electric","Passenger Vehicles",10,,
,,"Light Commercial Vehicles",0,,
,"Petrol leaded","Passenger Vehicles",195,,
,,"Light Commercial Vehicles",32,,
,"Petrol unleaded","Passenger Vehicles",22265,,
,,"Light Commercial Vehicles",1077,,
,"LPG/Other gases","Passenger Vehicles",35,,
,,"Light Commercial Vehicles",36,,
,"Dual fuel","Passenger Vehicles",83,,
,,"Light Commercial Vehicles",42,,
,"Other","Passenger Vehicles",317,,
,,"Light Commercial Vehicles",0,,
,"Unknown","Passenger Vehicles",29,,
,,"Light Commercial Vehicles",0,,
"2155","Diesel","Passenger Vehicles",4385,,
,,"Light Commercial Vehicles",2419,,
,"Electric","Passenger Vehicles",18,,
,,"Light Commercial Vehicles",0,,
,"Petrol leaded","Passenger Vehicles",245,,
,,"Light Commercial Vehicles",29,,
,"Petrol unleaded","Passenger Vehicles",31001,,
,,"Light Commercial Vehicles",1178,,
,"LPG/Other gases","Passenger Vehicles",74,,
,,"Light Commercial Vehicles",40,,
,"Dual fuel","Passenger Vehicles",133,,
,,"Light Commercial Vehicles",70,,
,"Other","Passenger Vehicles",351,,
,,"Light Commercial Vehicles",0,,
,"Unknown","Passenger Vehicles",34,,
,,"Light Commercial Vehicles",3,,
"2156","Diesel","Passenger Vehicles",1519,,
,,"Light Commercial Vehicles",1150,,
,"Electric","Passenger Vehicles",12,,
,,"Light Commercial Vehicles",0,,
,"Petrol leaded","Passenger Vehicles",213,,
,,"Light Commercial Vehicles",38,,
,"Petrol unleaded","Passenger Vehicles",7402,,
,,"Light Commercial Vehicles",572,,
,"LPG/Other gases","Passenger Vehicles",16,,
,,"Light Commercial Vehicles",22,,
,"Dual fuel","Passenger Vehicles",43,,
,,"Light Commercial Vehicles",29,,
,"Other","Passenger Vehicles",55,,
,,"Light Commercial Vehicles",3,,
,"Unknown","Passenger Vehicles",4,,
,,"Light Commercial Vehicles",0,,
"2157","Diesel","Passenger Vehicles",442,,
,,"Light Commercial Vehicles",480,,
,"Electric","Passenger Vehicles",3,,
,,"Light Commercial Vehicles",0,,
,"Petrol leaded","Passenger Vehicles",66,,
,,"Light Commercial Vehicles",15,,
,"Petrol unleaded","Passenger Vehicles",1930,,
,,"Light Commercial Vehicles",231,,
,"LPG/Other gases","Passenger Vehicles",14,,
,,"Light Commercial Vehicles",11,,
,"Dual fuel","Passenger Vehicles",15,,
,,"Light Commercial Vehicles",18,,
,"Other","Passenger Vehicles",20,,
,,"Light Commercial Vehicles",0,,
,"Unknown","Passenger Vehicles",5,,
,,"Light Commercial Vehicles",0,,
"2158","Diesel","Passenger Vehicles",927,,
,,"Light Commercial Vehicles",728,,
,"Electric","Passenger Vehicles",9,,
,,"Light Commercial Vehicles",0,,
,"Petrol leaded","Passenger Vehicles",114,,
,,"Light Commercial Vehicles",21,,
,"Petrol unleaded","Passenger Vehicles",4877,,
,,"Light Commercial Vehicles",408,,
,"LPG/Other gases","Passenger Vehicles",9,,
,,"Light Commercial Vehicles",29,,
,"Dual fuel","Passenger Vehicles",29,,
,,"Light Commercial Vehicles",15,,
,"Other","Passenger Vehicles",38,,
,,"Light Commercial Vehicles",0,,
,"Unknown","Passenger Vehicles",8,,
,,"Light Commercial Vehicles",0,,
"2159","Diesel","Passenger Vehicles",613,,
,,"Light Commercial Vehicles",551,,
,"Electric","Passenger Vehicles",0,,
,,"Light Commercial Vehicles",0,,
,"Petrol leaded","Passenger Vehicles",65,,
,,"Light Commercial Vehicles",18,,
,"Petrol unleaded","Passenger Vehicles",2639,,
,,"Light Commercial Vehicles",303,,
,"LPG/Other gases","Passenger Vehicles",7,,
,,"Light Commercial Vehicles",18,,
,"Dual fuel","Passenger Vehicles",21,,
,,"Light Commercial Vehicles",16,,
,"Other","Passenger Vehicles",16,,
,,"Light Commercial Vehicles",0,,
,"Unknown","Passenger Vehicles",3,,
,,"Light Commercial Vehicles",0,,
"2160","Diesel","Passenger Vehicles",1116,,
,,"Light Commercial Vehicles",1322,,
,"Electric","Passenger Vehicles",0,,
,,"Light Commercial Vehicles",0,,
,"Petrol leaded","Passenger Vehicles",110,,
,,"Light Commercial Vehicles",16,,
,"Petrol unleaded","Passenger Vehicles",17047,,
,,"Light Commercial Vehicles",1193,,
,"LPG/Other gases","Passenger Vehicles",59,,
,,"Light Commercial Vehicles",27,,
,"Dual fuel","Passenger Vehicles",109,,
,,"Light Commercial Vehicles",81,,
,"Other","Passenger Vehicles",227,,
,,"Light Commercial Vehicles",0,,
,"Unknown","Passenger Vehicles",23,,
,,"Light Commercial Vehicles",0,,
"2161","Diesel","Passenger Vehicles",1209,,
,,"Light Commercial Vehicles",1583,,
,"Electric","Passenger Vehicles",9,,
,,"Light Commercial Vehicles",0,,
,"Petrol leaded","Passenger Vehicles",126,,
,,"Light Commercial Vehicles",12,,
,"Petrol unleaded","Passenger Vehicles",14885,,
,,"Light Commercial Vehicles",1394,,
,"LPG/Other gases","Passenger Vehicles",55,,
,,"Light Commercial Vehicles",50,,
,"Dual fuel","Passenger Vehicles",117,,
,,"Light Commercial Vehicles",94,,
,"Other","Passenger Vehicles",160,,
,,"Light Commercial Vehicles",0,,
,"Unknown","Passenger Vehicles",15,,
,,"Light Commercial Vehicles",3,,
"2162","Diesel","Passenger Vehicles",585,,
,,"Light Commercial Vehicles",726,,
,"Electric","Passenger Vehicles",0,,
,,"Light Commercial Vehicles",0,,
,"Petrol leaded","Passenger Vehicles",77,,
,,"Light Commercial Vehicles",7,,
,"Petrol unleaded","Passenger Vehicles",8754,,
,,"Light Commercial Vehicles",659,,
,"LPG/Other gases","Passenger Vehicles",39,,
,,"Light Commercial Vehicles",14,,
,"Dual fuel","Passenger Vehicles",58,,
,,"Light Commercial Vehicles",40,,
,"Other","Passenger Vehicles",96,,
,,"Light Commercial Vehicles",0,,
,"Unknown","Passenger Vehicles",11,,
,,"Light Commercial Vehicles",0,,
"2163","Diesel","Passenger Vehicles",325,,
,,"Light Commercial Vehicles",372,,
,"Electric","Passenger Vehicles",3,,
,,"Light Commercial Vehicles",0,,
,"Petrol leaded","Passenger Vehicles",22,,
,,"Light Commercial Vehicles",6,,
,"Petrol unleaded","Passenger Vehicles",4741,,
,,"Light Commercial Vehicles",382,,
,"LPG/Other gases","Passenger Vehicles",28,,
,,"Light Commercial Vehicles",11,,
,"Dual fuel","Passenger Vehicles",45,,
,,"Light Commercial Vehicles",26,,
,"Other","Passenger Vehicles",52,,
,,"Light Commercial Vehicles",0,,
,"Unknown","Passenger Vehicles",6,,
,,"Light Commercial Vehicles",0,,
"2164","Diesel","Passenger Vehicles",1565,,
,,"Light Commercial Vehicles",3726,,
,"Electric","Passenger Vehicles",4,,
,,"Light Commercial Vehicles",0,,
,"Petrol leaded","Passenger Vehicles",152,,
,,"Light Commercial Vehicles",20,,
,"Petrol unleaded","Passenger Vehicles",12839,,
,,"Light Commercial Vehicles",1873,,
,"LPG/Other gases","Passenger Vehicles",49,,
,,"Light Commercial Vehicles",96,,
,"Dual fuel","Passenger Vehicles",84,,
,,"Light Commercial Vehicles",107,,
,"Other","Passenger Vehicles",123,,
,,"Light Commercial Vehicles",0,,
,"Unknown","Passenger Vehicles",19,,
,,"Light Commercial Vehicles",0,,
"2165","Diesel","Passenger Vehicles",972,,
,,"Light Commercial Vehicles",1123,,
,"Electric","Passenger Vehicles",4,,
,,"Light Commercial Vehicles",0,,
,"Petrol leaded","Passenger Vehicles",90,,
,,"Light Commercial Vehicles",13,,
,"Petrol unleaded","Passenger Vehicles",19581,,
,,"Light Commercial Vehicles",1087,,
,"LPG/Other gases","Passenger Vehicles",55,,
,,"Light Commercial Vehicles",32,,
,"Dual fuel","Passenger Vehicles",125,,
,,"Light Commercial Vehicles",56,,
,"Other","Passenger Vehicles",128,,
,,"Light Commercial Vehicles",0,,
,"Unknown","Passenger Vehicles",18,,
,,"Light Commercial Vehicles",3,,
"2166","Diesel","Passenger Vehicles",1343,,
,,"Light Commercial Vehicles",1289,,
,"Electric","Passenger Vehicles",3,,
,,"Light Commercial Vehicles",0,,
,"Petrol leaded","Passenger Vehicles",91,,
,,"Light Commercial Vehicles",22,,
,"Petrol unleaded","Passenger Vehicles",25213,,
,,"Light Commercial Vehicles",1381,,
,"LPG/Other gases","Passenger Vehicles",55,,
,,"Light Commercial Vehicles",38,,
,"Dual fuel","Passenger Vehicles",117,,
,,"Light Commercial Vehicles",59,,
,"Other","Passenger Vehicles",216,,
,,"Light Commercial Vehicles",3,,
,"Unknown","Passenger Vehicles",37,,
,,"Light Commercial Vehicles",4,,
"2167","Diesel","Passenger Vehicles",338,,
,,"Light Commercial Vehicles",214,,
,"Electric","Passenger Vehicles",0,,
,,"Light Commercial Vehicles",0,,
,"Petrol leaded","Passenger Vehicles",32,,
,,"Light Commercial Vehicles",4,,
,"Petrol unleaded","Passenger Vehicles",4596,,
,,"Light Commercial Vehicles",172,,
,"LPG/Other gases","Passenger Vehicles",17,,
,,"Light Commercial Vehicles",8,,
,"Dual fuel","Passenger Vehicles",39,,
,,"Light Commercial Vehicles",12,,
,"Other","Passenger Vehicles",60,,
,,"Light Commercial Vehicles",0,,
,"Unknown","Passenger Vehicles",3,,
,,"Light Commercial Vehicles",0,,
"2168","Diesel","Passenger Vehicles",1205,,
,,"Light Commercial Vehicles",1339,,
,"Electric","Passenger Vehicles",3,,
,,"Light Commercial Vehicles",0,,
,"Petrol leaded","Passenger Vehicles",147,,
,,"Light Commercial Vehicles",24,,
,"Petrol unleaded","Passenger Vehicles",20635,,
,,"Light Commercial Vehicles",1266,,
,"LPG/Other gases","Passenger Vehicles",47,,
,,"Light Commercial Vehicles",44,,
,"Dual fuel","Passenger Vehicles",152,,
,,"Light Commercial Vehicles",94,,
,"Other","Passenger Vehicles",125,,
,,"Light Commercial Vehicles",0,,
,"Unknown","Passenger Vehicles",28,,
,,"Light Commercial Vehicles",3,,
"2170","Diesel","Passenger Vehicles",4706,,
,,"Light Commercial Vehicles",5724,,
,"Electric","Passenger Vehicles",7,,
,,"Light Commercial Vehicles",0,,
,"Petrol leaded","Passenger Vehicles",425,,
,,"Light Commercial Vehicles",51,,
,"Petrol unleaded","Passenger Vehicles",53936,,
,,"Light Commercial Vehicles",3523,,
,"LPG/Other gases","Passenger Vehicles",193,,
,,"Light Commercial Vehicles",98,,
,"Dual fuel","Passenger Vehicles",372,,
,,"Light Commercial Vehicles",200,,
,"Other","Passenger Vehicles",515,,
,,"Light Commercial Vehicles",3,,
,"Unknown","Passenger Vehicles",84,,
,,"Light Commercial Vehicles",7,,
"2171","Diesel","Passenger Vehicles",1924,,
,,"Light Commercial Vehicles",1928,,
,"Electric","Passenger Vehicles",0,,
,,"Light Commercial Vehicles",0,,
,"Petrol leaded","Passenger Vehicles",227,,
,,"Light Commercial Vehicles",28,,
,"Petrol unleaded","Passenger Vehicles",19775,,
,,"Light Commercial Vehicles",1254,,
,"LPG/Other gases","Passenger Vehicles",37,,
,,"Light Commercial Vehicles",36,,
,"Dual fuel","Passenger Vehicles",93,,
,,"Light Commercial Vehicles",66,,
,"Other","Passenger Vehicles",148,,
,,"Light Commercial Vehicles",0,,
,"Unknown","Passenger Vehicles",22,,
,,"Light Commercial Vehicles",5,,
"2172","Diesel","Passenger Vehicles",187,,
,,"Light Commercial Vehicles",150,,
,"Electric","Passenger Vehicles",0,,
,,"Light Commercial Vehicles",0,,
,"Petrol leaded","Passenger Vehicles",15,,
,,"Light Commercial Vehicles",4,,
,"Petrol unleaded","Passenger Vehicles",1173,,
,,"Light Commercial Vehicles",80,,
,"LPG/Other gases","Passenger Vehicles",3,,
,,"Light Commercial Vehicles",6,,
,"Dual fuel","Passenger Vehicles",6,,
,,"Light Commercial Vehicles",0,,
,"Other","Passenger Vehicles",16,,
,,"Light Commercial Vehicles",0,,
,"Unknown","Passenger Vehicles",3,,
,,"Light Commercial Vehicles",0,,
"2173","Diesel","Passenger Vehicles",623,,
,,"Light Commercial Vehicles",573,,
,"Electric","Passenger Vehicles",3,,
,,"Light Commercial Vehicles",0,,
,"Petrol leaded","Passenger Vehicles",58,,
,,"Light Commercial Vehicles",8,,
,"Petrol unleaded","Passenger Vehicles",6665,,
,,"Light Commercial Vehicles",248,,
,"LPG/Other gases","Passenger Vehicles",15,,
,,"Light Commercial Vehicles",11,,
,"Dual fuel","Passenger Vehicles",41,,
,,"Light Commercial Vehicles",18,,
,"Other","Passenger Vehicles",44,,
,,"Light Commercial Vehicles",0,,
,"Unknown","Passenger Vehicles",10,,
,,"Light Commercial Vehicles",0,,
"2174","Diesel","Passenger Vehicles",347,,
,,"Light Commercial Vehicles",197,,
,"Electric","Passenger Vehicles",0,,
,,"Light Commercial Vehicles",0,,
,"Petrol leaded","Passenger Vehicles",9,,
,,"Light Commercial Vehicles",0,,
,"Petrol unleaded","Passenger Vehicles",3314,,
,,"Light Commercial Vehicles",98,,
,"LPG/Other gases","Passenger Vehicles",5,,
,,"Light Commercial Vehicles",5,,
,"Dual fuel","Passenger Vehicles",16,,
,,"Light Commercial Vehicles",5,,
,"Other","Passenger Vehicles",53,,
,,"Light Commercial Vehicles",0,,
,"Unknown","Passenger Vehicles",5,,
,,"Light Commercial Vehicles",0,,
"2175","Diesel","Passenger Vehicles",137,,
,,"Light Commercial Vehicles",255,,
,"Electric","Passenger Vehicles",0,,
,,"Light Commercial Vehicles",0,,
,"Petrol leaded","Passenger Vehicles",30,,
,,"Light Commercial Vehicles",3,,
,"Petrol unleaded","Passenger Vehicles",724,,
,,"Light Commercial Vehicles",107,,
,"LPG/Other gases","Passenger Vehicles",0,,
,,"Light Commercial Vehicles",3,,
,"Dual fuel","Passenger Vehicles",7,,
,,"Light Commercial Vehicles",7,,
,"Other","Passenger Vehicles",8,,
,,"Light Commercial Vehicles",0,,
,"Unknown","Passenger Vehicles",3,,
,,"Light Commercial Vehicles",0,,
"2176","Diesel","Passenger Vehicles",1501,,
,,"Light Commercial Vehicles",1638,,
,"Electric","Passenger Vehicles",3,,
,,"Light Commercial Vehicles",0,,
,"Petrol leaded","Passenger Vehicles",229,,
,,"Light Commercial Vehicles",26,,
,"Petrol unleaded","Passenger Vehicles",25404,,
,,"Light Commercial Vehicles",1558,,
,"LPG/Other gases","Passenger Vehicles",40,,
,,"Light Commercial Vehicles",30,,
,"Dual fuel","Passenger Vehicles",139,,
,,"Light Commercial Vehicles",86,,
,"Other","Passenger Vehicles",162,,
,,"Light Commercial Vehicles",0,,
,"Unknown","Passenger Vehicles",29,,
,,"Light Commercial Vehicles",3,,
"2177","Diesel","Passenger Vehicles",470,,
,,"Light Commercial Vehicles",465,,
,"Electric","Passenger Vehicles",3,,
,,"Light Commercial Vehicles",0,,
,"Petrol leaded","Passenger Vehicles",42,,
,,"Light Commercial Vehicles",3,,
,"Petrol unleaded","Passenger Vehicles",8231,,
,,"Light Commercial Vehicles",463,,
,"LPG/Other gases","Passenger Vehicles",22,,
,,"Light Commercial Vehicles",16,,
,"Dual fuel","Passenger Vehicles",34,,
,,"Light Commercial Vehicles",23,,
,"Other","Passenger Vehicles",56,,
,,"Light Commercial Vehicles",0,,
,"Unknown","Passenger Vehicles",6,,
,,"Light Commercial Vehicles",0,,
"2178","Diesel","Passenger Vehicles",262,,
,,"Light Commercial Vehicles",448,,
,"Electric","Passenger Vehicles",0,,
,,"Light Commercial Vehicles",0,,
,"Petrol leaded","Passenger Vehicles",84,,
,,"Light Commercial Vehicles",9,,
,"Petrol unleaded","Passenger Vehicles",1639,,
,,"Light Commercial Vehicles",240,,
,"LPG/Other gases","Passenger Vehicles",3,,
,,"Light Commercial Vehicles",8,,
,"Dual fuel","Passenger Vehicles",16,,
,,"Light Commercial Vehicles",15,,
,"Other","Passenger Vehicles",16,,
,,"Light Commercial Vehicles",0,,
,"Unknown","Passenger Vehicles",0,,
,,"Light Commercial Vehicles",0,,
"2179","Diesel","Passenger Vehicles",449,,
,,"Light Commercial Vehicles",557,,
,"Electric","Passenger Vehicles",3,,
,,"Light Commercial Vehicles",0,,
,"Petrol leaded","Passenger Vehicles",90,,
,,"Light Commercial Vehicles",22,,
,"Petrol unleaded","Passenger Vehicles",3654,,
,,"Light Commercial Vehicles",344,,
,"LPG/Other gases","Passenger Vehicles",17,,
,,"Light Commercial Vehicles",13,,
,"Dual fuel","Passenger Vehicles",18,,
,,"Light Commercial Vehicles",21,,
,"Other","Passenger Vehicles",24,,
,,"Light Commercial Vehicles",0,,
,"Unknown","Passenger Vehicles",5,,
,,"Light Commercial Vehicles",3,,
"2190","Diesel","Passenger Vehicles",1564,,
,,"Light Commercial Vehicles",2150,,
,"Electric","Passenger Vehicles",4,,
,,"Light Commercial Vehicles",0,,
,"Petrol leaded","Passenger Vehicles",104,,
,,"Light Commercial Vehicles",16,,
,"Petrol unleaded","Passenger Vehicles",14503,,
,,"Light Commercial Vehicles",1066,,
,"LPG/Other gases","Passenger Vehicles",88,,
,,"Light Commercial Vehicles",27,,
,"Dual fuel","Passenger Vehicles",124,,
,,"Light Commercial Vehicles",81,,
,"Other","Passenger Vehicles",316,,
,,"Light Commercial Vehicles",0,,
,"Unknown","Passenger Vehicles",30,,
,,"Light Commercial Vehicles",3,,
"2191","Diesel","Passenger Vehicles",225,,
,,"Light Commercial Vehicles",240,,
,"Electric","Passenger Vehicles",3,,
,,"Light Commercial Vehicles",0,,
,"Petrol leaded","Passenger Vehicles",31,,
,,"Light Commercial Vehicles",10,,
,"Petrol unleaded","Passenger Vehicles",2920,,
,,"Light Commercial Vehicles",201,,
,"LPG/Other gases","Passenger Vehicles",13,,
,,"Light Commercial Vehicles",11,,
,"Dual fuel","Passenger Vehicles",19,,
,,"Light Commercial Vehicles",15,,
,"Other","Passenger Vehicles",23,,
,,"Light Commercial Vehicles",0,,
,"Unknown","Passenger Vehicles",3,,
,,"Light Commercial Vehicles",0,,
"2192","Diesel","Passenger Vehicles",498,,
,,"Light Commercial Vehicles",514,,
,"Electric","Passenger Vehicles",5,,
,,"Light Commercial Vehicles",0,,
,"Petrol leaded","Passenger Vehicles",72,,
,,"Light Commercial Vehicles",0,,
,"Petrol unleaded","Passenger Vehicles",6742,,
,,"Light Commercial Vehicles",411,,
,"LPG/Other gases","Passenger Vehicles",44,,
,,"Light Commercial Vehicles",20,,
,"Dual fuel","Passenger Vehicles",42,,
,,"Light Commercial Vehicles",14,,
,"Other","Passenger Vehicles",294,,
,,"Light Commercial Vehicles",0,,
,"Unknown","Passenger Vehicles",13,,
,,"Light Commercial Vehicles",0,,
"2193","Diesel","Passenger Vehicles",586,,
,,"Light Commercial Vehicles",415,,
,"Electric","Passenger Vehicles",3,,
,,"Light Commercial Vehicles",0,,
,"Petrol leaded","Passenger Vehicles",79,,
,,"Light Commercial Vehicles",5,,
,"Petrol unleaded","Passenger Vehicles",7976,,
,,"Light Commercial Vehicles",405,,
,"LPG/Other gases","Passenger Vehicles",24,,
,,"Light Commercial Vehicles",15,,
,"Dual fuel","Passenger Vehicles",65,,
,,"Light Commercial Vehicles",18,,
,"Other","Passenger Vehicles",111,,
,,"Light Commercial Vehicles",0,,
,"Unknown","Passenger Vehicles",6,,
,,"Light Commercial Vehicles",0,,
"2194","Diesel","Passenger Vehicles",624,,
,,"Light Commercial Vehicles",551,,
,"Electric","Passenger Vehicles",0,,
,,"Light Commercial Vehicles",0,,
,"Petrol leaded","Passenger Vehicles",51,,
,,"Light Commercial Vehicles",3,,
,"Petrol unleaded","Passenger Vehicles",10117,,
,,"Light Commercial Vehicles",576,,
,"LPG/Other gases","Passenger Vehicles",73,,
,,"Light Commercial Vehicles",17,,
,"Dual fuel","Passenger Vehicles",50,,
,,"Light Commercial Vehicles",12,,
,"Other","Passenger Vehicles",207,,
,,"Light Commercial Vehicles",0,,
,"Unknown","Passenger Vehicles",13,,
,,"Light Commercial Vehicles",3,,
"2195","Diesel","Passenger Vehicles",450,,
,,"Light Commercial Vehicles",368,,
,"Electric","Passenger Vehicles",0,,
,,"Light Commercial Vehicles",0,,
,"Petrol leaded","Passenger Vehicles",23,,
,,"Light Commercial Vehicles",10,,
,"Petrol unleaded","Passenger Vehicles",10652,,
,,"Light Commercial Vehicles",453,,
,"LPG/Other gases","Passenger Vehicles",75,,
,,"Light Commercial Vehicles",17,,
,"Dual fuel","Passenger Vehicles",103,,
,,"Light Commercial Vehicles",34,,
,"Other","Passenger Vehicles",362,,
,,"Light Commercial Vehicles",0,,
,"Unknown","Passenger Vehicles",16,,
,,"Light Commercial Vehicles",3,,
"2196","Diesel","Passenger Vehicles",946,,
,,"Light Commercial Vehicles",1108,,
,"Electric","Passenger Vehicles",3,,
,,"Light Commercial Vehicles",0,,
,"Petrol leaded","Passenger Vehicles",124,,
,,"Light Commercial Vehicles",8,,
,"Petrol unleaded","Passenger Vehicles",15543,,
,,"Light Commercial Vehicles",1026,,
,"LPG/Other gases","Passenger Vehicles",83,,
,,"Light Commercial Vehicles",37,,
,"Dual fuel","Passenger Vehicles",137,,
,,"Light Commercial Vehicles",58,,
,"Other","Passenger Vehicles",383,,
,,"Light Commercial Vehicles",0,,
,"Unknown","Passenger Vehicles",40,,
,,"Light Commercial Vehicles",5,,
"2197","Diesel","Passenger Vehicles",333,,
,,"Light Commercial Vehicles",310,,
,"Electric","Passenger Vehicles",3,,
,,"Light Commercial Vehicles",0,,
,"Petrol leaded","Passenger Vehicles",37,,
,,"Light Commercial Vehicles",5,,
,"Petrol unleaded","Passenger Vehicles",4555,,
,,"Light Commercial Vehicles",327,,
,"LPG/Other gases","Passenger Vehicles",19,,
,,"Light Commercial Vehicles",9,,
,"Dual fuel","Passenger Vehicles",38,,
,,"Light Commercial Vehicles",24,,
,"Other","Passenger Vehicles",41,,
,,"Light Commercial Vehicles",0,,
,"Unknown","Passenger Vehicles",11,,
,,"Light Commercial Vehicles",3,,
"2198","Diesel","Passenger Vehicles",385,,
,,"Light Commercial Vehicles",406,,
,"Electric","Passenger Vehicles",0,,
,,"Light Commercial Vehicles",0,,
,"Petrol leaded","Passenger Vehicles",49,,
,,"Light Commercial Vehicles",6,,
,"Petrol unleaded","Passenger Vehicles",4585,,
,,"Light Commercial Vehicles",288,,
,"LPG/Other gases","Passenger Vehicles",6,,
,,"Light Commercial Vehicles",10,,
,"Dual fuel","Passenger Vehicles",21,,
,,"Light Commercial Vehicles",23,,
,"Other","Passenger Vehicles",34,,
,,"Light Commercial Vehicles",0,,
,"Unknown","Passenger Vehicles",0,,
,,"Light Commercial Vehicles",3,,
"2199","Diesel","Passenger Vehicles",589,,
,,"Light Commercial Vehicles",730,,
,"Electric","Passenger Vehicles",3,,
,,"Light Commercial Vehicles",0,,
,"Petrol leaded","Passenger Vehicles",86,,
,,"Light Commercial Vehicles",10,,
,"Petrol unleaded","Passenger Vehicles",8633,,
,,"Light Commercial Vehicles",577,,
,"LPG/Other gases","Passenger Vehicles",36,,
,,"Light Commercial Vehicles",26,,
,"Dual fuel","Passenger Vehicles",69,,
,,"Light Commercial Vehicles",41,,
,"Other","Passenger Vehicles",66,,
,,"Light Commercial Vehicles",0,,
,"Unknown","Passenger Vehicles",11,,
,,"Light Commercial Vehicles",4,,
"2200","Diesel","Passenger Vehicles",1588,,
,,"Light Commercial Vehicles",1984,,
,"Electric","Passenger Vehicles",3,,
,,"Light Commercial Vehicles",0,,
,"Petrol leaded","Passenger Vehicles",121,,
,,"Light Commercial Vehicles",16,,
,"Petrol unleaded","Passenger Vehicles",22811,,
,,"Light Commercial Vehicles",1464,,
,"LPG/Other gases","Passenger Vehicles",103,,
,,"Light Commercial Vehicles",61,,
,"Dual fuel","Passenger Vehicles",149,,
,,"Light Commercial Vehicles",74,,
,"Other","Passenger Vehicles",305,,
,,"Light Commercial Vehicles",0,,
,"Unknown","Passenger Vehicles",21,,
,,"Light Commercial Vehicles",0,,
"2203","Diesel","Passenger Vehicles",392,,
,,"Light Commercial Vehicles",238,,
,"Electric","Passenger Vehicles",3,,
,,"Light Commercial Vehicles",0,,
,"Petrol leaded","Passenger Vehicles",44,,
,,"Light Commercial Vehicles",5,,
,"Petrol unleaded","Passenger Vehicles",6016,,
,,"Light Commercial Vehicles",219,,
,"LPG/Other gases","Passenger Vehicles",19,,
,,"Light Commercial Vehicles",8,,
,"Dual fuel","Passenger Vehicles",15,,
,,"Light Commercial Vehicles",9,,
,"Other","Passenger Vehicles",45,,
,,"Light Commercial Vehicles",0,,
,"Unknown","Passenger Vehicles",6,,
,,"Light Commercial Vehicles",0,,
"2204","Diesel","Passenger Vehicles",908,,
,,"Light Commercial Vehicles",921,,
,"Electric","Passenger Vehicles",3,,
,,"Light Commercial Vehicles",0,,
,"Petrol leaded","Passenger Vehicles",102,,
,,"Light Commercial Vehicles",13,,
,"Petrol unleaded","Passenger Vehicles",10727,,
,,"Light Commercial Vehicles",779,,
,"LPG/Other gases","Passenger Vehicles",57,,
,,"Light Commercial Vehicles",30,,
,"Dual fuel","Passenger Vehicles",51,,
,,"Light Commercial Vehicles",29,,
,"Other","Passenger Vehicles",334,,
,,"Light Commercial Vehicles",0,,
,"Unknown","Passenger Vehicles",16,,
,,"Light Commercial Vehicles",0,,
"2205","Diesel","Passenger Vehicles",781,,
,,"Light Commercial Vehicles",631,,
,"Electric","Passenger Vehicles",0,,
,,"Light Commercial Vehicles",0,,
,"Petrol leaded","Passenger Vehicles",52,,
,,"Light Commercial Vehicles",6,,
,"Petrol unleaded","Passenger Vehicles",9168,,
,,"Light Commercial Vehicles",433,,
,"LPG/Other gases","Passenger Vehicles",49,,
,,"Light Commercial Vehicles",11,,
,"Dual fuel","Passenger Vehicles",45,,
,,"Light Commercial Vehicles",28,,
,"Other","Passenger Vehicles",326,,
,,"Light Commercial Vehicles",0,,
,"Unknown","Passenger Vehicles",9,,
,,"Light Commercial Vehicles",0,,
"2206","Diesel","Passenger Vehicles",856,,
,,"Light Commercial Vehicles",694,,
,"Electric","Passenger Vehicles",9,,
,,"Light Commercial Vehicles",0,,
,"Petrol leaded","Passenger Vehicles",180,,
,,"Light Commercial Vehicles",14,,
,"Petrol unleaded","Passenger Vehicles",9347,,
,,"Light Commercial Vehicles",599,,
,"LPG/Other gases","Passenger Vehicles",50,,
,,"Light Commercial Vehicles",18,,
,"Dual fuel","Passenger Vehicles",45,,
,,"Light Commercial Vehicles",34,,
,"Other","Passenger Vehicles",82,,
,,"Light Commercial Vehicles",0,,
,"Unknown","Passenger Vehicles",3,,
,,"Light Commercial Vehicles",0,,
"2207","Diesel","Passenger Vehicles",1106,,
,,"Light Commercial Vehicles",780,,
,"Electric","Passenger Vehicles",6,,
,,"Light Commercial Vehicles",0,,
,"Petrol leaded","Passenger Vehicles",141,,
,,"Light Commercial Vehicles",20,,
,"Petrol unleaded","Passenger Vehicles",13272,,
,,"Light Commercial Vehicles",786,,
,"LPG/Other gases","Passenger Vehicles",77,,
,,"Light Commercial Vehicles",21,,
,"Dual fuel","Passenger Vehicles",71,,
,,"Light Commercial Vehicles",35,,
,"Other","Passenger Vehicles",184,,
,,"Light Commercial Vehicles",0,,
,"Unknown","Passenger Vehicles",15,,
,,"Light Commercial Vehicles",3,,
"2208","Diesel","Passenger Vehicles",601,,
,,"Light Commercial Vehicles",823,,
,"Electric","Passenger Vehicles",3,,
,,"Light Commercial Vehicles",0,,
,"Petrol leaded","Passenger Vehicles",84,,
,,"Light Commercial Vehicles",16,,
,"Petrol unleaded","Passenger Vehicles",6582,,
,,"Light Commercial Vehicles",473,,
,"LPG/Other gases","Passenger Vehicles",45,,
,,"Light Commercial Vehicles",12,,
,"Dual fuel","Passenger Vehicles",32,,
,,"Light Commercial Vehicles",21,,
,"Other","Passenger Vehicles",87,,
,,"Light Commercial Vehicles",0,,
,"Unknown","Passenger Vehicles",13,,
,,"Light Commercial Vehicles",0,,
"2209","Diesel","Passenger Vehicles",554,,
,,"Light Commercial Vehicles",362,,
,"Electric","Passenger Vehicles",3,,
,,"Light Commercial Vehicles",0,,
,"Petrol leaded","Passenger Vehicles",75,,
,,"Light Commercial Vehicles",9,,
,"Petrol unleaded","Passenger Vehicles",7857,,
,,"Light Commercial Vehicles",382,,
,"LPG/Other gases","Passenger Vehicles",38,,
,,"Light Commercial Vehicles",3,,
,"Dual fuel","Passenger Vehicles",40,,
,,"Light Commercial Vehicles",16,,
,"Other","Passenger Vehicles",85,,
,,"Light Commercial Vehicles",0,,
,"Unknown","Passenger Vehicles",4,,
,,"Light Commercial Vehicles",3,,
"2210","Diesel","Passenger Vehicles",1474,,
,,"Light Commercial Vehicles",1412,,
,"Electric","Passenger Vehicles",3,,
,,"Light Commercial Vehicles",0,,
,"Petrol leaded","Passenger Vehicles",193,,
,,"Light Commercial Vehicles",18,,
,"Petrol unleaded","Passenger Vehicles",15832,,
,,"Light Commercial Vehicles",1042,,
,"LPG/Other gases","Passenger Vehicles",66,,
,,"Light Commercial Vehicles",50,,
,"Dual fuel","Passenger Vehicles",79,,
,,"Light Commercial Vehicles",65,,
,"Other","Passenger Vehicles",183,,
,,"Light Commercial Vehicles",0,,
,"Unknown","Passenger Vehicles",14,,
,,"Light Commercial Vehicles",3,,
"2211","Diesel","Passenger Vehicles",765,,
,,"Light Commercial Vehicles",968,,
,"Electric","Passenger Vehicles",3,,
,,"Light Commercial Vehicles",0,,
,"Petrol leaded","Passenger Vehicles",93,,
,,"Light Commercial Vehicles",6,,
,"Petrol unleaded","Passenger Vehicles",8911,,
,,"Light Commercial Vehicles",659,,
,"LPG/Other gases","Passenger Vehicles",29,,
,,"Light Commercial Vehicles",24,,
,"Dual fuel","Passenger Vehicles",65,,
,,"Light Commercial Vehicles",57,,
,"Other","Passenger Vehicles",78,,
,,"Light Commercial Vehicles",0,,
,"Unknown","Passenger Vehicles",5,,
,,"Light Commercial Vehicles",0,,
"2212","Diesel","Passenger Vehicles",783,,
,,"Light Commercial Vehicles",1044,,
,"Electric","Passenger Vehicles",0,,
,,"Light Commercial Vehicles",0,,
,"Petrol leaded","Passenger Vehicles",58,,
,,"Light Commercial Vehicles",18,,
,"Petrol unleaded","Passenger Vehicles",8230,,
,,"Light Commercial Vehicles",655,,
,"LPG/Other gases","Passenger Vehicles",29,,
,,"Light Commercial Vehicles",23,,
,"Dual fuel","Passenger Vehicles",55,,
,,"Light Commercial Vehicles",33,,
,"Other","Passenger Vehicles",98,,
,,"Light Commercial Vehicles",0,,
,"Unknown","Passenger Vehicles",9,,
,,"Light Commercial Vehicles",0,,
"2213","Diesel","Passenger Vehicles",1026,,
,,"Light Commercial Vehicles",945,,
,"Electric","Passenger Vehicles",9,,
,,"Light Commercial Vehicles",0,,
,"Petrol leaded","Passenger Vehicles",168,,
,,"Light Commercial Vehicles",19,,
,"Petrol unleaded","Passenger Vehicles",11153,,
,,"Light Commercial Vehicles",636,,
,"LPG/Other gases","Passenger Vehicles",38,,
,,"Light Commercial Vehicles",20,,
,"Dual fuel","Passenger Vehicles",70,,
,,"Light Commercial Vehicles",32,,
,"Other","Passenger Vehicles",86,,
,,"Light Commercial Vehicles",0,,
,"Unknown","Passenger Vehicles",14,,
,,"Light Commercial Vehicles",3,,
"2214","Diesel","Passenger Vehicles",292,,
,,"Light Commercial Vehicles",549,,
,"Electric","Passenger Vehicles",0,,
,,"Light Commercial Vehicles",0,,
,"Petrol leaded","Passenger Vehicles",47,,
,,"Light Commercial Vehicles",4,,
,"Petrol unleaded","Passenger Vehicles",2414,,
,,"Light Commercial Vehicles",299,,
,"LPG/Other gases","Passenger Vehicles",9,,
,,"Light Commercial Vehicles",5,,
,"Dual fuel","Passenger Vehicles",15,,
,,"Light Commercial Vehicles",10,,
,"Other","Passenger Vehicles",10,,
,,"Light Commercial Vehicles",0,,
,"Unknown","Passenger Vehicles",0,,
,,"Light Commercial Vehicles",0,,
"2216","Diesel","Passenger Vehicles",988,,
,,"Light Commercial Vehicles",890,,
,"Electric","Passenger Vehicles",4,,
,,"Light Commercial Vehicles",0,,
,"Petrol leaded","Passenger Vehicles",102,,
,,"Light Commercial Vehicles",11,,
,"Petrol unleaded","Passenger Vehicles",12280,,
,,"Light Commercial Vehicles",745,,
,"LPG/Other gases","Passenger Vehicles",54,,
,,"Light Commercial Vehicles",32,,
,"Dual fuel","Passenger Vehicles",46,,
,,"Light Commercial Vehicles",42,,
,"Other","Passenger Vehicles",144,,
,,"Light Commercial Vehicles",0,,
,"Unknown","Passenger Vehicles",14,,
,,"Light Commercial Vehicles",3,,
"2217","Diesel","Passenger Vehicles",1029,,
,,"Light Commercial Vehicles",702,,
,"Electric","Passenger Vehicles",4,,
,,"Light Commercial Vehicles",0,,
,"Petrol leaded","Passenger Vehicles",115,,
,,"Light Commercial Vehicles",13,,
,"Petrol unleaded","Passenger Vehicles",12416,,
,,"Light Commercial Vehicles",628,,
,"LPG/Other gases","Passenger Vehicles",60,,
,,"Light Commercial Vehicles",12,,
,"Dual fuel","Passenger Vehicles",52,,
,,"Light Commercial Vehicles",23,,
,"Other","Passenger Vehicles",131,,
,,"Light Commercial Vehicles",3,,
,"Unknown","Passenger Vehicles",15,,
,,"Light Commercial Vehicles",0,,
"2218","Diesel","Passenger Vehicles",475,,
,,"Light Commercial Vehicles",363,,
,"Electric","Passenger Vehicles",0,,
,,"Light Commercial Vehicles",0,,
,"Petrol leaded","Passenger Vehicles",39,,
,,"Light Commercial Vehicles",3,,
,"Petrol unleaded","Passenger Vehicles",7043,,
,,"Light Commercial Vehicles",372,,
,"LPG/Other gases","Passenger Vehicles",26,,
,,"Light Commercial Vehicles",19,,
,"Dual fuel","Passenger Vehicles",19,,
,,"Light Commercial Vehicles",11,,
,"Other","Passenger Vehicles",80,,
,,"Light Commercial Vehicles",0,,
,"Unknown","Passenger Vehicles",7,,
,,"Light Commercial Vehicles",0,,
"2219","Diesel","Passenger Vehicles",693,,
,,"Light Commercial Vehicles",520,,
,"Electric","Passenger Vehicles",3,,
,,"Light Commercial Vehicles",0,,
,"Petrol leaded","Passenger Vehicles",96,,
,,"Light Commercial Vehicles",8,,
,"Petrol unleaded","Passenger Vehicles",7004,,
,,"Light Commercial Vehicles",390,,
,"LPG/Other gases","Passenger Vehicles",23,,
,,"Light Commercial Vehicles",15,,
,"Dual fuel","Passenger Vehicles",35,,
,,"Light Commercial Vehicles",18,,
,"Other","Passenger Vehicles",66,,
,,"Light Commercial Vehicles",0,,
,"Unknown","Passenger Vehicles",3,,
,,"Light Commercial Vehicles",0,,
"2220","Diesel","Passenger Vehicles",1136,,
,,"Light Commercial Vehicles",578,,
,"Electric","Passenger Vehicles",0,,
,,"Light Commercial Vehicles",0,,
,"Petrol leaded","Passenger Vehicles",100,,
,,"Light Commercial Vehicles",8,,
,"Petrol unleaded","Passenger Vehicles",13018,,
,,"Light Commercial Vehicles",546,,
,"LPG/Other gases","Passenger Vehicles",47,,
,,"Light Commercial Vehicles",16,,
,"Dual fuel","Passenger Vehicles",55,,
,,"Light Commercial Vehicles",7,,
,"Other","Passenger Vehicles",233,,
,,"Light Commercial Vehicles",0,,
,"Unknown","Passenger Vehicles",10,,
,,"Light Commercial Vehicles",0,,
"2221","Diesel","Passenger Vehicles",1144,,
,,"Light Commercial Vehicles",538,,
,"Electric","Passenger Vehicles",5,,
,,"Light Commercial Vehicles",0,,
,"Petrol leaded","Passenger Vehicles",140,,
,,"Light Commercial Vehicles",23,,
,"Petrol unleaded","Passenger Vehicles",8430,,
,,"Light Commercial Vehicles",422,,
,"LPG/Other gases","Passenger Vehicles",22,,
,,"Light Commercial Vehicles",9,,
,"Dual fuel","Passenger Vehicles",38,,
,,"Light Commercial Vehicles",20,,
,"Other","Passenger Vehicles",107,,
,,"Light Commercial Vehicles",0,,
,"Unknown","Passenger Vehicles",5,,
,,"Light Commercial Vehicles",3,,
"2222","Diesel","Passenger Vehicles",368,,
,,"Light Commercial Vehicles",236,,
,"Electric","Passenger Vehicles",0,,
,,"Light Commercial Vehicles",0,,
,"Petrol leaded","Passenger Vehicles",33,,
,,"Light Commercial Vehicles",9,,
,"Petrol unleaded","Passenger Vehicles",5592,,
,,"Light Commercial Vehicles",207,,
,"LPG/Other gases","Passenger Vehicles",6,,
,,"Light Commercial Vehicles",6,,
,"Dual fuel","Passenger Vehicles",19,,
,,"Light Commercial Vehicles",3,,
,"Other","Passenger Vehicles",46,,
,,"Light Commercial Vehicles",0,,
,"Unknown","Passenger Vehicles",6,,
,,"Light Commercial Vehicles",0,,
"2223","Diesel","Passenger Vehicles",1052,,
,,"Light Commercial Vehicles",779,,
,"Electric","Passenger Vehicles",7,,
,,"Light Commercial Vehicles",0,,
,"Petrol leaded","Passenger Vehicles",114,,
,,"Light Commercial Vehicles",18,,
,"Petrol unleaded","Passenger Vehicles",10146,,
,,"Light Commercial Vehicles",538,,
,"LPG/Other gases","Passenger Vehicles",13,,
,,"Light Commercial Vehicles",10,,
,"Dual fuel","Passenger Vehicles",38,,
,,"Light Commercial Vehicles",20,,
,"Other","Passenger Vehicles",137,,
,,"Light Commercial Vehicles",3,,
,"Unknown","Passenger Vehicles",12,,
,,"Light Commercial Vehicles",0,,
"2224","Diesel","Passenger Vehicles",999,,
,,"Light Commercial Vehicles",603,,
,"Electric","Passenger Vehicles",3,,
,,"Light Commercial Vehicles",0,,
,"Petrol leaded","Passenger Vehicles",129,,
,,"Light Commercial Vehicles",12,,
,"Petrol unleaded","Passenger Vehicles",8069,,
,,"Light Commercial Vehicles",421,,
,"LPG/Other gases","Passenger Vehicles",21,,
,,"Light Commercial Vehicles",11,,
,"Dual fuel","Passenger Vehicles",33,,
,,"Light Commercial Vehicles",17,,
,"Other","Passenger Vehicles",90,,
,,"Light Commercial Vehicles",0,,
,"Unknown","Passenger Vehicles",9,,
,,"Light Commercial Vehicles",0,,
"2225","Diesel","Passenger Vehicles",388,,
,,"Light Commercial Vehicles",273,,
,"Electric","Passenger Vehicles",0,,
,,"Light Commercial Vehicles",0,,
,"Petrol leaded","Passenger Vehicles",40,,
,,"Light Commercial Vehicles",3,,
,"Petrol unleaded","Passenger Vehicles",2751,,
,,"Light Commercial Vehicles",157,,
,"LPG/Other gases","Passenger Vehicles",5,,
,,"Light Commercial Vehicles",6,,
,"Dual fuel","Passenger Vehicles",5,,
,,"Light Commercial Vehicles",9,,
,"Other","Passenger Vehicles",28,,
,,"Light Commercial Vehicles",0,,
,"Unknown","Passenger Vehicles",3,,
,,"Light Commercial Vehicles",0,,
"2226","Diesel","Passenger Vehicles",701,,
,,"Light Commercial Vehicles",470,,
,"Electric","Passenger Vehicles",3,,
,,"Light Commercial Vehicles",0,,
,"Petrol leaded","Passenger Vehicles",73,,
,,"Light Commercial Vehicles",14,,
,"Petrol unleaded","Passenger Vehicles",5988,,
,,"Light Commercial Vehicles",300,,
,"LPG/Other gases","Passenger Vehicles",15,,
,,"Light Commercial Vehicles",3,,
,"Dual fuel","Passenger Vehicles",31,,
,,"Light Commercial Vehicles",17,,
,"Other","Passenger Vehicles",48,,
,,"Light Commercial Vehicles",0,,
,"Unknown","Passenger Vehicles",7,,
,,"Light Commercial Vehicles",0,,
"2227","Diesel","Passenger Vehicles",852,,
,,"Light Commercial Vehicles",674,,
,"Electric","Passenger Vehicles",3,,
,,"Light Commercial Vehicles",0,,
,"Petrol leaded","Passenger Vehicles",82,,
,,"Light Commercial Vehicles",10,,
,"Petrol unleaded","Passenger Vehicles",7258,,
,,"Light Commercial Vehicles",390,,
,"LPG/Other gases","Passenger Vehicles",14,,
,,"Light Commercial Vehicles",4,,
,"Dual fuel","Passenger Vehicles",12,,
,,"Light Commercial Vehicles",17,,
,"Other","Passenger Vehicles",53,,
,,"Light Commercial Vehicles",3,,
,"Unknown","Passenger Vehicles",6,,
,,"Light Commercial Vehicles",0,,
"2228","Diesel","Passenger Vehicles",978,,
,,"Light Commercial Vehicles",877,,
,"Electric","Passenger Vehicles",3,,
,,"Light Commercial Vehicles",0,,
,"Petrol leaded","Passenger Vehicles",99,,
,,"Light Commercial Vehicles",11,,
,"Petrol unleaded","Passenger Vehicles",9214,,
,,"Light Commercial Vehicles",572,,
,"LPG/Other gases","Passenger Vehicles",21,,
,,"Light Commercial Vehicles",23,,
,"Dual fuel","Passenger Vehicles",33,,
,,"Light Commercial Vehicles",31,,
,"Other","Passenger Vehicles",89,,
,,"Light Commercial Vehicles",0,,
,"Unknown","Passenger Vehicles",6,,
,,"Light Commercial Vehicles",0,,
"2229","Diesel","Passenger Vehicles",2340,,
,,"Light Commercial Vehicles",2290,,
,"Electric","Passenger Vehicles",8,,
,,"Light Commercial Vehicles",0,,
,"Petrol leaded","Passenger Vehicles",223,,
,,"Light Commercial Vehicles",28,,
,"Petrol unleaded","Passenger Vehicles",16052,,
,,"Light Commercial Vehicles",1273,,
,"LPG/Other gases","Passenger Vehicles",34,,
,,"Light Commercial Vehicles",40,,
,"Dual fuel","Passenger Vehicles",62,,
,,"Light Commercial Vehicles",44,,
,"Other","Passenger Vehicles",244,,
,,"Light Commercial Vehicles",0,,
,"Unknown","Passenger Vehicles",14,,
,,"Light Commercial Vehicles",0,,
"2230","Diesel","Passenger Vehicles",2169,,
,,"Light Commercial Vehicles",1553,,
,"Electric","Passenger Vehicles",4,,
,,"Light Commercial Vehicles",0,,
,"Petrol leaded","Passenger Vehicles",144,,
,,"Light Commercial Vehicles",36,,
,"Petrol unleaded","Passenger Vehicles",14953,,
,,"Light Commercial Vehicles",908,,
,"LPG/Other gases","Passenger Vehicles",27,,
,,"Light Commercial Vehicles",30,,
,"Dual fuel","Passenger Vehicles",51,,
,,"Light Commercial Vehicles",37,,
,"Other","Passenger Vehicles",160,,
,,"Light Commercial Vehicles",0,,
,"Unknown","Passenger Vehicles",10,,
,,"Light Commercial Vehicles",4,,
"2231","Diesel","Passenger Vehicles",211,,
,,"Light Commercial Vehicles",333,,
,"Electric","Passenger Vehicles",0,,
,,"Light Commercial Vehicles",0,,
,"Petrol leaded","Passenger Vehicles",20,,
,,"Light Commercial Vehicles",7,,
,"Petrol unleaded","Passenger Vehicles",1146,,
,,"Light Commercial Vehicles",163,,
,"LPG/Other gases","Passenger Vehicles",4,,
,,"Light Commercial Vehicles",3,,
,"Dual fuel","Passenger Vehicles",15,,
,,"Light Commercial Vehicles",9,,
,"Other","Passenger Vehicles",17,,
,,"Light Commercial Vehicles",0,,
,"Unknown","Passenger Vehicles",0,,
,,"Light Commercial Vehicles",0,,
"2232","Diesel","Passenger Vehicles",2084,,
,,"Light Commercial Vehicles",2155,,
,"Electric","Passenger Vehicles",3,,
,,"Light Commercial Vehicles",0,,
,"Petrol leaded","Passenger Vehicles",181,,
,,"Light Commercial Vehicles",26,,
,"Petrol unleaded","Passenger Vehicles",18155,,
,,"Light Commercial Vehicles",1134,,
,"LPG/Other gases","Passenger Vehicles",32,,
,,"Light Commercial Vehicles",42,,
,"Dual fuel","Passenger Vehicles",81,,
,,"Light Commercial Vehicles",48,,
,"Other","Passenger Vehicles",175,,
,,"Light Commercial Vehicles",0,,
,"Unknown","Passenger Vehicles",29,,
,,"Light Commercial Vehicles",3,,
"2233","Diesel","Passenger Vehicles",1775,,
,,"Light Commercial Vehicles",1771,,
,"Electric","Passenger Vehicles",0,,
,,"Light Commercial Vehicles",0,,
,"Petrol leaded","Passenger Vehicles",224,,
,,"Light Commercial Vehicles",32,,
,"Petrol unleaded","Passenger Vehicles",15174,,
,,"Light Commercial Vehicles",949,,
,"LPG/Other gases","Passenger Vehicles",23,,
,,"Light Commercial Vehicles",31,,
,"Dual fuel","Passenger Vehicles",65,,
,,"Light Commercial Vehicles",40,,
,"Other","Passenger Vehicles",74,,
,,"Light Commercial Vehicles",0,,
,"Unknown","Passenger Vehicles",11,,
,,"Light Commercial Vehicles",0,,
"2234","Diesel","Passenger Vehicles",2159,,
,,"Light Commercial Vehicles",1618,,
,"Electric","Passenger Vehicles",0,,
,,"Light Commercial Vehicles",0,,
,"Petrol leaded","Passenger Vehicles",240,,
,,"Light Commercial Vehicles",32,,
,"Petrol unleaded","Passenger Vehicles",17260,,
,,"Light Commercial Vehicles",869,,
,"LPG/Other gases","Passenger Vehicles",39,,
,,"Light Commercial Vehicles",26,,
,"Dual fuel","Passenger Vehicles",82,,
,,"Light Commercial Vehicles",36,,
,"Other","Passenger Vehicles",138,,
,,"Light Commercial Vehicles",0,,
,"Unknown","Passenger Vehicles",13,,
,,"Light Commercial Vehicles",3,,
"2250","Diesel","Passenger Vehicles",5297,,
,,"Light Commercial Vehicles",5704,,
,"Electric","Passenger Vehicles",8,,
,,"Light Commercial Vehicles",3,,
,"Petrol leaded","Passenger Vehicles",406,,
,,"Light Commercial Vehicles",79,,
,"Petrol unleaded","Passenger Vehicles",37270,,
,,"Light Commercial Vehicles",2809,,
,"LPG/Other gases","Passenger Vehicles",124,,
,,"Light Commercial Vehicles",122,,
,"Dual fuel","Passenger Vehicles",274,,
,,"Light Commercial Vehicles",147,,
,"Other","Passenger Vehicles",232,,
,,"Light Commercial Vehicles",3,,
,"Unknown","Passenger Vehicles",50,,
,,"Light Commercial Vehicles",9,,
"2251","Diesel","Passenger Vehicles",2640,,
,,"Light Commercial Vehicles",2237,,
,"Electric","Passenger Vehicles",3,,
,,"Light Commercial Vehicles",0,,
,"Petrol leaded","Passenger Vehicles",216,,
,,"Light Commercial Vehicles",43,,
,"Petrol unleaded","Passenger Vehicles",17347,,
,,"Light Commercial Vehicles",1270,,
,"LPG/Other gases","Passenger Vehicles",40,,
,,"Light Commercial Vehicles",39,,
,"Dual fuel","Passenger Vehicles",88,,
,,"Light Commercial Vehicles",56,,
,"Other","Passenger Vehicles",102,,
,,"Light Commercial Vehicles",0,,
,"Unknown","Passenger Vehicles",25,,
,,"Light Commercial Vehicles",3,,
"2253","Diesel","Passenger Vehicles",0,,
,,"Light Commercial Vehicles",0,,
,"Electric","Passenger Vehicles",0,,
,,"Light Commercial Vehicles",0,,
,"Petrol leaded","Passenger Vehicles",0,,
,,"Light Commercial Vehicles",0,,
,"Petrol unleaded","Passenger Vehicles",0,,
,,"Light Commercial Vehicles",0,,
,"LPG/Other gases","Passenger Vehicles",0,,
,,"Light Commercial Vehicles",0,,
,"Dual fuel","Passenger Vehicles",0,,
,,"Light Commercial Vehicles",0,,
,"Other","Passenger Vehicles",0,,
,,"Light Commercial Vehicles",0,,
,"Unknown","Passenger Vehicles",0,,
,,"Light Commercial Vehicles",0,,
"2256","Diesel","Passenger Vehicles",805,,
,,"Light Commercial Vehicles",706,,
,"Electric","Passenger Vehicles",0,,
,,"Light Commercial Vehicles",0,,
,"Petrol leaded","Passenger Vehicles",74,,
,,"Light Commercial Vehicles",32,,
,"Petrol unleaded","Passenger Vehicles",7573,,
,,"Light Commercial Vehicles",554,,
,"LPG/Other gases","Passenger Vehicles",36,,
,,"Light Commercial Vehicles",25,,
,"Dual fuel","Passenger Vehicles",75,,
,,"Light Commercial Vehicles",29,,
,"Other","Passenger Vehicles",45,,
,,"Light Commercial Vehicles",3,,
,"Unknown","Passenger Vehicles",11,,
,,"Light Commercial Vehicles",0,,
"2257","Diesel","Passenger Vehicles",1846,,
,,"Light Commercial Vehicles",1648,,
,"Electric","Passenger Vehicles",9,,
,,"Light Commercial Vehicles",0,,
,"Petrol leaded","Passenger Vehicles",167,,
,,"Light Commercial Vehicles",39,,
,"Petrol unleaded","Passenger Vehicles",14831,,
,,"Light Commercial Vehicles",1178,,
,"LPG/Other gases","Passenger Vehicles",72,,
,,"Light Commercial Vehicles",34,,
,"Dual fuel","Passenger Vehicles",130,,
,,"Light Commercial Vehicles",67,,
,"Other","Passenger Vehicles",82,,
,,"Light Commercial Vehicles",0,,
,"Unknown","Passenger Vehicles",28,,
,,"Light Commercial Vehicles",4,,
"2258","Diesel","Passenger Vehicles",511,,
,,"Light Commercial Vehicles",559,,
,"Electric","Passenger Vehicles",3,,
,,"Light Commercial Vehicles",0,,
,"Petrol leaded","Passenger Vehicles",65,,
,,"Light Commercial Vehicles",15,,
,"Petrol unleaded","Passenger Vehicles",2801,,
,,"Light Commercial Vehicles",298,,
,"LPG/Other gases","Passenger Vehicles",11,,
,,"Light Commercial Vehicles",16,,
,"Dual fuel","Passenger Vehicles",31,,
,,"Light Commercial Vehicles",13,,
,"Other","Passenger Vehicles",16,,
,,"Light Commercial Vehicles",0,,
,"Unknown","Passenger Vehicles",6,,
,,"Light Commercial Vehicles",0,,
"2259","Diesel","Passenger Vehicles",4659,,
,,"Light Commercial Vehicles",5928,,
,"Electric","Passenger Vehicles",8,,
,,"Light Commercial Vehicles",0,,
,"Petrol leaded","Passenger Vehicles",433,,
,,"Light Commercial Vehicles",124,,
,"Petrol unleaded","Passenger Vehicles",31935,,
,,"Light Commercial Vehicles",2770,,
,"LPG/Other gases","Passenger Vehicles",101,,
,,"Light Commercial Vehicles",119,,
,"Dual fuel","Passenger Vehicles",320,,
,,"Light Commercial Vehicles",156,,
,"Other","Passenger Vehicles",134,,
,,"Light Commercial Vehicles",3,,
,"Unknown","Passenger Vehicles",33,,
,,"Light Commercial Vehicles",7,,
"2260","Diesel","Passenger Vehicles",2334,,
,,"Light Commercial Vehicles",1740,,
,"Electric","Passenger Vehicles",4,,
,,"Light Commercial Vehicles",0,,
,"Petrol leaded","Passenger Vehicles",144,,
,,"Light Commercial Vehicles",21,,
,"Petrol unleaded","Passenger Vehicles",12785,,
,,"Light Commercial Vehicles",862,,
,"LPG/Other gases","Passenger Vehicles",29,,
,,"Light Commercial Vehicles",25,,
,"Dual fuel","Passenger Vehicles",54,,
,,"Light Commercial Vehicles",50,,
,"Other","Passenger Vehicles",92,,
,,"Light Commercial Vehicles",0,,
,"Unknown","Passenger Vehicles",29,,
,,"Light Commercial Vehicles",3,,
"2261","Diesel","Passenger Vehicles",3436,,
,,"Light Commercial Vehicles",3871,,
,"Electric","Passenger Vehicles",5,,
,,"Light Commercial Vehicles",0,,
,"Petrol leaded","Passenger Vehicles",331,,
,,"Light Commercial Vehicles",84,,
,"Petrol unleaded","Passenger Vehicles",27662,,
,,"Light Commercial Vehicles",2226,,
,"LPG/Other gases","Passenger Vehicles",91,,
,,"Light Commercial Vehicles",74,,
,"Dual fuel","Passenger Vehicles",218,,
,,"Light Commercial Vehicles",129,,
,"Other","Passenger Vehicles",94,,
,,"Light Commercial Vehicles",3,,
,"Unknown","Passenger Vehicles",22,,
,,"Light Commercial Vehicles",5,,
"2262","Diesel","Passenger Vehicles",1116,,
,,"Light Commercial Vehicles",1409,,
,"Electric","Passenger Vehicles",0,,
,,"Light Commercial Vehicles",0,,
,"Petrol leaded","Passenger Vehicles",127,,
,,"Light Commercial Vehicles",51,,
,"Petrol unleaded","Passenger Vehicles",10792,,
,,"Light Commercial Vehicles",840,,
,"LPG/Other gases","Passenger Vehicles",46,,
,,"Light Commercial Vehicles",31,,
,"Dual fuel","Passenger Vehicles",130,,
,,"Light Commercial Vehicles",41,,
,"Other","Passenger Vehicles",25,,
,,"Light Commercial Vehicles",0,,
,"Unknown","Passenger Vehicles",11,,
,,"Light Commercial Vehicles",4,,
"2263","Diesel","Passenger Vehicles",1314,,
,,"Light Commercial Vehicles",1602,,
,"Electric","Passenger Vehicles",0,,
,,"Light Commercial Vehicles",3,,
,"Petrol leaded","Passenger Vehicles",150,,
,,"Light Commercial Vehicles",41,,
,"Petrol unleaded","Passenger Vehicles",12289,,
,,"Light Commercial Vehicles",1038,,
,"LPG/Other gases","Passenger Vehicles",52,,
,,"Light Commercial Vehicles",36,,
,"Dual fuel","Passenger Vehicles",137,,
,,"Light Commercial Vehicles",53,,
,"Other","Passenger Vehicles",17,,
,,"Light Commercial Vehicles",0,,
,"Unknown","Passenger Vehicles",17,,
,,"Light Commercial Vehicles",0,,
"2264","Diesel","Passenger Vehicles",1411,,
,,"Light Commercial Vehicles",1498,,
,"Electric","Passenger Vehicles",0,,
,,"Light Commercial Vehicles",0,,
,"Petrol leaded","Passenger Vehicles",123,,
,,"Light Commercial Vehicles",36,,
,"Petrol unleaded","Passenger Vehicles",7672,,
,,"Light Commercial Vehicles",733,,
,"LPG/Other gases","Passenger Vehicles",38,,
,,"Light Commercial Vehicles",32,,
,"Dual fuel","Passenger Vehicles",118,,
,,"Light Commercial Vehicles",59,,
,"Other","Passenger Vehicles",29,,
,,"Light Commercial Vehicles",0,,
,"Unknown","Passenger Vehicles",8,,
,,"Light Commercial Vehicles",3,,
"2265","Diesel","Passenger Vehicles",659,,
,,"Light Commercial Vehicles",602,,
,"Electric","Passenger Vehicles",3,,
,,"Light Commercial Vehicles",0,,
,"Petrol leaded","Passenger Vehicles",52,,
,,"Light Commercial Vehicles",24,,
,"Petrol unleaded","Passenger Vehicles",3147,,
,,"Light Commercial Vehicles",254,,
,"LPG/Other gases","Passenger Vehicles",19,,
,,"Light Commercial Vehicles",12,,
,"Dual fuel","Passenger Vehicles",58,,
,,"Light Commercial Vehicles",19,,
,"Other","Passenger Vehicles",20,,
,,"Light Commercial Vehicles",0,,
,"Unknown","Passenger Vehicles",0,,
,,"Light Commercial Vehicles",0,,
"2267","Diesel","Passenger Vehicles",279,,
,,"Light Commercial Vehicles",266,,
,"Electric","Passenger Vehicles",0,,
,,"Light Commercial Vehicles",0,,
,"Petrol leaded","Passenger Vehicles",23,,
,,"Light Commercial Vehicles",5,,
,"Petrol unleaded","Passenger Vehicles",1520,,
,,"Light Commercial Vehicles",103,,
,"LPG/Other gases","Passenger Vehicles",4,,
,,"Light Commercial Vehicles",4,,
,"Dual fuel","Passenger Vehicles",21,,
,,"Light Commercial Vehicles",12,,
,"Other","Passenger Vehicles",0,,
,,"Light Commercial Vehicles",0,,
,"Unknown","Passenger Vehicles",3,,
,,"Light Commercial Vehicles",0,,
"2278","Diesel","Passenger Vehicles",236,,
,,"Light Commercial Vehicles",359,,
,"Electric","Passenger Vehicles",0,,
,,"Light Commercial Vehicles",0,,
,"Petrol leaded","Passenger Vehicles",37,,
,,"Light Commercial Vehicles",9,,
,"Petrol unleaded","Passenger Vehicles",1236,,
,,"Light Commercial Vehicles",166,,
,"LPG/Other gases","Passenger Vehicles",0,,
,,"Light Commercial Vehicles",7,,
,"Dual fuel","Passenger Vehicles",20,,
,,"Light Commercial Vehicles",10,,
,"Other","Passenger Vehicles",0,,
,,"Light Commercial Vehicles",0,,
,"Unknown","Passenger Vehicles",0,,
,,"Light Commercial Vehicles",0,,
"2280","Diesel","Passenger Vehicles",2270,,
,,"Light Commercial Vehicles",2126,,
,"Electric","Passenger Vehicles",3,,
,,"Light Commercial Vehicles",0,,
,"Petrol leaded","Passenger Vehicles",158,,
,,"Light Commercial Vehicles",32,,
,"Petrol unleaded","Passenger Vehicles",13920,,
,,"Light Commercial Vehicles",999,,
,"LPG/Other gases","Passenger Vehicles",27,,
,,"Light Commercial Vehicles",30,,
,"Dual fuel","Passenger Vehicles",96,,
,,"Light Commercial Vehicles",47,,
,"Other","Passenger Vehicles",69,,
,,"Light Commercial Vehicles",0,,
,"Unknown","Passenger Vehicles",11,,
,,"Light Commercial Vehicles",4,,
"2281","Diesel","Passenger Vehicles",1290,,
,,"Light Commercial Vehicles",1255,,
,"Electric","Passenger Vehicles",3,,
,,"Light Commercial Vehicles",0,,
,"Petrol leaded","Passenger Vehicles",91,,
,,"Light Commercial Vehicles",22,,
,"Petrol unleaded","Passenger Vehicles",7461,,
,,"Light Commercial Vehicles",642,,
,"LPG/Other gases","Passenger Vehicles",21,,
,,"Light Commercial Vehicles",18,,
,"Dual fuel","Passenger Vehicles",61,,
,,"Light Commercial Vehicles",31,,
,"Other","Passenger Vehicles",29,,
,,"Light Commercial Vehicles",0,,
,"Unknown","Passenger Vehicles",3,,
,,"Light Commercial Vehicles",0,,
"2282","Diesel","Passenger Vehicles",1434,,
,,"Light Commercial Vehicles",1168,,
,"Electric","Passenger Vehicles",0,,
,,"Light Commercial Vehicles",0,,
,"Petrol leaded","Passenger Vehicles",83,,
,,"Light Commercial Vehicles",30,,
,"Petrol unleaded","Passenger Vehicles",8610,,
,,"Light Commercial Vehicles",583,,
,"LPG/Other gases","Passenger Vehicles",15,,
,,"Light Commercial Vehicles",17,,
,"Dual fuel","Passenger Vehicles",55,,
,,"Light Commercial Vehicles",26,,
,"Other","Passenger Vehicles",42,,
,,"Light Commercial Vehicles",0,,
,"Unknown","Passenger Vehicles",9,,
,,"Light Commercial Vehicles",3,,
"2283","Diesel","Passenger Vehicles",2068,,
,,"Light Commercial Vehicles",2020,,
,"Electric","Passenger Vehicles",0,,
,,"Light Commercial Vehicles",0,,
,"Petrol leaded","Passenger Vehicles",166,,
,,"Light Commercial Vehicles",41,,
,"Petrol unleaded","Passenger Vehicles",12526,,
,,"Light Commercial Vehicles",1019,,
,"LPG/Other gases","Passenger Vehicles",38,,
,,"Light Commercial Vehicles",45,,
,"Dual fuel","Passenger Vehicles",137,,
,,"Light Commercial Vehicles",59,,
,"Other","Passenger Vehicles",55,,
,,"Light Commercial Vehicles",0,,
,"Unknown","Passenger Vehicles",13,,
,,"Light Commercial Vehicles",3,,
"2284","Diesel","Passenger Vehicles",933,,
,,"Light Commercial Vehicles",1097,,
,"Electric","Passenger Vehicles",3,,
,,"Light Commercial Vehicles",0,,
,"Petrol leaded","Passenger Vehicles",80,,
,,"Light Commercial Vehicles",15,,
,"Petrol unleaded","Passenger Vehicles",5769,,
,,"Light Commercial Vehicles",477,,
,"LPG/Other gases","Passenger Vehicles",10,,
,,"Light Commercial Vehicles",20,,
,"Dual fuel","Passenger Vehicles",57,,
,,"Light Commercial Vehicles",25,,
,"Other","Passenger Vehicles",35,,
,,"Light Commercial Vehicles",0,,
,"Unknown","Passenger Vehicles",10,,
,,"Light Commercial Vehicles",0,,
"2285","Diesel","Passenger Vehicles",2386,,
,,"Light Commercial Vehicles",3228,,
,"Electric","Passenger Vehicles",5,,
,,"Light Commercial Vehicles",0,,
,"Petrol leaded","Passenger Vehicles",170,,
,,"Light Commercial Vehicles",51,,
,"Petrol unleaded","Passenger Vehicles",17342,,
,,"Light Commercial Vehicles",1363,,
,"LPG/Other gases","Passenger Vehicles",44,,
,,"Light Commercial Vehicles",45,,
,"Dual fuel","Passenger Vehicles",128,,
,,"Light Commercial Vehicles",52,,
,"Other","Passenger Vehicles",78,,
,,"Light Commercial Vehicles",3,,
,"Unknown","Passenger Vehicles",24,,
,,"Light Commercial Vehicles",5,,
"2286","Diesel","Passenger Vehicles",361,,
,,"Light Commercial Vehicles",475,,
,"Electric","Passenger Vehicles",0,,
,,"Light Commercial Vehicles",0,,
,"Petrol leaded","Passenger Vehicles",30,,
,,"Light Commercial Vehicles",10,,
,"Petrol unleaded","Passenger Vehicles",2252,,
,,"Light Commercial Vehicles",218,,
,"LPG/Other gases","Passenger Vehicles",4,,
,,"Light Commercial Vehicles",10,,
,"Dual fuel","Passenger Vehicles",24,,
,,"Light Commercial Vehicles",19,,
,"Other","Passenger Vehicles",12,,
,,"Light Commercial Vehicles",0,,
,"Unknown","Passenger Vehicles",0,,
,,"Light Commercial Vehicles",0,,
"2287","Diesel","Passenger Vehicles",2328,,
,,"Light Commercial Vehicles",2481,,
,"Electric","Passenger Vehicles",4,,
,,"Light Commercial Vehicles",0,,
,"Petrol leaded","Passenger Vehicles",190,,
,,"Light Commercial Vehicles",27,,
,"Petrol unleaded","Passenger Vehicles",19865,,
,,"Light Commercial Vehicles",1197,,
,"LPG/Other gases","Passenger Vehicles",31,,
,,"Light Commercial Vehicles",37,,
,"Dual fuel","Passenger Vehicles",121,,
,,"Light Commercial Vehicles",57,,
,"Other","Passenger Vehicles",114,,
,,"Light Commercial Vehicles",3,,
,"Unknown","Passenger Vehicles",35,,
,,"Light Commercial Vehicles",3,,
"2289","Diesel","Passenger Vehicles",1315,,
,,"Light Commercial Vehicles",1241,,
,"Electric","Passenger Vehicles",0,,
,,"Light Commercial Vehicles",0,,
,"Petrol leaded","Passenger Vehicles",83,,
,,"Light Commercial Vehicles",20,,
,"Petrol unleaded","Passenger Vehicles",9848,,
,,"Light Commercial Vehicles",618,,
,"LPG/Other gases","Passenger Vehicles",16,,
,,"Light Commercial Vehicles",6,,
,"Dual fuel","Passenger Vehicles",55,,
,,"Light Commercial Vehicles",17,,
,"Other","Passenger Vehicles",63,,
,,"Light Commercial Vehicles",0,,
,"Unknown","Passenger Vehicles",12,,
,,"Light Commercial Vehicles",0,,
"2290","Diesel","Passenger Vehicles",2620,,
,,"Light Commercial Vehicles",2720,,
,"Electric","Passenger Vehicles",3,,
,,"Light Commercial Vehicles",0,,
,"Petrol leaded","Passenger Vehicles",188,,
,,"Light Commercial Vehicles",51,,
,"Petrol unleaded","Passenger Vehicles",17636,,
,,"Light Commercial Vehicles",1317,,
,"LPG/Other gases","Passenger Vehicles",27,,
,,"Light Commercial Vehicles",31,,
,"Dual fuel","Passenger Vehicles",118,,
,,"Light Commercial Vehicles",40,,
,"Other","Passenger Vehicles",100,,
,,"Light Commercial Vehicles",3,,
,"Unknown","Passenger Vehicles",21,,
,,"Light Commercial Vehicles",4,,
"2291","Diesel","Passenger Vehicles",1333,,
,,"Light Commercial Vehicles",815,,
,"Electric","Passenger Vehicles",3,,
,,"Light Commercial Vehicles",0,,
,"Petrol leaded","Passenger Vehicles",55,,
,,"Light Commercial Vehicles",14,,
,"Petrol unleaded","Passenger Vehicles",6774,,
,,"Light Commercial Vehicles",389,,
,"LPG/Other gases","Passenger Vehicles",11,,
,,"Light Commercial Vehicles",6,,
,"Dual fuel","Passenger Vehicles",26,,
,,"Light Commercial Vehicles",6,,
,"Other","Passenger Vehicles",52,,
,,"Light Commercial Vehicles",0,,
,"Unknown","Passenger Vehicles",4,,
,,"Light Commercial Vehicles",0,,
"2292","Diesel","Passenger Vehicles",301,,
,,"Light Commercial Vehicles",522,,
,"Electric","Passenger Vehicles",0,,
,,"Light Commercial Vehicles",0,,
,"Petrol leaded","Passenger Vehicles",18,,
,,"Light Commercial Vehicles",5,,
,"Petrol unleaded","Passenger Vehicles",1820,,
,,"Light Commercial Vehicles",187,,
,"LPG/Other gases","Passenger Vehicles",5,,
,,"Light Commercial Vehicles",12,,
,"Dual fuel","Passenger Vehicles",12,,
,,"Light Commercial Vehicles",8,,
,"Other","Passenger Vehicles",32,,
,,"Light Commercial Vehicles",0,,
,"Unknown","Passenger Vehicles",3,,
,,"Light Commercial Vehicles",0,,
"2293","Diesel","Passenger Vehicles",261,,
,,"Light Commercial Vehicles",389,,
,"Electric","Passenger Vehicles",0,,
,,"Light Commercial Vehicles",0,,
,"Petrol leaded","Passenger Vehicles",15,,
,,"Light Commercial Vehicles",0,,
,"Petrol unleaded","Passenger Vehicles",1840,,
,,"Light Commercial Vehicles",145,,
,"LPG/Other gases","Passenger Vehicles",0,,
,,"Light Commercial Vehicles",11,,
,"Dual fuel","Passenger Vehicles",4,,
,,"Light Commercial Vehicles",8,,
,"Other","Passenger Vehicles",18,,
,,"Light Commercial Vehicles",0,,
,"Unknown","Passenger Vehicles",3,,
,,"Light Commercial Vehicles",3,,
"2294","Diesel","Passenger Vehicles",124,,
,,"Light Commercial Vehicles",323,,
,"Electric","Passenger Vehicles",3,,
,,"Light Commercial Vehicles",0,,
,"Petrol leaded","Passenger Vehicles",7,,
,,"Light Commercial Vehicles",0,,
,"Petrol unleaded","Passenger Vehicles",1026,,
,,"Light Commercial Vehicles",131,,
,"LPG/Other gases","Passenger Vehicles",0,,
,,"Light Commercial Vehicles",7,,
,"Dual fuel","Passenger Vehicles",9,,
,,"Light Commercial Vehicles",4,,
,"Other","Passenger Vehicles",16,,
,,"Light Commercial Vehicles",0,,
,"Unknown","Passenger Vehicles",0,,
,,"Light Commercial Vehicles",0,,
"2295","Diesel","Passenger Vehicles",582,,
,,"Light Commercial Vehicles",592,,
,"Electric","Passenger Vehicles",0,,
,,"Light Commercial Vehicles",0,,
,"Petrol leaded","Passenger Vehicles",33,,
,,"Light Commercial Vehicles",12,,
,"Petrol unleaded","Passenger Vehicles",3537,,
,,"Light Commercial Vehicles",215,,
,"LPG/Other gases","Passenger Vehicles",11,,
,,"Light Commercial Vehicles",6,,
,"Dual fuel","Passenger Vehicles",30,,
,,"Light Commercial Vehicles",18,,
,"Other","Passenger Vehicles",20,,
,,"Light Commercial Vehicles",0,,
,"Unknown","Passenger Vehicles",3,,
,,"Light Commercial Vehicles",0,,
"2296","Diesel","Passenger Vehicles",143,,
,,"Light Commercial Vehicles",158,,
,"Electric","Passenger Vehicles",0,,
,,"Light Commercial Vehicles",0,,
,"Petrol leaded","Passenger Vehicles",11,,
,,"Light Commercial Vehicles",0,,
,"Petrol unleaded","Passenger Vehicles",1192,,
,,"Light Commercial Vehicles",94,,
,"LPG/Other gases","Passenger Vehicles",0,,
,,"Light Commercial Vehicles",3,,
,"Dual fuel","Passenger Vehicles",7,,
,,"Light Commercial Vehicles",3,,
,"Other","Passenger Vehicles",6,,
,,"Light Commercial Vehicles",0,,
,"Unknown","Passenger Vehicles",3,,
,,"Light Commercial Vehicles",0,,
"2297","Diesel","Passenger Vehicles",113,,
,,"Light Commercial Vehicles",240,,
,"Electric","Passenger Vehicles",0,,
,,"Light Commercial Vehicles",0,,
,"Petrol leaded","Passenger Vehicles",10,,
,,"Light Commercial Vehicles",6,,
,"Petrol unleaded","Passenger Vehicles",860,,
,,"Light Commercial Vehicles",72,,
,"LPG/Other gases","Passenger Vehicles",0,,
,,"Light Commercial Vehicles",6,,
,"Dual fuel","Passenger Vehicles",5,,
,,"Light Commercial Vehicles",13,,
,"Other","Passenger Vehicles",6,,
,,"Light Commercial Vehicles",0,,
,"Unknown","Passenger Vehicles",3,,
,,"Light Commercial Vehicles",0,,
"2298","Diesel","Passenger Vehicles",401,,
,,"Light Commercial Vehicles",762,,
,"Electric","Passenger Vehicles",0,,
,,"Light Commercial Vehicles",0,,
,"Petrol leaded","Passenger Vehicles",38,,
,,"Light Commercial Vehicles",11,,
,"Petrol unleaded","Passenger Vehicles",4447,,
,,"Light Commercial Vehicles",341,,
,"LPG/Other gases","Passenger Vehicles",9,,
,,"Light Commercial Vehicles",3,,
,"Dual fuel","Passenger Vehicles",22,,
,,"Light Commercial Vehicles",8,,
,"Other","Passenger Vehicles",42,,
,,"Light Commercial Vehicles",0,,
,"Unknown","Passenger Vehicles",4,,
,,"Light Commercial Vehicles",0,,
"2299","Diesel","Passenger Vehicles",541,,
,,"Light Commercial Vehicles",661,,
,"Electric","Passenger Vehicles",0,,
,,"Light Commercial Vehicles",0,,
,"Petrol leaded","Passenger Vehicles",45,,
,,"Light Commercial Vehicles",13,,
,"Petrol unleaded","Passenger Vehicles",5945,,
,,"Light Commercial Vehicles",387,,
,"LPG/Other gases","Passenger Vehicles",13,,
,,"Light Commercial Vehicles",7,,
,"Dual fuel","Passenger Vehicles",36,,
,,"Light Commercial Vehicles",10,,
,"Other","Passenger Vehicles",39,,
,,"Light Commercial Vehicles",0,,
,"Unknown","Passenger Vehicles",3,,
,,"Light Commercial Vehicles",0,,
"2300","Diesel","Passenger Vehicles",1172,,
,,"Light Commercial Vehicles",890,,
,"Electric","Passenger Vehicles",7,,
,,"Light Commercial Vehicles",0,,
,"Petrol leaded","Passenger Vehicles",63,,
,,"Light Commercial Vehicles",11,,
,"Petrol unleaded","Passenger Vehicles",6980,,
,,"Light Commercial Vehicles",303,,
,"LPG/Other gases","Passenger Vehicles",7,,
,,"Light Commercial Vehicles",9,,
,"Dual fuel","Passenger Vehicles",19,,
,,"Light Commercial Vehicles",11,,
,"Other","Passenger Vehicles",70,,
,,"Light Commercial Vehicles",0,,
,"Unknown","Passenger Vehicles",10,,
,,"Light Commercial Vehicles",4,,
"2301","Diesel","Passenger Vehicles",0,,
,,"Light Commercial Vehicles",0,,
,"Electric","Passenger Vehicles",0,,
,,"Light Commercial Vehicles",0,,
,"Petrol leaded","Passenger Vehicles",0,,
,,"Light Commercial Vehicles",0,,
,"Petrol unleaded","Passenger Vehicles",3,,
,,"Light Commercial Vehicles",0,,
,"LPG/Other gases","Passenger Vehicles",0,,
,,"Light Commercial Vehicles",0,,
,"Dual fuel","Passenger Vehicles",0,,
,,"Light Commercial Vehicles",0,,
,"Other","Passenger Vehicles",0,,
,,"Light Commercial Vehicles",0,,
,"Unknown","Passenger Vehicles",0,,
,,"Light Commercial Vehicles",0,,
"2302","Diesel","Passenger Vehicles",102,,
,,"Light Commercial Vehicles",139,,
,"Electric","Passenger Vehicles",0,,
,,"Light Commercial Vehicles",0,,
,"Petrol leaded","Passenger Vehicles",0,,
,,"Light Commercial Vehicles",0,,
,"Petrol unleaded","Passenger Vehicles",730,,
,,"Light Commercial Vehicles",74,,
,"LPG/Other gases","Passenger Vehicles",0,,
,,"Light Commercial Vehicles",3,,
,"Dual fuel","Passenger Vehicles",0,,
,,"Light Commercial Vehicles",0,,
,"Other","Passenger Vehicles",20,,
,,"Light Commercial Vehicles",0,,
,"Unknown","Passenger Vehicles",0,,
,,"Light Commercial Vehicles",0,,
"2303","Diesel","Passenger Vehicles",883,,
,,"Light Commercial Vehicles",599,,
,"Electric","Passenger Vehicles",3,,
,,"Light Commercial Vehicles",0,,
,"Petrol leaded","Passenger Vehicles",32,,
,,"Light Commercial Vehicles",0,,
,"Petrol unleaded","Passenger Vehicles",5067,,
,,"Light Commercial Vehicles",274,,
,"LPG/Other gases","Passenger Vehicles",7,,
,,"Light Commercial Vehicles",0,,
,"Dual fuel","Passenger Vehicles",15,,
,,"Light Commercial Vehicles",10,,
,"Other","Passenger Vehicles",34,,
,,"Light Commercial Vehicles",0,,
,"Unknown","Passenger Vehicles",7,,
,,"Light Commercial Vehicles",0,,
"2304","Diesel","Passenger Vehicles",944,,
,,"Light Commercial Vehicles",2086,,
,"Electric","Passenger Vehicles",0,,
,,"Light Commercial Vehicles",0,,
,"Petrol leaded","Passenger Vehicles",63,,
,,"Light Commercial Vehicles",25,,
,"Petrol unleaded","Passenger Vehicles",7998,,
,,"Light Commercial Vehicles",873,,
,"LPG/Other gases","Passenger Vehicles",19,,
,,"Light Commercial Vehicles",29,,
,"Dual fuel","Passenger Vehicles",50,,
,,"Light Commercial Vehicles",27,,
,"Other","Passenger Vehicles",49,,
,,"Light Commercial Vehicles",0,,
,"Unknown","Passenger Vehicles",7,,
,,"Light Commercial Vehicles",3,,
"2305","Diesel","Passenger Vehicles",930,,
,,"Light Commercial Vehicles",699,,
,"Electric","Passenger Vehicles",0,,
,,"Light Commercial Vehicles",0,,
,"Petrol leaded","Passenger Vehicles",86,,
,,"Light Commercial Vehicles",12,,
,"Petrol unleaded","Passenger Vehicles",7377,,
,,"Light Commercial Vehicles",381,,
,"LPG/Other gases","Passenger Vehicles",9,,
,,"Light Commercial Vehicles",3,,
,"Dual fuel","Passenger Vehicles",36,,
,,"Light Commercial Vehicles",14,,
,"Other","Passenger Vehicles",54,,
,,"Light Commercial Vehicles",0,,
,"Unknown","Passenger Vehicles",7,,
,,"Light Commercial Vehicles",0,,
"2306","Diesel","Passenger Vehicles",79,,
,,"Light Commercial Vehicles",115,,
,"Electric","Passenger Vehicles",0,,
,,"Light Commercial Vehicles",0,,
,"Petrol leaded","Passenger Vehicles",3,,
,,"Light Commercial Vehicles",3,,
,"Petrol unleaded","Passenger Vehicles",1328,,
,,"Light Commercial Vehicles",88,,
,"LPG/Other gases","Passenger Vehicles",3,,
,,"Light Commercial Vehicles",0,,
,"Dual fuel","Passenger Vehicles",27,,
,,"Light Commercial Vehicles",9,,
,"Other","Passenger Vehicles",3,,
,,"Light Commercial Vehicles",0,,
,"Unknown","Passenger Vehicles",0,,
,,"Light Commercial Vehicles",3,,
"2307","Diesel","Passenger Vehicles",192,,
,,"Light Commercial Vehicles",230,,
,"Electric","Passenger Vehicles",0,,
,,"Light Commercial Vehicles",0,,
,"Petrol leaded","Passenger Vehicles",26,,
,,"Light Commercial Vehicles",5,,
,"Petrol unleaded","Passenger Vehicles",2062,,
,,"Light Commercial Vehicles",128,,
,"LPG/Other gases","Passenger Vehicles",4,,
,,"Light Commercial Vehicles",4,,
,"Dual fuel","Passenger Vehicles",16,,
,,"Light Commercial Vehicles",6,,
,"Other","Passenger Vehicles",6,,
,,"Light Commercial Vehicles",0,,
,"Unknown","Passenger Vehicles",3,,
,,"Light Commercial Vehicles",0,,
"2308","Diesel","Passenger Vehicles",8,,
,,"Light Commercial Vehicles",20,,
,"Electric","Passenger Vehicles",0,,
,,"Light Commercial Vehicles",0,,
,"Petrol leaded","Passenger Vehicles",0,,
,,"Light Commercial Vehicles",0,,
,"Petrol unleaded","Passenger Vehicles",185,,
,,"Light Commercial Vehicles",6,,
,"LPG/Other gases","Passenger Vehicles",0,,
,,"Light Commercial Vehicles",0,,
,"Dual fuel","Passenger Vehicles",3,,
,,"Light Commercial Vehicles",0,,
,"Other","Passenger Vehicles",0,,
,,"Light Commercial Vehicles",0,,
,"Unknown","Passenger Vehicles",0,,
,,"Light Commercial Vehicles",0,,
"2309","Diesel","Passenger Vehicles",0,,
,,"Light Commercial Vehicles",0,,
,"Electric","Passenger Vehicles",0,,
,,"Light Commercial Vehicles",0,,
,"Petrol leaded","Passenger Vehicles",0,,
,,"Light Commercial Vehicles",0,,
,"Petrol unleaded","Passenger Vehicles",0,,
,,"Light Commercial Vehicles",0,,
,"LPG/Other gases","Passenger Vehicles",0,,
,,"Light Commercial Vehicles",0,,
,"Dual fuel","Passenger Vehicles",0,,
,,"Light Commercial Vehicles",0,,
,"Other","Passenger Vehicles",0,,
,,"Light Commercial Vehicles",0,,
,"Unknown","Passenger Vehicles",0,,
,,"Light Commercial Vehicles",0,,
"2311","Diesel","Passenger Vehicles",124,,
,,"Light Commercial Vehicles",223,,
,"Electric","Passenger Vehicles",0,,
,,"Light Commercial Vehicles",0,,
,"Petrol leaded","Passenger Vehicles",12,,
,,"Light Commercial Vehicles",7,,
,"Petrol unleaded","Passenger Vehicles",353,,
,,"Light Commercial Vehicles",55,,
,"LPG/Other gases","Passenger Vehicles",0,,
,,"Light Commercial Vehicles",0,,
,"Dual fuel","Passenger Vehicles",4,,
,,"Light Commercial Vehicles",5,,
,"Other","Passenger Vehicles",0,,
,,"Light Commercial Vehicles",0,,
,"Unknown","Passenger Vehicles",0,,
,,"Light Commercial Vehicles",0,,
"2312","Diesel","Passenger Vehicles",162,,
,,"Light Commercial Vehicles",278,,
,"Electric","Passenger Vehicles",0,,
,,"Light Commercial Vehicles",0,,
,"Petrol leaded","Passenger Vehicles",13,,
,,"Light Commercial Vehicles",9,,
,"Petrol unleaded","Passenger Vehicles",725,,
,,"Light Commercial Vehicles",110,,
,"LPG/Other gases","Passenger Vehicles",3,,
,,"Light Commercial Vehicles",3,,
,"Dual fuel","Passenger Vehicles",21,,
,,"Light Commercial Vehicles",7,,
,"Other","Passenger Vehicles",3,,
,,"Light Commercial Vehicles",0,,
,"Unknown","Passenger Vehicles",3,,
,,"Light Commercial Vehicles",0,,
"2314","Diesel","Passenger Vehicles",6,,
,,"Light Commercial Vehicles",11,,
,"Electric","Passenger Vehicles",0,,
,,"Light Commercial Vehicles",0,,
,"Petrol leaded","Passenger Vehicles",0,,
,,"Light Commercial Vehicles",0,,
,"Petrol unleaded","Passenger Vehicles",21,,
,,"Light Commercial Vehicles",0,,
,"LPG/Other gases","Passenger Vehicles",0,,
,,"Light Commercial Vehicles",0,,
,"Dual fuel","Passenger Vehicles",0,,
,,"Light Commercial Vehicles",0,,
,"Other","Passenger Vehicles",0,,
,,"Light Commercial Vehicles",0,,
,"Unknown","Passenger Vehicles",0,,
,,"Light Commercial Vehicles",0,,
"2315","Diesel","Passenger Vehicles",1324,,
,,"Light Commercial Vehicles",1108,,
,"Electric","Passenger Vehicles",0,,
,,"Light Commercial Vehicles",0,,
,"Petrol leaded","Passenger Vehicles",101,,
,,"Light Commercial Vehicles",26,,
,"Petrol unleaded","Passenger Vehicles",8035,,
,,"Light Commercial Vehicles",552,,
,"LPG/Other gases","Passenger Vehicles",15,,
,,"Light Commercial Vehicles",11,,
,"Dual fuel","Passenger Vehicles",61,,
,,"Light Commercial Vehicles",21,,
,"Other","Passenger Vehicles",39,,
,,"Light Commercial Vehicles",0,,
,"Unknown","Passenger Vehicles",10,,
,,"Light Commercial Vehicles",0,,
"2316","Diesel","Passenger Vehicles",545,,
,,"Light Commercial Vehicles",775,,
,"Electric","Passenger Vehicles",0,,
,,"Light Commercial Vehicles",0,,
,"Petrol leaded","Passenger Vehicles",38,,
,,"Light Commercial Vehicles",10,,
,"Petrol unleaded","Passenger Vehicles",2978,,
,,"Light Commercial Vehicles",304,,
,"LPG/Other gases","Passenger Vehicles",13,,
,,"Light Commercial Vehicles",5,,
,"Dual fuel","Passenger Vehicles",24,,
,,"Light Commercial Vehicles",16,,
,"Other","Passenger Vehicles",10,,
,,"Light Commercial Vehicles",0,,
,"Unknown","Passenger Vehicles",0,,
,,"Light Commercial Vehicles",0,,
"2317","Diesel","Passenger Vehicles",555,,
,,"Light Commercial Vehicles",530,,
,"Electric","Passenger Vehicles",0,,
,,"Light Commercial Vehicles",0,,
,"Petrol leaded","Passenger Vehicles",41,,
,,"Light Commercial Vehicles",12,,
,"Petrol unleaded","Passenger Vehicles",3492,,
,,"Light Commercial Vehicles",263,,
,"LPG/Other gases","Passenger Vehicles",18,,
,,"Light Commercial Vehicles",9,,
,"Dual fuel","Passenger Vehicles",43,,
,,"Light Commercial Vehicles",11,,
,"Other","Passenger Vehicles",29,,
,,"Light Commercial Vehicles",0,,
,"Unknown","Passenger Vehicles",3,,
,,"Light Commercial Vehicles",0,,
"2318","Diesel","Passenger Vehicles",1301,,
,,"Light Commercial Vehicles",1531,,
,"Electric","Passenger Vehicles",3,,
,,"Light Commercial Vehicles",0,,
,"Petrol leaded","Passenger Vehicles",108,,
,,"Light Commercial Vehicles",31,,
,"Petrol unleaded","Passenger Vehicles",6002,,
,,"Light Commercial Vehicles",513,,
,"LPG/Other gases","Passenger Vehicles",18,,
,,"Light Commercial Vehicles",18,,
,"Dual fuel","Passenger Vehicles",95,,
,,"Light Commercial Vehicles",30,,
,"Other","Passenger Vehicles",28,,
,,"Light Commercial Vehicles",0,,
,"Unknown","Passenger Vehicles",5,,
,,"Light Commercial Vehicles",3,,
"2319","Diesel","Passenger Vehicles",503,,
,,"Light Commercial Vehicles",614,,
,"Electric","Passenger Vehicles",0,,
,,"Light Commercial Vehicles",0,,
,"Petrol leaded","Passenger Vehicles",54,,
,,"Light Commercial Vehicles",17,,
,"Petrol unleaded","Passenger Vehicles",3385,,
,,"Light Commercial Vehicles",311,,
,"LPG/Other gases","Passenger Vehicles",14,,
,,"Light Commercial Vehicles",18,,
,"Dual fuel","Passenger Vehicles",53,,
,,"Light Commercial Vehicles",12,,
,"Other","Passenger Vehicles",11,,
,,"Light Commercial Vehicles",0,,
,"Unknown","Passenger Vehicles",5,,
,,"Light Commercial Vehicles",0,,
"2320","Diesel","Passenger Vehicles",3254,,
,,"Light Commercial Vehicles",4848,,
,"Electric","Passenger Vehicles",3,,
,,"Light Commercial Vehicles",0,,
,"Petrol leaded","Passenger Vehicles",306,,
,,"Light Commercial Vehicles",79,,
,"Petrol unleaded","Passenger Vehicles",17266,,
,,"Light Commercial Vehicles",1545,,
,"LPG/Other gases","Passenger Vehicles",32,,
,,"Light Commercial Vehicles",54,,
,"Dual fuel","Passenger Vehicles",125,,
,,"Light Commercial Vehicles",78,,
,"Other","Passenger Vehicles",61,,
,,"Light Commercial Vehicles",3,,
,"Unknown","Passenger Vehicles",17,,
,,"Light Commercial Vehicles",4,,
"2321","Diesel","Passenger Vehicles",1556,,
,,"Light Commercial Vehicles",2229,,
,"Electric","Passenger Vehicles",3,,
,,"Light Commercial Vehicles",0,,
,"Petrol leaded","Passenger Vehicles",169,,
,,"Light Commercial Vehicles",32,,
,"Petrol unleaded","Passenger Vehicles",7536,,
,,"Light Commercial Vehicles",677,,
,"LPG/Other gases","Passenger Vehicles",15,,
,,"Light Commercial Vehicles",29,,
,"Dual fuel","Passenger Vehicles",72,,
,,"Light Commercial Vehicles",43,,
,"Other","Passenger Vehicles",27,,
,,"Light Commercial Vehicles",0,,
,"Unknown","Passenger Vehicles",6,,
,,"Light Commercial Vehicles",4,,
"2322","Diesel","Passenger Vehicles",1933,,
,,"Light Commercial Vehicles",4321,,
,"Electric","Passenger Vehicles",0,,
,,"Light Commercial Vehicles",0,,
,"Petrol leaded","Passenger Vehicles",139,,
,,"Light Commercial Vehicles",36,,
,"Petrol unleaded","Passenger Vehicles",10926,,
,,"Light Commercial Vehicles",1295,,
,"LPG/Other gases","Passenger Vehicles",36,,
,,"Light Commercial Vehicles",54,,
,"Dual fuel","Passenger Vehicles",101,,
,,"Light Commercial Vehicles",48,,
,"Other","Passenger Vehicles",32,,
,,"Light Commercial Vehicles",3,,
,"Unknown","Passenger Vehicles",16,,
,,"Light Commercial Vehicles",4,,
"2323","Diesel","Passenger Vehicles",1878,,
,,"Light Commercial Vehicles",2355,,
,"Electric","Passenger Vehicles",0,,
,,"Light Commercial Vehicles",0,,
,"Petrol leaded","Passenger Vehicles",149,,
,,"Light Commercial Vehicles",44,,
,"Petrol unleaded","Passenger Vehicles",13170,,
,,"Light Commercial Vehicles",997,,
,"LPG/Other gases","Passenger Vehicles",28,,
,,"Light Commercial Vehicles",15,,
,"Dual fuel","Passenger Vehicles",100,,
,,"Light Commercial Vehicles",38,,
,"Other","Passenger Vehicles",66,,
,,"Light Commercial Vehicles",0,,
,"Unknown","Passenger Vehicles",14,,
,,"Light Commercial Vehicles",11,,
"2324","Diesel","Passenger Vehicles",2147,,
,,"Light Commercial Vehicles",2870,,
,"Electric","Passenger Vehicles",3,,
,,"Light Commercial Vehicles",0,,
,"Petrol leaded","Passenger Vehicles",157,,
,,"Light Commercial Vehicles",49,,
,"Petrol unleaded","Passenger Vehicles",11887,,
,,"Light Commercial Vehicles",1176,,
,"LPG/Other gases","Passenger Vehicles",49,,
,,"Light Commercial Vehicles",31,,
,"Dual fuel","Passenger Vehicles",146,,
,,"Light Commercial Vehicles",60,,
,"Other","Passenger Vehicles",52,,
,,"Light Commercial Vehicles",0,,
,"Unknown","Passenger Vehicles",8,,
,,"Light Commercial Vehicles",0,,
"2325","Diesel","Passenger Vehicles",2201,,
,,"Light Commercial Vehicles",3469,,
,"Electric","Passenger Vehicles",0,,
,,"Light Commercial Vehicles",0,,
,"Petrol leaded","Passenger Vehicles",224,,
,,"Light Commercial Vehicles",67,,
,"Petrol unleaded","Passenger Vehicles",12734,,
,,"Light Commercial Vehicles",1418,,
,"LPG/Other gases","Passenger Vehicles",40,,
,,"Light Commercial Vehicles",41,,
,"Dual fuel","Passenger Vehicles",148,,
,,"Light Commercial Vehicles",59,,
,"Other","Passenger Vehicles",31,,
,,"Light Commercial Vehicles",0,,
,"Unknown","Passenger Vehicles",15,,
,,"Light Commercial Vehicles",5,,
"2326","Diesel","Passenger Vehicles",511,,
,,"Light Commercial Vehicles",957,,
,"Electric","Passenger Vehicles",0,,
,,"Light Commercial Vehicles",0,,
,"Petrol leaded","Passenger Vehicles",66,,
,,"Light Commercial Vehicles",18,,
,"Petrol unleaded","Passenger Vehicles",3593,,
,,"Light Commercial Vehicles",489,,
,"LPG/Other gases","Passenger Vehicles",16,,
,,"Light Commercial Vehicles",5,,
,"Dual fuel","Passenger Vehicles",47,,
,,"Light Commercial Vehicles",35,,
,"Other","Passenger Vehicles",3,,
,,"Light Commercial Vehicles",0,,
,"Unknown","Passenger Vehicles",3,,
,,"Light Commercial Vehicles",0,,
"2327","Diesel","Passenger Vehicles",502,,
,,"Light Commercial Vehicles",865,,
,"Electric","Passenger Vehicles",0,,
,,"Light Commercial Vehicles",0,,
,"Petrol leaded","Passenger Vehicles",64,,
,,"Light Commercial Vehicles",12,,
,"Petrol unleaded","Passenger Vehicles",3888,,
,,"Light Commercial Vehicles",427,,
,"LPG/Other gases","Passenger Vehicles",7,,
,,"Light Commercial Vehicles",15,,
,"Dual fuel","Passenger Vehicles",51,,
,,"Light Commercial Vehicles",17,,
,"Other","Passenger Vehicles",12,,
,,"Light Commercial Vehicles",0,,
,"Unknown","Passenger Vehicles",8,,
,,"Light Commercial Vehicles",0,,
"2328","Diesel","Passenger Vehicles",275,,
,,"Light Commercial Vehicles",528,,
,"Electric","Passenger Vehicles",3,,
,,"Light Commercial Vehicles",0,,
,"Petrol leaded","Passenger Vehicles",16,,
,,"Light Commercial Vehicles",9,,
,"Petrol unleaded","Passenger Vehicles",929,,
,,"Light Commercial Vehicles",134,,
,"LPG/Other gases","Passenger Vehicles",0,,
,,"Light Commercial Vehicles",3,,
,"Dual fuel","Passenger Vehicles",3,,
,,"Light Commercial Vehicles",12,,
,"Other","Passenger Vehicles",3,,
,,"Light Commercial Vehicles",0,,
,"Unknown","Passenger Vehicles",0,,
,,"Light Commercial Vehicles",3,,
"2329","Diesel","Passenger Vehicles",306,,
,,"Light Commercial Vehicles",573,,
,"Electric","Passenger Vehicles",0,,
,,"Light Commercial Vehicles",0,,
,"Petrol leaded","Passenger Vehicles",10,,
,,"Light Commercial Vehicles",12,,
,"Petrol unleaded","Passenger Vehicles",732,,
,,"Light Commercial Vehicles",129,,
,"LPG/Other gases","Passenger Vehicles",0,,
,,"Light Commercial Vehicles",3,,
,"Dual fuel","Passenger Vehicles",10,,
,,"Light Commercial Vehicles",4,,
,"Other","Passenger Vehicles",5,,
,,"Light Commercial Vehicles",0,,
,"Unknown","Passenger Vehicles",0,,
,,"Light Commercial Vehicles",3,,
"2330","Diesel","Passenger Vehicles",2673,,
,,"Light Commercial Vehicles",5105,,
,"Electric","Passenger Vehicles",0,,
,,"Light Commercial Vehicles",0,,
,"Petrol leaded","Passenger Vehicles",150,,
,,"Light Commercial Vehicles",61,,
,"Petrol unleaded","Passenger Vehicles",9021,,
,,"Light Commercial Vehicles",1108,,
,"LPG/Other gases","Passenger Vehicles",24,,
,,"Light Commercial Vehicles",42,,
,"Dual fuel","Passenger Vehicles",104,,
,,"Light Commercial Vehicles",84,,
,"Other","Passenger Vehicles",34,,
,,"Light Commercial Vehicles",0,,
,"Unknown","Passenger Vehicles",9,,
,,"Light Commercial Vehicles",3,,
"2331","Diesel","Passenger Vehicles",3,,
,,"Light Commercial Vehicles",0,,
,"Electric","Passenger Vehicles",0,,
,,"Light Commercial Vehicles",0,,
,"Petrol leaded","Passenger Vehicles",0,,
,,"Light Commercial Vehicles",0,,
,"Petrol unleaded","Passenger Vehicles",5,,
,,"Light Commercial Vehicles",0,,
,"LPG/Other gases","Passenger Vehicles",0,,
,,"Light Commercial Vehicles",0,,
,"Dual fuel","Passenger Vehicles",0,,
,,"Light Commercial Vehicles",0,,
,"Other","Passenger Vehicles",0,,
,,"Light Commercial Vehicles",0,,
,"Unknown","Passenger Vehicles",0,,
,,"Light Commercial Vehicles",0,,
"2333","Diesel","Passenger Vehicles",1345,,
,,"Light Commercial Vehicles",2683,,
,"Electric","Passenger Vehicles",0,,
,,"Light Commercial Vehicles",0,,
,"Petrol leaded","Passenger Vehicles",107,,
,,"Light Commercial Vehicles",44,,
,"Petrol unleaded","Passenger Vehicles",5926,,
,,"Light Commercial Vehicles",668,,
,"LPG/Other gases","Passenger Vehicles",14,,
,,"Light Commercial Vehicles",10,,
,"Dual fuel","Passenger Vehicles",54,,
,,"Light Commercial Vehicles",62,,
,"Other","Passenger Vehicles",13,,
,,"Light Commercial Vehicles",3,,
,"Unknown","Passenger Vehicles",6,,
,,"Light Commercial Vehicles",0,,
"2334","Diesel","Passenger Vehicles",230,,
,,"Light Commercial Vehicles",423,,
,"Electric","Passenger Vehicles",0,,
,,"Light Commercial Vehicles",0,,
,"Petrol leaded","Passenger Vehicles",15,,
,,"Light Commercial Vehicles",13,,
,"Petrol unleaded","Passenger Vehicles",1248,,
,,"Light Commercial Vehicles",145,,
,"LPG/Other gases","Passenger Vehicles",4,,
,,"Light Commercial Vehicles",3,,
,"Dual fuel","Passenger Vehicles",12,,
,,"Light Commercial Vehicles",12,,
,"Other","Passenger Vehicles",0,,
,,"Light Commercial Vehicles",0,,
,"Unknown","Passenger Vehicles",3,,
,,"Light Commercial Vehicles",0,,
"2335","Diesel","Passenger Vehicles",851,,
,,"Light Commercial Vehicles",1266,,
,"Electric","Passenger Vehicles",0,,
,,"Light Commercial Vehicles",0,,
,"Petrol leaded","Passenger Vehicles",54,,
,,"Light Commercial Vehicles",25,,
,"Petrol unleaded","Passenger Vehicles",2885,,
,,"Light Commercial Vehicles",329,,
,"LPG/Other gases","Passenger Vehicles",9,,
,,"Light Commercial Vehicles",4,,
,"Dual fuel","Passenger Vehicles",27,,
,,"Light Commercial Vehicles",13,,
,"Other","Passenger Vehicles",16,,
,,"Light Commercial Vehicles",0,,
,"Unknown","Passenger Vehicles",4,,
,,"Light Commercial Vehicles",0,,
"2336","Diesel","Passenger Vehicles",263,,
,,"Light Commercial Vehicles",550,,
,"Electric","Passenger Vehicles",0,,
,,"Light Commercial Vehicles",0,,
,"Petrol leaded","Passenger Vehicles",16,,
,,"Light Commercial Vehicles",16,,
,"Petrol unleaded","Passenger Vehicles",1032,,
,,"Light Commercial Vehicles",134,,
,"LPG/Other gases","Passenger Vehicles",3,,
,,"Light Commercial Vehicles",3,,
,"Dual fuel","Passenger Vehicles",14,,
,,"Light Commercial Vehicles",5,,
,"Other","Passenger Vehicles",3,,
,,"Light Commercial Vehicles",0,,
,"Unknown","Passenger Vehicles",4,,
,,"Light Commercial Vehicles",0,,
"2337","Diesel","Passenger Vehicles",917,,
,,"Light Commercial Vehicles",1789,,
,"Electric","Passenger Vehicles",0,,
,,"Light Commercial Vehicles",0,,
,"Petrol leaded","Passenger Vehicles",36,,
,,"Light Commercial Vehicles",22,,
,"Petrol unleaded","Passenger Vehicles",3112,,
,,"Light Commercial Vehicles",389,,
,"LPG/Other gases","Passenger Vehicles",3,,
,,"Light Commercial Vehicles",3,,
,"Dual fuel","Passenger Vehicles",47,,
,,"Light Commercial Vehicles",33,,
,"Other","Passenger Vehicles",9,,
,,"Light Commercial Vehicles",0,,
,"Unknown","Passenger Vehicles",6,,
,,"Light Commercial Vehicles",0,,
"2338","Diesel","Passenger Vehicles",158,,
,,"Light Commercial Vehicles",300,,
,"Electric","Passenger Vehicles",0,,
,,"Light Commercial Vehicles",0,,
,"Petrol leaded","Passenger Vehicles",13,,
,,"Light Commercial Vehicles",9,,
,"Petrol unleaded","Passenger Vehicles",551,,
,,"Light Commercial Vehicles",99,,
,"LPG/Other gases","Passenger Vehicles",0,,
,,"Light Commercial Vehicles",0,,
,"Dual fuel","Passenger Vehicles",10,,
,,"Light Commercial Vehicles",8,,
,"Other","Passenger Vehicles",0,,
,,"Light Commercial Vehicles",0,,
,"Unknown","Passenger Vehicles",5,,
,,"Light Commercial Vehicles",0,,
"2339","Diesel","Passenger Vehicles",146,,
,,"Light Commercial Vehicles",272,,
,"Electric","Passenger Vehicles",0,,
,,"Light Commercial Vehicles",0,,
,"Petrol leaded","Passenger Vehicles",3,,
,,"Light Commercial Vehicles",3,,
,"Petrol unleaded","Passenger Vehicles",225,,
,,"Light Commercial Vehicles",45,,
,"LPG/Other gases","Passenger Vehicles",0,,
,,"Light Commercial Vehicles",0,,
,"Dual fuel","Passenger Vehicles",3,,
,,"Light Commercial Vehicles",0,,
,"Other","Passenger Vehicles",0,,
,,"Light Commercial Vehicles",0,,
,"Unknown","Passenger Vehicles",3,,
,,"Light Commercial Vehicles",0,,
"2340","Diesel","Passenger Vehicles",4232,,
,,"Light Commercial Vehicles",7525,,
,"Electric","Passenger Vehicles",3,,
,,"Light Commercial Vehicles",3,,
,"Petrol leaded","Passenger Vehicles",376,,
,,"Light Commercial Vehicles",189,,
,"Petrol unleaded","Passenger Vehicles",23072,,
,,"Light Commercial Vehicles",2954,,
,"LPG/Other gases","Passenger Vehicles",41,,
,,"Light Commercial Vehicles",35,,
,"Dual fuel","Passenger Vehicles",124,,
,,"Light Commercial Vehicles",104,,
,"Other","Passenger Vehicles",138,,
,,"Light Commercial Vehicles",0,,
,"Unknown","Passenger Vehicles",39,,
,,"Light Commercial Vehicles",10,,
"2341","Diesel","Passenger Vehicles",96,,
,,"Light Commercial Vehicles",210,,
,"Electric","Passenger Vehicles",0,,
,,"Light Commercial Vehicles",0,,
,"Petrol leaded","Passenger Vehicles",23,,
,,"Light Commercial Vehicles",12,,
,"Petrol unleaded","Passenger Vehicles",715,,
,,"Light Commercial Vehicles",109,,
,"LPG/Other gases","Passenger Vehicles",0,,
,,"Light Commercial Vehicles",3,,
,"Dual fuel","Passenger Vehicles",5,,
,,"Light Commercial Vehicles",3,,
,"Other","Passenger Vehicles",3,,
,,"Light Commercial Vehicles",0,,
,"Unknown","Passenger Vehicles",3,,
,,"Light Commercial Vehicles",0,,
"2342","Diesel","Passenger Vehicles",70,,
,,"Light Commercial Vehicles",147,,
,"Electric","Passenger Vehicles",0,,
,,"Light Commercial Vehicles",0,,
,"Petrol leaded","Passenger Vehicles",0,,
,,"Light Commercial Vehicles",8,,
,"Petrol unleaded","Passenger Vehicles",146,,
,,"Light Commercial Vehicles",31,,
,"LPG/Other gases","Passenger Vehicles",0,,
,,"Light Commercial Vehicles",3,,
,"Dual fuel","Passenger Vehicles",0,,
,,"Light Commercial Vehicles",3,,
,"Other","Passenger Vehicles",0,,
,,"Light Commercial Vehicles",0,,
,"Unknown","Passenger Vehicles",0,,
,,"Light Commercial Vehicles",0,,
"2343","Diesel","Passenger Vehicles",571,,
,,"Light Commercial Vehicles",1170,,
,"Electric","Passenger Vehicles",0,,
,,"Light Commercial Vehicles",0,,
,"Petrol leaded","Passenger Vehicles",36,,
,,"Light Commercial Vehicles",30,,
,"Petrol unleaded","Passenger Vehicles",1877,,
,,"Light Commercial Vehicles",365,,
,"LPG/Other gases","Passenger Vehicles",0,,
,,"Light Commercial Vehicles",4,,
,"Dual fuel","Passenger Vehicles",21,,
,,"Light Commercial Vehicles",10,,
,"Other","Passenger Vehicles",4,,
,,"Light Commercial Vehicles",0,,
,"Unknown","Passenger Vehicles",7,,
,,"Light Commercial Vehicles",6,,
"2344","Diesel","Passenger Vehicles",103,,
,,"Light Commercial Vehicles",226,,
,"Electric","Passenger Vehicles",0,,
,,"Light Commercial Vehicles",0,,
,"Petrol leaded","Passenger Vehicles",3,,
,,"Light Commercial Vehicles",3,,
,"Petrol unleaded","Passenger Vehicles",239,,
,,"Light Commercial Vehicles",59,,
,"LPG/Other gases","Passenger Vehicles",0,,
,,"Light Commercial Vehicles",0,,
,"Dual fuel","Passenger Vehicles",3,,
,,"Light Commercial Vehicles",3,,
,"Other","Passenger Vehicles",0,,
,,"Light Commercial Vehicles",0,,
,"Unknown","Passenger Vehicles",0,,
,,"Light Commercial Vehicles",0,,
"2345","Diesel","Passenger Vehicles",89,,
,,"Light Commercial Vehicles",199,,
,"Electric","Passenger Vehicles",0,,
,,"Light Commercial Vehicles",0,,
,"Petrol leaded","Passenger Vehicles",8,,
,,"Light Commercial Vehicles",0,,
,"Petrol unleaded","Passenger Vehicles",261,,
,,"Light Commercial Vehicles",58,,
,"LPG/Other gases","Passenger Vehicles",3,,
,,"Light Commercial Vehicles",3,,
,"Dual fuel","Passenger Vehicles",0,,
,,"Light Commercial Vehicles",3,,
,"Other","Passenger Vehicles",0,,
,,"Light Commercial Vehicles",0,,
,"Unknown","Passenger Vehicles",0,,
,,"Light Commercial Vehicles",0,,
"2346","Diesel","Passenger Vehicles",286,,
,,"Light Commercial Vehicles",649,,
,"Electric","Passenger Vehicles",0,,
,,"Light Commercial Vehicles",0,,
,"Petrol leaded","Passenger Vehicles",18,,
,,"Light Commercial Vehicles",19,,
,"Petrol unleaded","Passenger Vehicles",1264,,
,,"Light Commercial Vehicles",250,,
,"LPG/Other gases","Passenger Vehicles",0,,
,,"Light Commercial Vehicles",3,,
,"Dual fuel","Passenger Vehicles",6,,
,,"Light Commercial Vehicles",5,,
,"Other","Passenger Vehicles",3,,
,,"Light Commercial Vehicles",0,,
,"Unknown","Passenger Vehicles",3,,
,,"Light Commercial Vehicles",0,,
"2347","Diesel","Passenger Vehicles",219,,
,,"Light Commercial Vehicles",480,,
,"Electric","Passenger Vehicles",0,,
,,"Light Commercial Vehicles",0,,
,"Petrol leaded","Passenger Vehicles",13,,
,,"Light Commercial Vehicles",8,,
,"Petrol unleaded","Passenger Vehicles",688,,
,,"Light Commercial Vehicles",141,,
,"LPG/Other gases","Passenger Vehicles",3,,
,,"Light Commercial Vehicles",0,,
,"Dual fuel","Passenger Vehicles",5,,
,,"Light Commercial Vehicles",0,,
,"Other","Passenger Vehicles",0,,
,,"Light Commercial Vehicles",0,,
,"Unknown","Passenger Vehicles",0,,
,,"Light Commercial Vehicles",0,,
"2350","Diesel","Passenger Vehicles",1986,,
,,"Light Commercial Vehicles",3027,,
,"Electric","Passenger Vehicles",0,,
,,"Light Commercial Vehicles",0,,
,"Petrol leaded","Passenger Vehicles",223,,
,,"Light Commercial Vehicles",105,,
,"Petrol unleaded","Passenger Vehicles",11187,,
,,"Light Commercial Vehicles",1240,,
,"LPG/Other gases","Passenger Vehicles",9,,
,,"Light Commercial Vehicles",9,,
,"Dual fuel","Passenger Vehicles",67,,
,,"Light Commercial Vehicles",67,,
,"Other","Passenger Vehicles",64,,
,,"Light Commercial Vehicles",0,,
,"Unknown","Passenger Vehicles",25,,
,,"Light Commercial Vehicles",12,,
"2351","Diesel","Passenger Vehicles",5,,
,,"Light Commercial Vehicles",0,,
,"Electric","Passenger Vehicles",0,,
,,"Light Commercial Vehicles",0,,
,"Petrol leaded","Passenger Vehicles",0,,
,,"Light Commercial Vehicles",0,,
,"Petrol unleaded","Passenger Vehicles",81,,
,,"Light Commercial Vehicles",3,,
,"LPG/Other gases","Passenger Vehicles",0,,
,,"Light Commercial Vehicles",0,,
,"Dual fuel","Passenger Vehicles",0,,
,,"Light Commercial Vehicles",0,,
,"Other","Passenger Vehicles",0,,
,,"Light Commercial Vehicles",0,,
,"Unknown","Passenger Vehicles",0,,
,,"Light Commercial Vehicles",0,,
"2352","Diesel","Passenger Vehicles",241,,
,,"Light Commercial Vehicles",532,,
,"Electric","Passenger Vehicles",0,,
,,"Light Commercial Vehicles",0,,
,"Petrol leaded","Passenger Vehicles",27,,
,,"Light Commercial Vehicles",16,,
,"Petrol unleaded","Passenger Vehicles",1194,,
,,"Light Commercial Vehicles",188,,
,"LPG/Other gases","Passenger Vehicles",3,,
,,"Light Commercial Vehicles",3,,
,"Dual fuel","Passenger Vehicles",13,,
,,"Light Commercial Vehicles",6,,
,"Other","Passenger Vehicles",0,,
,,"Light Commercial Vehicles",0,,
,"Unknown","Passenger Vehicles",4,,
,,"Light Commercial Vehicles",0,,
"2353","Diesel","Passenger Vehicles",140,,
,,"Light Commercial Vehicles",273,,
,"Electric","Passenger Vehicles",0,,
,,"Light Commercial Vehicles",0,,
,"Petrol leaded","Passenger Vehicles",10,,
,,"Light Commercial Vehicles",5,,
,"Petrol unleaded","Passenger Vehicles",418,,
,,"Light Commercial Vehicles",83,,
,"LPG/Other gases","Passenger Vehicles",0,,
,,"Light Commercial Vehicles",3,,
,"Dual fuel","Passenger Vehicles",6,,
,,"Light Commercial Vehicles",6,,
,"Other","Passenger Vehicles",0,,
,,"Light Commercial Vehicles",0,,
,"Unknown","Passenger Vehicles",0,,
,,"Light Commercial Vehicles",0,,
"2354","Diesel","Passenger Vehicles",553,,
,,"Light Commercial Vehicles",1142,,
,"Electric","Passenger Vehicles",0,,
,,"Light Commercial Vehicles",0,,
,"Petrol leaded","Passenger Vehicles",23,,
,,"Light Commercial Vehicles",21,,
,"Petrol unleaded","Passenger Vehicles",1225,,
,,"Light Commercial Vehicles",259,,
,"LPG/Other gases","Passenger Vehicles",0,,
,,"Light Commercial Vehicles",0,,
,"Dual fuel","Passenger Vehicles",8,,
,,"Light Commercial Vehicles",14,,
,"Other","Passenger Vehicles",4,,
,,"Light Commercial Vehicles",0,,
,"Unknown","Passenger Vehicles",10,,
,,"Light Commercial Vehicles",3,,
"2355","Diesel","Passenger Vehicles",60,,
,,"Light Commercial Vehicles",175,,
,"Electric","Passenger Vehicles",0,,
,,"Light Commercial Vehicles",0,,
,"Petrol leaded","Passenger Vehicles",5,,
,,"Light Commercial Vehicles",4,,
,"Petrol unleaded","Passenger Vehicles",245,,
,,"Light Commercial Vehicles",63,,
,"LPG/Other gases","Passenger Vehicles",0,,
,,"Light Commercial Vehicles",3,,
,"Dual fuel","Passenger Vehicles",0,,
,,"Light Commercial Vehicles",0,,
,"Other","Passenger Vehicles",0,,
,,"Light Commercial Vehicles",0,,
,"Unknown","Passenger Vehicles",0,,
,,"Light Commercial Vehicles",0,,
"2356","Diesel","Passenger Vehicles",14,,
,,"Light Commercial Vehicles",36,,
,"Electric","Passenger Vehicles",0,,
,,"Light Commercial Vehicles",0,,
,"Petrol leaded","Passenger Vehicles",0,,
,,"Light Commercial Vehicles",0,,
,"Petrol unleaded","Passenger Vehicles",71,,
,,"Light Commercial Vehicles",20,,
,"LPG/Other gases","Passenger Vehicles",0,,
,,"Light Commercial Vehicles",0,,
,"Dual fuel","Passenger Vehicles",3,,
,,"Light Commercial Vehicles",0,,
,"Other","Passenger Vehicles",0,,
,,"Light Commercial Vehicles",0,,
,"Unknown","Passenger Vehicles",0,,
,,"Light Commercial Vehicles",0,,
"2357","Diesel","Passenger Vehicles",371,,
,,"Light Commercial Vehicles",870,,
,"Electric","Passenger Vehicles",0,,
,,"Light Commercial Vehicles",0,,
,"Petrol leaded","Passenger Vehicles",23,,
,,"Light Commercial Vehicles",13,,
,"Petrol unleaded","Passenger Vehicles",1600,,
,,"Light Commercial Vehicles",324,,
,"LPG/Other gases","Passenger Vehicles",0,,
,,"Light Commercial Vehicles",9,,
,"Dual fuel","Passenger Vehicles",17,,
,,"Light Commercial Vehicles",15,,
,"Other","Passenger Vehicles",5,,
,,"Light Commercial Vehicles",0,,
,"Unknown","Passenger Vehicles",3,,
,,"Light Commercial Vehicles",0,,
"2358","Diesel","Passenger Vehicles",366,,
,,"Light Commercial Vehicles",833,,
,"Electric","Passenger Vehicles",0,,
,,"Light Commercial Vehicles",0,,
,"Petrol leaded","Passenger Vehicles",38,,
,,"Light Commercial Vehicles",23,,
,"Petrol unleaded","Passenger Vehicles",1631,,
,,"Light Commercial Vehicles",319,,
,"LPG/Other gases","Passenger Vehicles",4,,
,,"Light Commercial Vehicles",6,,
,"Dual fuel","Passenger Vehicles",13,,
,,"Light Commercial Vehicles",24,,
,"Other","Passenger Vehicles",3,,
,,"Light Commercial Vehicles",0,,
,"Unknown","Passenger Vehicles",12,,
,,"Light Commercial Vehicles",3,,
"2359","Diesel","Passenger Vehicles",78,,
,,"Light Commercial Vehicles",216,,
,"Electric","Passenger Vehicles",0,,
,,"Light Commercial Vehicles",0,,
,"Petrol leaded","Passenger Vehicles",0,,
,,"Light Commercial Vehicles",11,,
,"Petrol unleaded","Passenger Vehicles",255,,
,,"Light Commercial Vehicles",65,,
,"LPG/Other gases","Passenger Vehicles",0,,
,,"Light Commercial Vehicles",0,,
,"Dual fuel","Passenger Vehicles",3,,
,,"Light Commercial Vehicles",3,,
,"Other","Passenger Vehicles",0,,
,,"Light Commercial Vehicles",0,,
,"Unknown","Passenger Vehicles",0,,
,,"Light Commercial Vehicles",0,,
"2360","Diesel","Passenger Vehicles",1147,,
,,"Light Commercial Vehicles",2742,,
,"Electric","Passenger Vehicles",0,,
,,"Light Commercial Vehicles",0,,
,"Petrol leaded","Passenger Vehicles",102,,
,,"Light Commercial Vehicles",109,,
,"Petrol unleaded","Passenger Vehicles",5767,,
,,"Light Commercial Vehicles",940,,
,"LPG/Other gases","Passenger Vehicles",0,,
,,"Light Commercial Vehicles",0,,
,"Dual fuel","Passenger Vehicles",28,,
,,"Light Commercial Vehicles",16,,
,"Other","Passenger Vehicles",16,,
,,"Light Commercial Vehicles",3,,
,"Unknown","Passenger Vehicles",6,,
,,"Light Commercial Vehicles",3,,
"2361","Diesel","Passenger Vehicles",91,,
,,"Light Commercial Vehicles",235,,
,"Electric","Passenger Vehicles",0,,
,,"Light Commercial Vehicles",0,,
,"Petrol leaded","Passenger Vehicles",9,,
,,"Light Commercial Vehicles",6,,
,"Petrol unleaded","Passenger Vehicles",299,,
,,"Light Commercial Vehicles",80,,
,"LPG/Other gases","Passenger Vehicles",0,,
,,"Light Commercial Vehicles",0,,
,"Dual fuel","Passenger Vehicles",0,,
,,"Light Commercial Vehicles",3,,
,"Other","Passenger Vehicles",0,,
,,"Light Commercial Vehicles",0,,
,"Unknown","Passenger Vehicles",0,,
,,"Light Commercial Vehicles",0,,
"2365","Diesel","Passenger Vehicles",451,,
,,"Light Commercial Vehicles",861,,
,"Electric","Passenger Vehicles",3,,
,,"Light Commercial Vehicles",0,,
,"Petrol leaded","Passenger Vehicles",35,,
,,"Light Commercial Vehicles",24,,
,"Petrol unleaded","Passenger Vehicles",1297,,
,,"Light Commercial Vehicles",230,,
,"LPG/Other gases","Passenger Vehicles",0,,
,,"Light Commercial Vehicles",3,,
,"Dual fuel","Passenger Vehicles",9,,
,,"Light Commercial Vehicles",3,,
,"Other","Passenger Vehicles",3,,
,,"Light Commercial Vehicles",0,,
,"Unknown","Passenger Vehicles",3,,
,,"Light Commercial Vehicles",6,,
"2369","Diesel","Passenger Vehicles",56,,
,,"Light Commercial Vehicles",192,,
,"Electric","Passenger Vehicles",0,,
,,"Light Commercial Vehicles",0,,
,"Petrol leaded","Passenger Vehicles",6,,
,,"Light Commercial Vehicles",9,,
,"Petrol unleaded","Passenger Vehicles",374,,
,,"Light Commercial Vehicles",98,,
,"LPG/Other gases","Passenger Vehicles",0,,
,,"Light Commercial Vehicles",0,,
,"Dual fuel","Passenger Vehicles",3,,
,,"Light Commercial Vehicles",0,,
,"Other","Passenger Vehicles",0,,
,,"Light Commercial Vehicles",0,,
,"Unknown","Passenger Vehicles",3,,
,,"Light Commercial Vehicles",0,,
"2370","Diesel","Passenger Vehicles",701,,
,,"Light Commercial Vehicles",1505,,
,"Electric","Passenger Vehicles",0,,
,,"Light Commercial Vehicles",0,,
,"Petrol leaded","Passenger Vehicles",77,,
,,"Light Commercial Vehicles",46,,
,"Petrol unleaded","Passenger Vehicles",3090,,
,,"Light Commercial Vehicles",422,,
,"LPG/Other gases","Passenger Vehicles",3,,
,,"Light Commercial Vehicles",0,,
,"Dual fuel","Passenger Vehicles",20,,
,,"Light Commercial Vehicles",13,,
,"Other","Passenger Vehicles",10,,
,,"Light Commercial Vehicles",0,,
,"Unknown","Passenger Vehicles",15,,
,,"Light Commercial Vehicles",3,,
"2371","Diesel","Passenger Vehicles",124,,
,,"Light Commercial Vehicles",301,,
,"Electric","Passenger Vehicles",0,,
,,"Light Commercial Vehicles",0,,
,"Petrol leaded","Passenger Vehicles",8,,
,,"Light Commercial Vehicles",8,,
,"Petrol unleaded","Passenger Vehicles",432,,
,,"Light Commercial Vehicles",90,,
,"LPG/Other gases","Passenger Vehicles",0,,
,,"Light Commercial Vehicles",0,,
,"Dual fuel","Passenger Vehicles",3,,
,,"Light Commercial Vehicles",5,,
,"Other","Passenger Vehicles",3,,
,,"Light Commercial Vehicles",0,,
,"Unknown","Passenger Vehicles",3,,
,,"Light Commercial Vehicles",0,,
"2372","Diesel","Passenger Vehicles",414,,
,,"Light Commercial Vehicles",1055,,
,"Electric","Passenger Vehicles",0,,
,,"Light Commercial Vehicles",0,,
,"Petrol leaded","Passenger Vehicles",66,,
,,"Light Commercial Vehicles",34,,
,"Petrol unleaded","Passenger Vehicles",1892,,
,,"Light Commercial Vehicles",314,,
,"LPG/Other gases","Passenger Vehicles",3,,
,,"Light Commercial Vehicles",0,,
,"Dual fuel","Passenger Vehicles",11,,
,,"Light Commercial Vehicles",26,,
,"Other","Passenger Vehicles",9,,
,,"Light Commercial Vehicles",0,,
,"Unknown","Passenger Vehicles",20,,
,,"Light Commercial Vehicles",6,,
"2379","Diesel","Passenger Vehicles",67,,
,,"Light Commercial Vehicles",133,,
,"Electric","Passenger Vehicles",0,,
,,"Light Commercial Vehicles",0,,
,"Petrol leaded","Passenger Vehicles",0,,
,,"Light Commercial Vehicles",3,,
,"Petrol unleaded","Passenger Vehicles",123,,
,,"Light Commercial Vehicles",25,,
,"LPG/Other gases","Passenger Vehicles",0,,
,,"Light Commercial Vehicles",0,,
,"Dual fuel","Passenger Vehicles",0,,
,,"Light Commercial Vehicles",0,,
,"Other","Passenger Vehicles",0,,
,,"Light Commercial Vehicles",0,,
,"Unknown","Passenger Vehicles",0,,
,,"Light Commercial Vehicles",0,,
"2380","Diesel","Passenger Vehicles",1093,,
,,"Light Commercial Vehicles",2437,,
,"Electric","Passenger Vehicles",3,,
,,"Light Commercial Vehicles",0,,
,"Petrol leaded","Passenger Vehicles",66,,
,,"Light Commercial Vehicles",51,,
,"Petrol unleaded","Passenger Vehicles",4108,,
,,"Light Commercial Vehicles",640,,
,"LPG/Other gases","Passenger Vehicles",5,,
,,"Light Commercial Vehicles",8,,
,"Dual fuel","Passenger Vehicles",21,,
,,"Light Commercial Vehicles",19,,
,"Other","Passenger Vehicles",13,,
,,"Light Commercial Vehicles",0,,
,"Unknown","Passenger Vehicles",4,,
,,"Light Commercial Vehicles",0,,
"2381","Diesel","Passenger Vehicles",174,,
,,"Light Commercial Vehicles",347,,
,"Electric","Passenger Vehicles",0,,
,,"Light Commercial Vehicles",0,,
,"Petrol leaded","Passenger Vehicles",5,,
,,"Light Commercial Vehicles",15,,
,"Petrol unleaded","Passenger Vehicles",440,,
,,"Light Commercial Vehicles",104,,
,"LPG/Other gases","Passenger Vehicles",0,,
,,"Light Commercial Vehicles",0,,
,"Dual fuel","Passenger Vehicles",3,,
,,"Light Commercial Vehicles",3,,
,"Other","Passenger Vehicles",0,,
,,"Light Commercial Vehicles",0,,
,"Unknown","Passenger Vehicles",0,,
,,"Light Commercial Vehicles",0,,
"2382","Diesel","Passenger Vehicles",229,,
,,"Light Commercial Vehicles",401,,
,"Electric","Passenger Vehicles",0,,
,,"Light Commercial Vehicles",0,,
,"Petrol leaded","Passenger Vehicles",9,,
,,"Light Commercial Vehicles",9,,
,"Petrol unleaded","Passenger Vehicles",464,,
,,"Light Commercial Vehicles",103,,
,"LPG/Other gases","Passenger Vehicles",0,,
,,"Light Commercial Vehicles",0,,
,"Dual fuel","Passenger Vehicles",3,,
,,"Light Commercial Vehicles",3,,
,"Other","Passenger Vehicles",0,,
,,"Light Commercial Vehicles",0,,
,"Unknown","Passenger Vehicles",0,,
,,"Light Commercial Vehicles",3,,
"2386","Diesel","Passenger Vehicles",68,,
,,"Light Commercial Vehicles",143,,
,"Electric","Passenger Vehicles",0,,
,,"Light Commercial Vehicles",0,,
,"Petrol leaded","Passenger Vehicles",3,,
,,"Light Commercial Vehicles",3,,
,"Petrol unleaded","Passenger Vehicles",88,,
,,"Light Commercial Vehicles",23,,
,"LPG/Other gases","Passenger Vehicles",0,,
,,"Light Commercial Vehicles",0,,
,"Dual fuel","Passenger Vehicles",0,,
,,"Light Commercial Vehicles",8,,
,"Other","Passenger Vehicles",0,,
,,"Light Commercial Vehicles",0,,
,"Unknown","Passenger Vehicles",0,,
,,"Light Commercial Vehicles",0,,
"2387","Diesel","Passenger Vehicles",69,,
,,"Light Commercial Vehicles",92,,
,"Electric","Passenger Vehicles",0,,
,,"Light Commercial Vehicles",0,,
,"Petrol leaded","Passenger Vehicles",0,,
,,"Light Commercial Vehicles",3,,
,"Petrol unleaded","Passenger Vehicles",35,,
,,"Light Commercial Vehicles",12,,
,"LPG/Other gases","Passenger Vehicles",0,,
,,"Light Commercial Vehicles",0,,
,"Dual fuel","Passenger Vehicles",0,,
,,"Light Commercial Vehicles",0,,
,"Other","Passenger Vehicles",0,,
,,"Light Commercial Vehicles",0,,
,"Unknown","Passenger Vehicles",3,,
,,"Light Commercial Vehicles",0,,
"2388","Diesel","Passenger Vehicles",321,,
,,"Light Commercial Vehicles",846,,
,"Electric","Passenger Vehicles",0,,
,,"Light Commercial Vehicles",0,,
,"Petrol leaded","Passenger Vehicles",15,,
,,"Light Commercial Vehicles",12,,
,"Petrol unleaded","Passenger Vehicles",767,,
,,"Light Commercial Vehicles",160,,
,"LPG/Other gases","Passenger Vehicles",0,,
,,"Light Commercial Vehicles",0,,
,"Dual fuel","Passenger Vehicles",4,,
,,"Light Commercial Vehicles",10,,
,"Other","Passenger Vehicles",0,,
,,"Light Commercial Vehicles",3,,
,"Unknown","Passenger Vehicles",3,,
,,"Light Commercial Vehicles",3,,
"2390","Diesel","Passenger Vehicles",921,,
,,"Light Commercial Vehicles",2082,,
,"Electric","Passenger Vehicles",0,,
,,"Light Commercial Vehicles",0,,
,"Petrol leaded","Passenger Vehicles",37,,
,,"Light Commercial Vehicles",37,,
,"Petrol unleaded","Passenger Vehicles",3135,,
,,"Light Commercial Vehicles",733,,
,"LPG/Other gases","Passenger Vehicles",3,,
,,"Light Commercial Vehicles",8,,
,"Dual fuel","Passenger Vehicles",11,,
,,"Light Commercial Vehicles",12,,
,"Other","Passenger Vehicles",6,,
,,"Light Commercial Vehicles",0,,
,"Unknown","Passenger Vehicles",10,,
,,"Light Commercial Vehicles",3,,
"2395","Diesel","Passenger Vehicles",71,,
,,"Light Commercial Vehicles",173,,
,"Electric","Passenger Vehicles",0,,
,,"Light Commercial Vehicles",0,,
,"Petrol leaded","Passenger Vehicles",10,,
,,"Light Commercial Vehicles",3,,
,"Petrol unleaded","Passenger Vehicles",285,,
,,"Light Commercial Vehicles",77,,
,"LPG/Other gases","Passenger Vehicles",0,,
,,"Light Commercial Vehicles",3,,
,"Dual fuel","Passenger Vehicles",9,,
,,"Light Commercial Vehicles",9,,
,"Other","Passenger Vehicles",0,,
,,"Light Commercial Vehicles",0,,
,"Unknown","Passenger Vehicles",0,,
,,"Light Commercial Vehicles",0,,
"2396","Diesel","Passenger Vehicles",94,,
,,"Light Commercial Vehicles",232,,
,"Electric","Passenger Vehicles",0,,
,,"Light Commercial Vehicles",0,,
,"Petrol leaded","Passenger Vehicles",3,,
,,"Light Commercial Vehicles",8,,
,"Petrol unleaded","Passenger Vehicles",318,,
,,"Light Commercial Vehicles",89,,
,"LPG/Other gases","Passenger Vehicles",0,,
,,"Light Commercial Vehicles",3,,
,"Dual fuel","Passenger Vehicles",4,,
,,"Light Commercial Vehicles",0,,
,"Other","Passenger Vehicles",0,,
,,"Light Commercial Vehicles",0,,
,"Unknown","Passenger Vehicles",0,,
,,"Light Commercial Vehicles",0,,
"2397","Diesel","Passenger Vehicles",93,,
,,"Light Commercial Vehicles",146,,
,"Electric","Passenger Vehicles",0,,
,,"Light Commercial Vehicles",0,,
,"Petrol leaded","Passenger Vehicles",3,,
,,"Light Commercial Vehicles",3,,
,"Petrol unleaded","Passenger Vehicles",105,,
,,"Light Commercial Vehicles",26,,
,"LPG/Other gases","Passenger Vehicles",0,,
,,"Light Commercial Vehicles",0,,
,"Dual fuel","Passenger Vehicles",5,,
,,"Light Commercial Vehicles",3,,
,"Other","Passenger Vehicles",3,,
,,"Light Commercial Vehicles",0,,
,"Unknown","Passenger Vehicles",3,,
,,"Light Commercial Vehicles",0,,
"2398","Diesel","Passenger Vehicles",47,,
,,"Light Commercial Vehicles",83,,
,"Electric","Passenger Vehicles",0,,
,,"Light Commercial Vehicles",0,,
,"Petrol leaded","Passenger Vehicles",0,,
,,"Light Commercial Vehicles",0,,
,"Petrol unleaded","Passenger Vehicles",53,,
,,"Light Commercial Vehicles",12,,
,"LPG/Other gases","Passenger Vehicles",0,,
,,"Light Commercial Vehicles",0,,
,"Dual fuel","Passenger Vehicles",0,,
,,"Light Commercial Vehicles",0,,
,"Other","Passenger Vehicles",0,,
,,"Light Commercial Vehicles",0,,
,"Unknown","Passenger Vehicles",0,,
,,"Light Commercial Vehicles",0,,
"2399","Diesel","Passenger Vehicles",117,,
,,"Light Commercial Vehicles",217,,
,"Electric","Passenger Vehicles",0,,
,,"Light Commercial Vehicles",0,,
,"Petrol leaded","Passenger Vehicles",6,,
,,"Light Commercial Vehicles",3,,
,"Petrol unleaded","Passenger Vehicles",155,,
,,"Light Commercial Vehicles",39,,
,"LPG/Other gases","Passenger Vehicles",0,,
,,"Light Commercial Vehicles",0,,
,"Dual fuel","Passenger Vehicles",0,,
,,"Light Commercial Vehicles",0,,
,"Other","Passenger Vehicles",0,,
,,"Light Commercial Vehicles",0,,
,"Unknown","Passenger Vehicles",0,,
,,"Light Commercial Vehicles",0,,
"2400","Diesel","Passenger Vehicles",1125,,
,,"Light Commercial Vehicles",2210,,
,"Electric","Passenger Vehicles",0,,
,,"Light Commercial Vehicles",0,,
,"Petrol leaded","Passenger Vehicles",52,,
,,"Light Commercial Vehicles",32,,
,"Petrol unleaded","Passenger Vehicles",3171,,
,,"Light Commercial Vehicles",546,,
,"LPG/Other gases","Passenger Vehicles",4,,
,,"Light Commercial Vehicles",3,,
,"Dual fuel","Passenger Vehicles",17,,
,,"Light Commercial Vehicles",13,,
,"Other","Passenger Vehicles",12,,
,,"Light Commercial Vehicles",0,,
,"Unknown","Passenger Vehicles",18,,
,,"Light Commercial Vehicles",4,,
"2401","Diesel","Passenger Vehicles",45,,
,,"Light Commercial Vehicles",89,,
,"Electric","Passenger Vehicles",0,,
,,"Light Commercial Vehicles",0,,
,"Petrol leaded","Passenger Vehicles",5,,
,,"Light Commercial Vehicles",4,,
,"Petrol unleaded","Passenger Vehicles",76,,
,,"Light Commercial Vehicles",26,,
,"LPG/Other gases","Passenger Vehicles",0,,
,,"Light Commercial Vehicles",0,,
,"Dual fuel","Passenger Vehicles",3,,
,,"Light Commercial Vehicles",0,,
,"Other","Passenger Vehicles",0,,
,,"Light Commercial Vehicles",0,,
,"Unknown","Passenger Vehicles",0,,
,,"Light Commercial Vehicles",0,,
"2402","Diesel","Passenger Vehicles",196,,
,,"Light Commercial Vehicles",463,,
,"Electric","Passenger Vehicles",0,,
,,"Light Commercial Vehicles",0,,
,"Petrol leaded","Passenger Vehicles",10,,
,,"Light Commercial Vehicles",11,,
,"Petrol unleaded","Passenger Vehicles",630,,
,,"Light Commercial Vehicles",125,,
,"LPG/Other gases","Passenger Vehicles",0,,
,,"Light Commercial Vehicles",0,,
,"Dual fuel","Passenger Vehicles",6,,
,,"Light Commercial Vehicles",3,,
,"Other","Passenger Vehicles",0,,
,,"Light Commercial Vehicles",0,,
,"Unknown","Passenger Vehicles",3,,
,,"Light Commercial Vehicles",0,,
"2403","Diesel","Passenger Vehicles",90,,
,,"Light Commercial Vehicles",188,,
,"Electric","Passenger Vehicles",0,,
,,"Light Commercial Vehicles",0,,
,"Petrol leaded","Passenger Vehicles",5,,
,,"Light Commercial Vehicles",3,,
,"Petrol unleaded","Passenger Vehicles",202,,
,,"Light Commercial Vehicles",47,,
,"LPG/Other gases","Passenger Vehicles",0,,
,,"Light Commercial Vehicles",0,,
,"Dual fuel","Passenger Vehicles",3,,
,,"Light Commercial Vehicles",0,,
,"Other","Passenger Vehicles",0,,
,,"Light Commercial Vehicles",0,,
,"Unknown","Passenger Vehicles",0,,
,,"Light Commercial Vehicles",0,,
"2404","Diesel","Passenger Vehicles",186,,
,,"Light Commercial Vehicles",464,,
,"Electric","Passenger Vehicles",0,,
,,"Light Commercial Vehicles",0,,
,"Petrol leaded","Passenger Vehicles",18,,
,,"Light Commercial Vehicles",13,,
,"Petrol unleaded","Passenger Vehicles",676,,
,,"Light Commercial Vehicles",136,,
,"LPG/Other gases","Passenger Vehicles",0,,
,,"Light Commercial Vehicles",0,,
,"Dual fuel","Passenger Vehicles",5,,
,,"Light Commercial Vehicles",0,,
,"Other","Passenger Vehicles",3,,
,,"Light Commercial Vehicles",0,,
,"Unknown","Passenger Vehicles",0,,
,,"Light Commercial Vehicles",0,,
"2405","Diesel","Passenger Vehicles",107,,
,,"Light Commercial Vehicles",154,,
,"Electric","Passenger Vehicles",0,,
,,"Light Commercial Vehicles",0,,
,"Petrol leaded","Passenger Vehicles",0,,
,,"Light Commercial Vehicles",0,,
,"Petrol unleaded","Passenger Vehicles",99,,
,,"Light Commercial Vehicles",22,,
,"LPG/Other gases","Passenger Vehicles",0,,
,,"Light Commercial Vehicles",0,,
,"Dual fuel","Passenger Vehicles",3,,
,,"Light Commercial Vehicles",0,,
,"Other","Passenger Vehicles",0,,
,,"Light Commercial Vehicles",0,,
,"Unknown","Passenger Vehicles",0,,
,,"Light Commercial Vehicles",0,,
"2406","Diesel","Passenger Vehicles",140,,
,,"Light Commercial Vehicles",212,,
,"Electric","Passenger Vehicles",0,,
,,"Light Commercial Vehicles",0,,
,"Petrol leaded","Passenger Vehicles",3,,
,,"Light Commercial Vehicles",5,,
,"Petrol unleaded","Passenger Vehicles",183,,
,,"Light Commercial Vehicles",34,,
,"LPG/Other gases","Passenger Vehicles",3,,
,,"Light Commercial Vehicles",0,,
,"Dual fuel","Passenger Vehicles",3,,
,,"Light Commercial Vehicles",0,,
,"Other","Passenger Vehicles",0,,
,,"Light Commercial Vehicles",0,,
,"Unknown","Passenger Vehicles",0,,
,,"Light Commercial Vehicles",0,,
"2408","Diesel","Passenger Vehicles",72,,
,,"Light Commercial Vehicles",113,,
,"Electric","Passenger Vehicles",0,,
,,"Light Commercial Vehicles",0,,
,"Petrol leaded","Passenger Vehicles",0,,
,,"Light Commercial Vehicles",0,,
,"Petrol unleaded","Passenger Vehicles",46,,
,,"Light Commercial Vehicles",17,,
,"LPG/Other gases","Passenger Vehicles",0,,
,,"Light Commercial Vehicles",0,,
,"Dual fuel","Passenger Vehicles",0,,
,,"Light Commercial Vehicles",0,,
,"Other","Passenger Vehicles",0,,
,,"Light Commercial Vehicles",0,,
,"Unknown","Passenger Vehicles",0,,
,,"Light Commercial Vehicles",0,,
"2409","Diesel","Passenger Vehicles",43,,
,,"Light Commercial Vehicles",79,,
,"Electric","Passenger Vehicles",0,,
,,"Light Commercial Vehicles",0,,
,"Petrol leaded","Passenger Vehicles",0,,
,,"Light Commercial Vehicles",0,,
,"Petrol unleaded","Passenger Vehicles",149,,
,,"Light Commercial Vehicles",18,,
,"LPG/Other gases","Passenger Vehicles",0,,
,,"Light Commercial Vehicles",0,,
,"Dual fuel","Passenger Vehicles",0,,
,,"Light Commercial Vehicles",0,,
,"Other","Passenger Vehicles",0,,
,,"Light Commercial Vehicles",0,,
,"Unknown","Passenger Vehicles",0,,
,,"Light Commercial Vehicles",0,,
"2410","Diesel","Passenger Vehicles",25,,
,,"Light Commercial Vehicles",69,,
,"Electric","Passenger Vehicles",0,,
,,"Light Commercial Vehicles",0,,
,"Petrol leaded","Passenger Vehicles",3,,
,,"Light Commercial Vehicles",0,,
,"Petrol unleaded","Passenger Vehicles",53,,
,,"Light Commercial Vehicles",21,,
,"LPG/Other gases","Passenger Vehicles",0,,
,,"Light Commercial Vehicles",0,,
,"Dual fuel","Passenger Vehicles",0,,
,,"Light Commercial Vehicles",0,,
,"Other","Passenger Vehicles",0,,
,,"Light Commercial Vehicles",0,,
,"Unknown","Passenger Vehicles",0,,
,,"Light Commercial Vehicles",0,,
"2411","Diesel","Passenger Vehicles",17,,
,,"Light Commercial Vehicles",23,,
,"Electric","Passenger Vehicles",0,,
,,"Light Commercial Vehicles",0,,
,"Petrol leaded","Passenger Vehicles",0,,
,,"Light Commercial Vehicles",0,,
,"Petrol unleaded","Passenger Vehicles",13,,
,,"Light Commercial Vehicles",3,,
,"LPG/Other gases","Passenger Vehicles",0,,
,,"Light Commercial Vehicles",0,,
,"Dual fuel","Passenger Vehicles",0,,
,,"Light Commercial Vehicles",0,,
,"Other","Passenger Vehicles",0,,
,,"Light Commercial Vehicles",0,,
,"Unknown","Passenger Vehicles",0,,
,,"Light Commercial Vehicles",0,,
"2415","Diesel","Passenger Vehicles",40,,
,,"Light Commercial Vehicles",101,,
,"Electric","Passenger Vehicles",0,,
,,"Light Commercial Vehicles",0,,
,"Petrol leaded","Passenger Vehicles",3,,
,,"Light Commercial Vehicles",3,,
,"Petrol unleaded","Passenger Vehicles",145,,
,,"Light Commercial Vehicles",24,,
,"LPG/Other gases","Passenger Vehicles",0,,
,,"Light Commercial Vehicles",0,,
,"Dual fuel","Passenger Vehicles",0,,
,,"Light Commercial Vehicles",3,,
,"Other","Passenger Vehicles",0,,
,,"Light Commercial Vehicles",0,,
,"Unknown","Passenger Vehicles",0,,
,,"Light Commercial Vehicles",0,,
"2420","Diesel","Passenger Vehicles",468,,
,,"Light Commercial Vehicles",840,,
,"Electric","Passenger Vehicles",0,,
,,"Light Commercial Vehicles",0,,
,"Petrol leaded","Passenger Vehicles",45,,
,,"Light Commercial Vehicles",27,,
,"Petrol unleaded","Passenger Vehicles",1753,,
,,"Light Commercial Vehicles",260,,
,"LPG/Other gases","Passenger Vehicles",3,,
,,"Light Commercial Vehicles",4,,
,"Dual fuel","Passenger Vehicles",15,,
,,"Light Commercial Vehicles",16,,
,"Other","Passenger Vehicles",7,,
,,"Light Commercial Vehicles",0,,
,"Unknown","Passenger Vehicles",3,,
,,"Light Commercial Vehicles",3,,
"2421","Diesel","Passenger Vehicles",282,,
,,"Light Commercial Vehicles",433,,
,"Electric","Passenger Vehicles",0,,
,,"Light Commercial Vehicles",0,,
,"Petrol leaded","Passenger Vehicles",20,,
,,"Light Commercial Vehicles",6,,
,"Petrol unleaded","Passenger Vehicles",764,,
,,"Light Commercial Vehicles",115,,
,"LPG/Other gases","Passenger Vehicles",3,,
,,"Light Commercial Vehicles",3,,
,"Dual fuel","Passenger Vehicles",5,,
,,"Light Commercial Vehicles",9,,
,"Other","Passenger Vehicles",6,,
,,"Light Commercial Vehicles",0,,
,"Unknown","Passenger Vehicles",0,,
,,"Light Commercial Vehicles",0,,
"2422","Diesel","Passenger Vehicles",602,,
,,"Light Commercial Vehicles",1129,,
,"Electric","Passenger Vehicles",0,,
,,"Light Commercial Vehicles",0,,
,"Petrol leaded","Passenger Vehicles",50,,
,,"Light Commercial Vehicles",16,,
,"Petrol unleaded","Passenger Vehicles",2411,,
,,"Light Commercial Vehicles",333,,
,"LPG/Other gases","Passenger Vehicles",5,,
,,"Light Commercial Vehicles",0,,
,"Dual fuel","Passenger Vehicles",21,,
,,"Light Commercial Vehicles",10,,
,"Other","Passenger Vehicles",6,,
,,"Light Commercial Vehicles",0,,
,"Unknown","Passenger Vehicles",7,,
,,"Light Commercial Vehicles",3,,
"2423","Diesel","Passenger Vehicles",320,,
,,"Light Commercial Vehicles",607,,
,"Electric","Passenger Vehicles",0,,
,,"Light Commercial Vehicles",0,,
,"Petrol leaded","Passenger Vehicles",42,,
,,"Light Commercial Vehicles",11,,
,"Petrol unleaded","Passenger Vehicles",1532,,
,,"Light Commercial Vehicles",282,,
,"LPG/Other gases","Passenger Vehicles",9,,
,,"Light Commercial Vehicles",15,,
,"Dual fuel","Passenger Vehicles",32,,
,,"Light Commercial Vehicles",18,,
,"Other","Passenger Vehicles",3,,
,,"Light Commercial Vehicles",0,,
,"Unknown","Passenger Vehicles",5,,
,,"Light Commercial Vehicles",0,,
"2424","Diesel","Passenger Vehicles",39,,
,,"Light Commercial Vehicles",118,,
,"Electric","Passenger Vehicles",0,,
,,"Light Commercial Vehicles",0,,
,"Petrol leaded","Passenger Vehicles",6,,
,,"Light Commercial Vehicles",3,,
,"Petrol unleaded","Passenger Vehicles",175,,
,,"Light Commercial Vehicles",46,,
,"LPG/Other gases","Passenger Vehicles",0,,
,,"Light Commercial Vehicles",0,,
,"Dual fuel","Passenger Vehicles",0,,
,,"Light Commercial Vehicles",4,,
,"Other","Passenger Vehicles",0,,
,,"Light Commercial Vehicles",0,,
,"Unknown","Passenger Vehicles",0,,
,,"Light Commercial Vehicles",0,,
"2425","Diesel","Passenger Vehicles",203,,
,,"Light Commercial Vehicles",431,,
,"Electric","Passenger Vehicles",0,,
,,"Light Commercial Vehicles",0,,
,"Petrol leaded","Passenger Vehicles",21,,
,,"Light Commercial Vehicles",18,,
,"Petrol unleaded","Passenger Vehicles",873,,
,,"Light Commercial Vehicles",148,,
,"LPG/Other gases","Passenger Vehicles",3,,
,,"Light Commercial Vehicles",3,,
,"Dual fuel","Passenger Vehicles",17,,
,,"Light Commercial Vehicles",3,,
,"Other","Passenger Vehicles",3,,
,,"Light Commercial Vehicles",0,,
,"Unknown","Passenger Vehicles",0,,
,,"Light Commercial Vehicles",0,,
"2426","Diesel","Passenger Vehicles",61,,
,,"Light Commercial Vehicles",115,,
,"Electric","Passenger Vehicles",0,,
,,"Light Commercial Vehicles",0,,
,"Petrol leaded","Passenger Vehicles",4,,
,,"Light Commercial Vehicles",3,,
,"Petrol unleaded","Passenger Vehicles",372,,
,,"Light Commercial Vehicles",54,,
,"LPG/Other gases","Passenger Vehicles",3,,
,,"Light Commercial Vehicles",3,,
,"Dual fuel","Passenger Vehicles",7,,
,,"Light Commercial Vehicles",3,,
,"Other","Passenger Vehicles",0,,
,,"Light Commercial Vehicles",0,,
,"Unknown","Passenger Vehicles",0,,
,,"Light Commercial Vehicles",0,,
"2427","Diesel","Passenger Vehicles",372,,
,,"Light Commercial Vehicles",337,,
,"Electric","Passenger Vehicles",0,,
,,"Light Commercial Vehicles",0,,
,"Petrol leaded","Passenger Vehicles",19,,
,,"Light Commercial Vehicles",3,,
,"Petrol unleaded","Passenger Vehicles",1764,,
,,"Light Commercial Vehicles",144,,
,"LPG/Other gases","Passenger Vehicles",4,,
,,"Light Commercial Vehicles",5,,
,"Dual fuel","Passenger Vehicles",19,,
,,"Light Commercial Vehicles",4,,
,"Other","Passenger Vehicles",4,,
,,"Light Commercial Vehicles",0,,
,"Unknown","Passenger Vehicles",8,,
,,"Light Commercial Vehicles",3,,
"2428","Diesel","Passenger Vehicles",1995,,
,,"Light Commercial Vehicles",2297,,
,"Electric","Passenger Vehicles",0,,
,,"Light Commercial Vehicles",0,,
,"Petrol leaded","Passenger Vehicles",151,,
,,"Light Commercial Vehicles",53,,
,"Petrol unleaded","Passenger Vehicles",12796,,
,,"Light Commercial Vehicles",1054,,
,"LPG/Other gases","Passenger Vehicles",50,,
,,"Light Commercial Vehicles",26,,
,"Dual fuel","Passenger Vehicles",139,,
,,"Light Commercial Vehicles",68,,
,"Other","Passenger Vehicles",42,,
,,"Light Commercial Vehicles",0,,
,"Unknown","Passenger Vehicles",14,,
,,"Light Commercial Vehicles",3,,
"2429","Diesel","Passenger Vehicles",908,,
,,"Light Commercial Vehicles",1686,,
,"Electric","Passenger Vehicles",0,,
,,"Light Commercial Vehicles",0,,
,"Petrol leaded","Passenger Vehicles",83,,
,,"Light Commercial Vehicles",37,,
,"Petrol unleaded","Passenger Vehicles",4597,,
,,"Light Commercial Vehicles",566,,
,"LPG/Other gases","Passenger Vehicles",17,,
,,"Light Commercial Vehicles",7,,
,"Dual fuel","Passenger Vehicles",80,,
,,"Light Commercial Vehicles",41,,
,"Other","Passenger Vehicles",10,,
,,"Light Commercial Vehicles",0,,
,"Unknown","Passenger Vehicles",6,,
,,"Light Commercial Vehicles",3,,
"2430","Diesel","Passenger Vehicles",2887,,
,,"Light Commercial Vehicles",3997,,
,"Electric","Passenger Vehicles",3,,
,,"Light Commercial Vehicles",0,,
,"Petrol leaded","Passenger Vehicles",285,,
,,"Light Commercial Vehicles",95,,
,"Petrol unleaded","Passenger Vehicles",17848,,
,,"Light Commercial Vehicles",1676,,
,"LPG/Other gases","Passenger Vehicles",44,,
,,"Light Commercial Vehicles",52,,
,"Dual fuel","Passenger Vehicles",198,,
,,"Light Commercial Vehicles",99,,
,"Other","Passenger Vehicles",48,,
,,"Light Commercial Vehicles",3,,
,"Unknown","Passenger Vehicles",36,,
,,"Light Commercial Vehicles",10,,
"2431","Diesel","Passenger Vehicles",493,,
,,"Light Commercial Vehicles",609,,
,"Electric","Passenger Vehicles",0,,
,,"Light Commercial Vehicles",0,,
,"Petrol leaded","Passenger Vehicles",30,,
,,"Light Commercial Vehicles",12,,
,"Petrol unleaded","Passenger Vehicles",2706,,
,,"Light Commercial Vehicles",236,,
,"LPG/Other gases","Passenger Vehicles",3,,
,,"Light Commercial Vehicles",3,,
,"Dual fuel","Passenger Vehicles",24,,
,,"Light Commercial Vehicles",9,,
,"Other","Passenger Vehicles",6,,
,,"Light Commercial Vehicles",0,,
,"Unknown","Passenger Vehicles",3,,
,,"Light Commercial Vehicles",0,,
"2439","Diesel","Passenger Vehicles",335,,
,,"Light Commercial Vehicles",511,,
,"Electric","Passenger Vehicles",0,,
,,"Light Commercial Vehicles",0,,
,"Petrol leaded","Passenger Vehicles",25,,
,,"Light Commercial Vehicles",12,,
,"Petrol unleaded","Passenger Vehicles",1606,,
,,"Light Commercial Vehicles",183,,
,"LPG/Other gases","Passenger Vehicles",6,,
,,"Light Commercial Vehicles",4,,
,"Dual fuel","Passenger Vehicles",23,,
,,"Light Commercial Vehicles",15,,
,"Other","Passenger Vehicles",3,,
,,"Light Commercial Vehicles",0,,
,"Unknown","Passenger Vehicles",3,,
,,"Light Commercial Vehicles",0,,
"2440","Diesel","Passenger Vehicles",1885,,
,,"Light Commercial Vehicles",3239,,
,"Electric","Passenger Vehicles",0,,
,,"Light Commercial Vehicles",0,,
,"Petrol leaded","Passenger Vehicles",162,,
,,"Light Commercial Vehicles",63,,
,"Petrol unleaded","Passenger Vehicles",9891,,
,,"Light Commercial Vehicles",1203,,
,"LPG/Other gases","Passenger Vehicles",43,,
,,"Light Commercial Vehicles",27,,
,"Dual fuel","Passenger Vehicles",157,,
,,"Light Commercial Vehicles",86,,
,"Other","Passenger Vehicles",28,,
,,"Light Commercial Vehicles",0,,
,"Unknown","Passenger Vehicles",9,,
,,"Light Commercial Vehicles",3,,
"2441","Diesel","Passenger Vehicles",600,,
,,"Light Commercial Vehicles",923,,
,"Electric","Passenger Vehicles",3,,
,,"Light Commercial Vehicles",0,,
,"Petrol leaded","Passenger Vehicles",48,,
,,"Light Commercial Vehicles",22,,
,"Petrol unleaded","Passenger Vehicles",2380,,
,,"Light Commercial Vehicles",328,,
,"LPG/Other gases","Passenger Vehicles",3,,
,,"Light Commercial Vehicles",8,,
,"Dual fuel","Passenger Vehicles",17,,
,,"Light Commercial Vehicles",19,,
,"Other","Passenger Vehicles",6,,
,,"Light Commercial Vehicles",0,,
,"Unknown","Passenger Vehicles",0,,
,,"Light Commercial Vehicles",0,,
"2443","Diesel","Passenger Vehicles",776,,
,,"Light Commercial Vehicles",984,,
,"Electric","Passenger Vehicles",0,,
,,"Light Commercial Vehicles",0,,
,"Petrol leaded","Passenger Vehicles",56,,
,,"Light Commercial Vehicles",23,,
,"Petrol unleaded","Passenger Vehicles",4616,,
,,"Light Commercial Vehicles",489,,
,"LPG/Other gases","Passenger Vehicles",10,,
,,"Light Commercial Vehicles",9,,
,"Dual fuel","Passenger Vehicles",43,,
,,"Light Commercial Vehicles",28,,
,"Other","Passenger Vehicles",11,,
,,"Light Commercial Vehicles",0,,
,"Unknown","Passenger Vehicles",9,,
,,"Light Commercial Vehicles",3,,
"2444","Diesel","Passenger Vehicles",3812,,
,,"Light Commercial Vehicles",4567,,
,"Electric","Passenger Vehicles",4,,
,,"Light Commercial Vehicles",0,,
,"Petrol leaded","Passenger Vehicles",190,,
,,"Light Commercial Vehicles",60,,
,"Petrol unleaded","Passenger Vehicles",25301,,
,,"Light Commercial Vehicles",1903,,
,"LPG/Other gases","Passenger Vehicles",32,,
,,"Light Commercial Vehicles",32,,
,"Dual fuel","Passenger Vehicles",158,,
,,"Light Commercial Vehicles",79,,
,"Other","Passenger Vehicles",165,,
,,"Light Commercial Vehicles",6,,
,"Unknown","Passenger Vehicles",27,,
,,"Light Commercial Vehicles",8,,
"2445","Diesel","Passenger Vehicles",714,,
,,"Light Commercial Vehicles",759,,
,"Electric","Passenger Vehicles",0,,
,,"Light Commercial Vehicles",0,,
,"Petrol leaded","Passenger Vehicles",40,,
,,"Light Commercial Vehicles",13,,
,"Petrol unleaded","Passenger Vehicles",3391,,
,,"Light Commercial Vehicles",303,,
,"LPG/Other gases","Passenger Vehicles",4,,
,,"Light Commercial Vehicles",4,,
,"Dual fuel","Passenger Vehicles",17,,
,,"Light Commercial Vehicles",9,,
,"Other","Passenger Vehicles",10,,
,,"Light Commercial Vehicles",3,,
,"Unknown","Passenger Vehicles",7,,
,,"Light Commercial Vehicles",0,,
"2446","Diesel","Passenger Vehicles",1351,,
,,"Light Commercial Vehicles",2256,,
,"Electric","Passenger Vehicles",0,,
,,"Light Commercial Vehicles",0,,
,"Petrol leaded","Passenger Vehicles",116,,
,,"Light Commercial Vehicles",43,,
,"Petrol unleaded","Passenger Vehicles",6257,,
,,"Light Commercial Vehicles",804,,
,"LPG/Other gases","Passenger Vehicles",16,,
,,"Light Commercial Vehicles",9,,
,"Dual fuel","Passenger Vehicles",46,,
,,"Light Commercial Vehicles",41,,
,"Other","Passenger Vehicles",21,,
,,"Light Commercial Vehicles",3,,
,"Unknown","Passenger Vehicles",8,,
,,"Light Commercial Vehicles",4,,
"2447","Diesel","Passenger Vehicles",628,,
,,"Light Commercial Vehicles",1126,,
,"Electric","Passenger Vehicles",0,,
,,"Light Commercial Vehicles",0,,
,"Petrol leaded","Passenger Vehicles",45,,
,,"Light Commercial Vehicles",27,,
,"Petrol unleaded","Passenger Vehicles",3417,,
,,"Light Commercial Vehicles",440,,
,"LPG/Other gases","Passenger Vehicles",8,,
,,"Light Commercial Vehicles",13,,
,"Dual fuel","Passenger Vehicles",39,,
,,"Light Commercial Vehicles",20,,
,"Other","Passenger Vehicles",12,,
,,"Light Commercial Vehicles",0,,
,"Unknown","Passenger Vehicles",4,,
,,"Light Commercial Vehicles",0,,
"2448","Diesel","Passenger Vehicles",621,,
,,"Light Commercial Vehicles",807,,
,"Electric","Passenger Vehicles",3,,
,,"Light Commercial Vehicles",0,,
,"Petrol leaded","Passenger Vehicles",58,,
,,"Light Commercial Vehicles",25,,
,"Petrol unleaded","Passenger Vehicles",4547,,
,,"Light Commercial Vehicles",429,,
,"LPG/Other gases","Passenger Vehicles",9,,
,,"Light Commercial Vehicles",3,,
,"Dual fuel","Passenger Vehicles",36,,
,,"Light Commercial Vehicles",20,,
,"Other","Passenger Vehicles",9,,
,,"Light Commercial Vehicles",3,,
,"Unknown","Passenger Vehicles",9,,
,,"Light Commercial Vehicles",0,,
"2449","Diesel","Passenger Vehicles",186,,
,,"Light Commercial Vehicles",329,,
,"Electric","Passenger Vehicles",0,,
,,"Light Commercial Vehicles",0,,
,"Petrol leaded","Passenger Vehicles",11,,
,,"Light Commercial Vehicles",15,,
,"Petrol unleaded","Passenger Vehicles",1035,,
,,"Light Commercial Vehicles",132,,
,"LPG/Other gases","Passenger Vehicles",8,,
,,"Light Commercial Vehicles",3,,
,"Dual fuel","Passenger Vehicles",4,,
,,"Light Commercial Vehicles",9,,
,"Other","Passenger Vehicles",4,,
,,"Light Commercial Vehicles",0,,
,"Unknown","Passenger Vehicles",0,,
,,"Light Commercial Vehicles",0,,
"2450","Diesel","Passenger Vehicles",4071,,
,,"Light Commercial Vehicles",5123,,
,"Electric","Passenger Vehicles",0,,
,,"Light Commercial Vehicles",0,,
,"Petrol leaded","Passenger Vehicles",247,,
,,"Light Commercial Vehicles",93,,
,"Petrol unleaded","Passenger Vehicles",22051,,
,,"Light Commercial Vehicles",2084,,
,"LPG/Other gases","Passenger Vehicles",41,,
,,"Light Commercial Vehicles",33,,
,"Dual fuel","Passenger Vehicles",158,,
,,"Light Commercial Vehicles",69,,
,"Other","Passenger Vehicles",98,,
,,"Light Commercial Vehicles",3,,
,"Unknown","Passenger Vehicles",70,,
,,"Light Commercial Vehicles",15,,
"2452","Diesel","Passenger Vehicles",1001,,
,,"Light Commercial Vehicles",1192,,
,"Electric","Passenger Vehicles",3,,
,,"Light Commercial Vehicles",0,,
,"Petrol leaded","Passenger Vehicles",53,,
,,"Light Commercial Vehicles",18,,
,"Petrol unleaded","Passenger Vehicles",7102,,
,,"Light Commercial Vehicles",579,,
,"LPG/Other gases","Passenger Vehicles",12,,
,,"Light Commercial Vehicles",8,,
,"Dual fuel","Passenger Vehicles",38,,
,,"Light Commercial Vehicles",16,,
,"Other","Passenger Vehicles",14,,
,,"Light Commercial Vehicles",3,,
,"Unknown","Passenger Vehicles",12,,
,,"Light Commercial Vehicles",3,,
"2453","Diesel","Passenger Vehicles",339,,
,,"Light Commercial Vehicles",642,,
,"Electric","Passenger Vehicles",0,,
,,"Light Commercial Vehicles",0,,
,"Petrol leaded","Passenger Vehicles",18,,
,,"Light Commercial Vehicles",18,,
,"Petrol unleaded","Passenger Vehicles",1177,,
,,"Light Commercial Vehicles",158,,
,"LPG/Other gases","Passenger Vehicles",0,,
,,"Light Commercial Vehicles",3,,
,"Dual fuel","Passenger Vehicles",10,,
,,"Light Commercial Vehicles",7,,
,"Other","Passenger Vehicles",5,,
,,"Light Commercial Vehicles",0,,
,"Unknown","Passenger Vehicles",3,,
,,"Light Commercial Vehicles",3,,
"2454","Diesel","Passenger Vehicles",755,,
,,"Light Commercial Vehicles",945,,
,"Electric","Passenger Vehicles",0,,
,,"Light Commercial Vehicles",0,,
,"Petrol leaded","Passenger Vehicles",49,,
,,"Light Commercial Vehicles",16,,
,"Petrol unleaded","Passenger Vehicles",3637,,
,,"Light Commercial Vehicles",442,,
,"LPG/Other gases","Passenger Vehicles",7,,
,,"Light Commercial Vehicles",11,,
,"Dual fuel","Passenger Vehicles",37,,
,,"Light Commercial Vehicles",20,,
,"Other","Passenger Vehicles",17,,
,,"Light Commercial Vehicles",0,,
,"Unknown","Passenger Vehicles",4,,
,,"Light Commercial Vehicles",3,,
"2455","Diesel","Passenger Vehicles",251,,
,,"Light Commercial Vehicles",331,,
,"Electric","Passenger Vehicles",0,,
,,"Light Commercial Vehicles",0,,
,"Petrol leaded","Passenger Vehicles",28,,
,,"Light Commercial Vehicles",10,,
,"Petrol unleaded","Passenger Vehicles",1629,,
,,"Light Commercial Vehicles",152,,
,"LPG/Other gases","Passenger Vehicles",3,,
,,"Light Commercial Vehicles",0,,
,"Dual fuel","Passenger Vehicles",16,,
,,"Light Commercial Vehicles",7,,
,"Other","Passenger Vehicles",10,,
,,"Light Commercial Vehicles",0,,
,"Unknown","Passenger Vehicles",3,,
,,"Light Commercial Vehicles",0,,
"2456","Diesel","Passenger Vehicles",1261,,
,,"Light Commercial Vehicles",1892,,
,"Electric","Passenger Vehicles",3,,
,,"Light Commercial Vehicles",0,,
,"Petrol leaded","Passenger Vehicles",76,,
,,"Light Commercial Vehicles",23,,
,"Petrol unleaded","Passenger Vehicles",7413,,
,,"Light Commercial Vehicles",629,,
,"LPG/Other gases","Passenger Vehicles",16,,
,,"Light Commercial Vehicles",15,,
,"Dual fuel","Passenger Vehicles",63,,
,,"Light Commercial Vehicles",20,,
,"Other","Passenger Vehicles",16,,
,,"Light Commercial Vehicles",0,,
,"Unknown","Passenger Vehicles",30,,
,,"Light Commercial Vehicles",6,,
"2460","Diesel","Passenger Vehicles",2506,,
,,"Light Commercial Vehicles",4358,,
,"Electric","Passenger Vehicles",0,,
,,"Light Commercial Vehicles",0,,
,"Petrol leaded","Passenger Vehicles",194,,
,,"Light Commercial Vehicles",96,,
,"Petrol unleaded","Passenger Vehicles",13569,,
,,"Light Commercial Vehicles",1586,,
,"LPG/Other gases","Passenger Vehicles",22,,
,,"Light Commercial Vehicles",24,,
,"Dual fuel","Passenger Vehicles",127,,
,,"Light Commercial Vehicles",70,,
,"Other","Passenger Vehicles",58,,
,,"Light Commercial Vehicles",0,,
,"Unknown","Passenger Vehicles",38,,
,,"Light Commercial Vehicles",7,,
"2462","Diesel","Passenger Vehicles",277,,
,,"Light Commercial Vehicles",491,,
,"Electric","Passenger Vehicles",0,,
,,"Light Commercial Vehicles",0,,
,"Petrol leaded","Passenger Vehicles",19,,
,,"Light Commercial Vehicles",13,,
,"Petrol unleaded","Passenger Vehicles",1090,,
,,"Light Commercial Vehicles",154,,
,"LPG/Other gases","Passenger Vehicles",0,,
,,"Light Commercial Vehicles",9,,
,"Dual fuel","Passenger Vehicles",11,,
,,"Light Commercial Vehicles",7,,
,"Other","Passenger Vehicles",0,,
,,"Light Commercial Vehicles",0,,
,"Unknown","Passenger Vehicles",3,,
,,"Light Commercial Vehicles",3,,
"2463","Diesel","Passenger Vehicles",736,,
,,"Light Commercial Vehicles",1155,,
,"Electric","Passenger Vehicles",0,,
,,"Light Commercial Vehicles",0,,
,"Petrol leaded","Passenger Vehicles",40,,
,,"Light Commercial Vehicles",17,,
,"Petrol unleaded","Passenger Vehicles",3568,,
,,"Light Commercial Vehicles",393,,
,"LPG/Other gases","Passenger Vehicles",4,,
,,"Light Commercial Vehicles",10,,
,"Dual fuel","Passenger Vehicles",21,,
,,"Light Commercial Vehicles",19,,
,"Other","Passenger Vehicles",10,,
,,"Light Commercial Vehicles",0,,
,"Unknown","Passenger Vehicles",3,,
,,"Light Commercial Vehicles",0,,
"2464","Diesel","Passenger Vehicles",591,,
,,"Light Commercial Vehicles",626,,
,"Electric","Passenger Vehicles",0,,
,,"Light Commercial Vehicles",0,,
,"Petrol leaded","Passenger Vehicles",38,,
,,"Light Commercial Vehicles",16,,
,"Petrol unleaded","Passenger Vehicles",3271,,
,,"Light Commercial Vehicles",287,,
,"LPG/Other gases","Passenger Vehicles",8,,
,,"Light Commercial Vehicles",5,,
,"Dual fuel","Passenger Vehicles",28,,
,,"Light Commercial Vehicles",7,,
,"Other","Passenger Vehicles",4,,
,,"Light Commercial Vehicles",0,,
,"Unknown","Passenger Vehicles",3,,
,,"Light Commercial Vehicles",3,,
"2465","Diesel","Passenger Vehicles",30,,
,,"Light Commercial Vehicles",76,,
,"Electric","Passenger Vehicles",0,,
,,"Light Commercial Vehicles",0,,
,"Petrol leaded","Passenger Vehicles",5,,
,,"Light Commercial Vehicles",0,,
,"Petrol unleaded","Passenger Vehicles",147,,
,,"Light Commercial Vehicles",24,,
,"LPG/Other gases","Passenger Vehicles",0,,
,,"Light Commercial Vehicles",0,,
,"Dual fuel","Passenger Vehicles",0,,
,,"Light Commercial Vehicles",0,,
,"Other","Passenger Vehicles",0,,
,,"Light Commercial Vehicles",0,,
,"Unknown","Passenger Vehicles",0,,
,,"Light Commercial Vehicles",0,,
"2466","Diesel","Passenger Vehicles",145,,
,,"Light Commercial Vehicles",224,,
,"Electric","Passenger Vehicles",0,,
,,"Light Commercial Vehicles",0,,
,"Petrol leaded","Passenger Vehicles",16,,
,,"Light Commercial Vehicles",6,,
,"Petrol unleaded","Passenger Vehicles",821,,
,,"Light Commercial Vehicles",90,,
,"LPG/Other gases","Passenger Vehicles",5,,
,,"Light Commercial Vehicles",0,,
,"Dual fuel","Passenger Vehicles",9,,
,,"Light Commercial Vehicles",3,,
,"Other","Passenger Vehicles",3,,
,,"Light Commercial Vehicles",0,,
,"Unknown","Passenger Vehicles",0,,
,,"Light Commercial Vehicles",0,,
"2469","Diesel","Passenger Vehicles",371,,
,,"Light Commercial Vehicles",801,,
,"Electric","Passenger Vehicles",0,,
,,"Light Commercial Vehicles",0,,
,"Petrol leaded","Passenger Vehicles",28,,
,,"Light Commercial Vehicles",22,,
,"Petrol unleaded","Passenger Vehicles",1689,,
,,"Light Commercial Vehicles",309,,
,"LPG/Other gases","Passenger Vehicles",6,,
,,"Light Commercial Vehicles",4,,
,"Dual fuel","Passenger Vehicles",13,,
,,"Light Commercial Vehicles",13,,
,"Other","Passenger Vehicles",3,,
,,"Light Commercial Vehicles",0,,
,"Unknown","Passenger Vehicles",3,,
,,"Light Commercial Vehicles",0,,
"2470","Diesel","Passenger Vehicles",1119,,
,,"Light Commercial Vehicles",2276,,
,"Electric","Passenger Vehicles",0,,
,,"Light Commercial Vehicles",0,,
,"Petrol leaded","Passenger Vehicles",70,,
,,"Light Commercial Vehicles",43,,
,"Petrol unleaded","Passenger Vehicles",6575,,
,,"Light Commercial Vehicles",685,,
,"LPG/Other gases","Passenger Vehicles",21,,
,,"Light Commercial Vehicles",13,,
,"Dual fuel","Passenger Vehicles",36,,
,,"Light Commercial Vehicles",31,,
,"Other","Passenger Vehicles",20,,
,,"Light Commercial Vehicles",0,,
,"Unknown","Passenger Vehicles",28,,
,,"Light Commercial Vehicles",5,,
"2471","Diesel","Passenger Vehicles",214,,
,,"Light Commercial Vehicles",453,,
,"Electric","Passenger Vehicles",0,,
,,"Light Commercial Vehicles",0,,
,"Petrol leaded","Passenger Vehicles",17,,
,,"Light Commercial Vehicles",3,,
,"Petrol unleaded","Passenger Vehicles",1082,,
,,"Light Commercial Vehicles",159,,
,"LPG/Other gases","Passenger Vehicles",4,,
,,"Light Commercial Vehicles",6,,
,"Dual fuel","Passenger Vehicles",5,,
,,"Light Commercial Vehicles",3,,
,"Other","Passenger Vehicles",3,,
,,"Light Commercial Vehicles",0,,
,"Unknown","Passenger Vehicles",3,,
,,"Light Commercial Vehicles",0,,
"2472","Diesel","Passenger Vehicles",211,,
,,"Light Commercial Vehicles",366,,
,"Electric","Passenger Vehicles",0,,
,,"Light Commercial Vehicles",0,,
,"Petrol leaded","Passenger Vehicles",8,,
,,"Light Commercial Vehicles",9,,
,"Petrol unleaded","Passenger Vehicles",918,,
,,"Light Commercial Vehicles",126,,
,"LPG/Other gases","Passenger Vehicles",0,,
,,"Light Commercial Vehicles",3,,
,"Dual fuel","Passenger Vehicles",5,,
,,"Light Commercial Vehicles",3,,
,"Other","Passenger Vehicles",6,,
,,"Light Commercial Vehicles",0,,
,"Unknown","Passenger Vehicles",3,,
,,"Light Commercial Vehicles",0,,
"2473","Diesel","Passenger Vehicles",253,,
,,"Light Commercial Vehicles",329,,
,"Electric","Passenger Vehicles",0,,
,,"Light Commercial Vehicles",0,,
,"Petrol leaded","Passenger Vehicles",12,,
,,"Light Commercial Vehicles",14,,
,"Petrol unleaded","Passenger Vehicles",1403,,
,,"Light Commercial Vehicles",116,,
,"LPG/Other gases","Passenger Vehicles",3,,
,,"Light Commercial Vehicles",3,,
,"Dual fuel","Passenger Vehicles",7,,
,,"Light Commercial Vehicles",4,,
,"Other","Passenger Vehicles",10,,
,,"Light Commercial Vehicles",0,,
,"Unknown","Passenger Vehicles",6,,
,,"Light Commercial Vehicles",0,,
"2474","Diesel","Passenger Vehicles",615,,
,,"Light Commercial Vehicles",1159,,
,"Electric","Passenger Vehicles",0,,
,,"Light Commercial Vehicles",0,,
,"Petrol leaded","Passenger Vehicles",43,,
,,"Light Commercial Vehicles",16,,
,"Petrol unleaded","Passenger Vehicles",2640,,
,,"Light Commercial Vehicles",363,,
,"LPG/Other gases","Passenger Vehicles",4,,
,,"Light Commercial Vehicles",5,,
,"Dual fuel","Passenger Vehicles",20,,
,,"Light Commercial Vehicles",18,,
,"Other","Passenger Vehicles",9,,
,,"Light Commercial Vehicles",0,,
,"Unknown","Passenger Vehicles",4,,
,,"Light Commercial Vehicles",3,,
"2475","Diesel","Passenger Vehicles",35,,
,,"Light Commercial Vehicles",50,,
,"Electric","Passenger Vehicles",0,,
,,"Light Commercial Vehicles",0,,
,"Petrol leaded","Passenger Vehicles",0,,
,,"Light Commercial Vehicles",4,,
,"Petrol unleaded","Passenger Vehicles",138,,
,,"Light Commercial Vehicles",11,,
,"LPG/Other gases","Passenger Vehicles",0,,
,,"Light Commercial Vehicles",0,,
,"Dual fuel","Passenger Vehicles",3,,
,,"Light Commercial Vehicles",3,,
,"Other","Passenger Vehicles",0,,
,,"Light Commercial Vehicles",0,,
,"Unknown","Passenger Vehicles",3,,
,,"Light Commercial Vehicles",0,,
"2476","Diesel","Passenger Vehicles",69,,
,,"Light Commercial Vehicles",117,,
,"Electric","Passenger Vehicles",0,,
,,"Light Commercial Vehicles",0,,
,"Petrol leaded","Passenger Vehicles",4,,
,,"Light Commercial Vehicles",0,,
,"Petrol unleaded","Passenger Vehicles",252,,
,,"Light Commercial Vehicles",27,,
,"LPG/Other gases","Passenger Vehicles",0,,
,,"Light Commercial Vehicles",3,,
,"Dual fuel","Passenger Vehicles",3,,
,,"Light Commercial Vehicles",0,,
,"Other","Passenger Vehicles",0,,
,,"Light Commercial Vehicles",0,,
,"Unknown","Passenger Vehicles",0,,
,,"Light Commercial Vehicles",3,,
"2477","Diesel","Passenger Vehicles",1051,,
,,"Light Commercial Vehicles",1423,,
,"Electric","Passenger Vehicles",0,,
,,"Light Commercial Vehicles",0,,
,"Petrol leaded","Passenger Vehicles",101,,
,,"Light Commercial Vehicles",33,,
,"Petrol unleaded","Passenger Vehicles",6182,,
,,"Light Commercial Vehicles",527,,
,"LPG/Other gases","Passenger Vehicles",9,,
,,"Light Commercial Vehicles",5,,
,"Dual fuel","Passenger Vehicles",32,,
,,"Light Commercial Vehicles",21,,
,"Other","Passenger Vehicles",24,,
,,"Light Commercial Vehicles",3,,
,"Unknown","Passenger Vehicles",14,,
,,"Light Commercial Vehicles",5,,
"2478","Diesel","Passenger Vehicles",2409,,
,,"Light Commercial Vehicles",2977,,
,"Electric","Passenger Vehicles",7,,
,,"Light Commercial Vehicles",0,,
,"Petrol leaded","Passenger Vehicles",181,,
,,"Light Commercial Vehicles",42,,
,"Petrol unleaded","Passenger Vehicles",15174,,
,,"Light Commercial Vehicles",1251,,
,"LPG/Other gases","Passenger Vehicles",19,,
,,"Light Commercial Vehicles",12,,
,"Dual fuel","Passenger Vehicles",65,,
,,"Light Commercial Vehicles",40,,
,"Other","Passenger Vehicles",76,,
,,"Light Commercial Vehicles",0,,
,"Unknown","Passenger Vehicles",47,,
,,"Light Commercial Vehicles",4,,
"2479","Diesel","Passenger Vehicles",691,,
,,"Light Commercial Vehicles",621,,
,"Electric","Passenger Vehicles",8,,
,,"Light Commercial Vehicles",0,,
,"Petrol leaded","Passenger Vehicles",56,,
,,"Light Commercial Vehicles",24,,
,"Petrol unleaded","Passenger Vehicles",2562,,
,,"Light Commercial Vehicles",269,,
,"LPG/Other gases","Passenger Vehicles",7,,
,,"Light Commercial Vehicles",3,,
,"Dual fuel","Passenger Vehicles",13,,
,,"Light Commercial Vehicles",7,,
,"Other","Passenger Vehicles",23,,
,,"Light Commercial Vehicles",0,,
,"Unknown","Passenger Vehicles",5,,
,,"Light Commercial Vehicles",3,,
"2480","Diesel","Passenger Vehicles",3403,,
,,"Light Commercial Vehicles",5433,,
,"Electric","Passenger Vehicles",8,,
,,"Light Commercial Vehicles",0,,
,"Petrol leaded","Passenger Vehicles",305,,
,,"Light Commercial Vehicles",124,,
,"Petrol unleaded","Passenger Vehicles",23203,,
,,"Light Commercial Vehicles",2282,,
,"LPG/Other gases","Passenger Vehicles",45,,
,,"Light Commercial Vehicles",37,,
,"Dual fuel","Passenger Vehicles",145,,
,,"Light Commercial Vehicles",104,,
,"Other","Passenger Vehicles",125,,
,,"Light Commercial Vehicles",0,,
,"Unknown","Passenger Vehicles",79,,
,,"Light Commercial Vehicles",14,,
"2481","Diesel","Passenger Vehicles",1326,,
,,"Light Commercial Vehicles",1144,,
,"Electric","Passenger Vehicles",5,,
,,"Light Commercial Vehicles",0,,
,"Petrol leaded","Passenger Vehicles",100,,
,,"Light Commercial Vehicles",28,,
,"Petrol unleaded","Passenger Vehicles",6816,,
,,"Light Commercial Vehicles",741,,
,"LPG/Other gases","Passenger Vehicles",20,,
,,"Light Commercial Vehicles",6,,
,"Dual fuel","Passenger Vehicles",61,,
,,"Light Commercial Vehicles",24,,
,"Other","Passenger Vehicles",73,,
,,"Light Commercial Vehicles",0,,
,"Unknown","Passenger Vehicles",26,,
,,"Light Commercial Vehicles",5,,
"2482","Diesel","Passenger Vehicles",633,,
,,"Light Commercial Vehicles",760,,
,"Electric","Passenger Vehicles",4,,
,,"Light Commercial Vehicles",3,,
,"Petrol leaded","Passenger Vehicles",50,,
,,"Light Commercial Vehicles",20,,
,"Petrol unleaded","Passenger Vehicles",3703,,
,,"Light Commercial Vehicles",428,,
,"LPG/Other gases","Passenger Vehicles",12,,
,,"Light Commercial Vehicles",4,,
,"Dual fuel","Passenger Vehicles",49,,
,,"Light Commercial Vehicles",22,,
,"Other","Passenger Vehicles",34,,
,,"Light Commercial Vehicles",0,,
,"Unknown","Passenger Vehicles",12,,
,,"Light Commercial Vehicles",0,,
"2483","Diesel","Passenger Vehicles",859,,
,,"Light Commercial Vehicles",1056,,
,"Electric","Passenger Vehicles",0,,
,,"Light Commercial Vehicles",0,,
,"Petrol leaded","Passenger Vehicles",53,,
,,"Light Commercial Vehicles",20,,
,"Petrol unleaded","Passenger Vehicles",5662,,
,,"Light Commercial Vehicles",578,,
,"LPG/Other gases","Passenger Vehicles",9,,
,,"Light Commercial Vehicles",10,,
,"Dual fuel","Passenger Vehicles",39,,
,,"Light Commercial Vehicles",37,,
,"Other","Passenger Vehicles",38,,
,,"Light Commercial Vehicles",0,,
,"Unknown","Passenger Vehicles",27,,
,,"Light Commercial Vehicles",3,,
"2484","Diesel","Passenger Vehicles",1509,,
,,"Light Commercial Vehicles",2440,,
,"Electric","Passenger Vehicles",3,,
,,"Light Commercial Vehicles",0,,
,"Petrol leaded","Passenger Vehicles",143,,
,,"Light Commercial Vehicles",42,,
,"Petrol unleaded","Passenger Vehicles",8845,,
,,"Light Commercial Vehicles",1106,,
,"LPG/Other gases","Passenger Vehicles",15,,
,,"Light Commercial Vehicles",18,,
,"Dual fuel","Passenger Vehicles",79,,
,,"Light Commercial Vehicles",61,,
,"Other","Passenger Vehicles",73,,
,,"Light Commercial Vehicles",0,,
,"Unknown","Passenger Vehicles",54,,
,,"Light Commercial Vehicles",12,,
"2485","Diesel","Passenger Vehicles",642,,
,,"Light Commercial Vehicles",709,,
,"Electric","Passenger Vehicles",0,,
,,"Light Commercial Vehicles",0,,
,"Petrol leaded","Passenger Vehicles",51,,
,,"Light Commercial Vehicles",22,,
,"Petrol unleaded","Passenger Vehicles",6323,,
,,"Light Commercial Vehicles",397,,
,"LPG/Other gases","Passenger Vehicles",15,,
,,"Light Commercial Vehicles",5,,
,"Dual fuel","Passenger Vehicles",46,,
,,"Light Commercial Vehicles",19,,
,"Other","Passenger Vehicles",43,,
,,"Light Commercial Vehicles",0,,
,"Unknown","Passenger Vehicles",42,,
,,"Light Commercial Vehicles",7,,
"2486","Diesel","Passenger Vehicles",1755,,
,,"Light Commercial Vehicles",2127,,
,"Electric","Passenger Vehicles",0,,
,,"Light Commercial Vehicles",0,,
,"Petrol leaded","Passenger Vehicles",156,,
,,"Light Commercial Vehicles",55,,
,"Petrol unleaded","Passenger Vehicles",15349,,
,,"Light Commercial Vehicles",1110,,
,"LPG/Other gases","Passenger Vehicles",23,,
,,"Light Commercial Vehicles",26,,
,"Dual fuel","Passenger Vehicles",95,,
,,"Light Commercial Vehicles",31,,
,"Other","Passenger Vehicles",72,,
,,"Light Commercial Vehicles",0,,
,"Unknown","Passenger Vehicles",88,,
,,"Light Commercial Vehicles",20,,
"2487","Diesel","Passenger Vehicles",1047,,
,,"Light Commercial Vehicles",1178,,
,"Electric","Passenger Vehicles",0,,
,,"Light Commercial Vehicles",0,,
,"Petrol leaded","Passenger Vehicles",51,,
,,"Light Commercial Vehicles",13,,
,"Petrol unleaded","Passenger Vehicles",6047,,
,,"Light Commercial Vehicles",437,,
,"LPG/Other gases","Passenger Vehicles",10,,
,,"Light Commercial Vehicles",9,,
,"Dual fuel","Passenger Vehicles",35,,
,,"Light Commercial Vehicles",21,,
,"Other","Passenger Vehicles",45,,
,,"Light Commercial Vehicles",0,,
,"Unknown","Passenger Vehicles",38,,
,,"Light Commercial Vehicles",3,,
"2488","Diesel","Passenger Vehicles",217,,
,,"Light Commercial Vehicles",271,,
,"Electric","Passenger Vehicles",0,,
,,"Light Commercial Vehicles",0,,
,"Petrol leaded","Passenger Vehicles",13,,
,,"Light Commercial Vehicles",3,,
,"Petrol unleaded","Passenger Vehicles",1408,,
,,"Light Commercial Vehicles",155,,
,"LPG/Other gases","Passenger Vehicles",3,,
,,"Light Commercial Vehicles",3,,
,"Dual fuel","Passenger Vehicles",8,,
,,"Light Commercial Vehicles",6,,
,"Other","Passenger Vehicles",4,,
,,"Light Commercial Vehicles",0,,
,"Unknown","Passenger Vehicles",11,,
,,"Light Commercial Vehicles",3,,
"2489","Diesel","Passenger Vehicles",600,,
,,"Light Commercial Vehicles",551,,
,"Electric","Passenger Vehicles",0,,
,,"Light Commercial Vehicles",0,,
,"Petrol leaded","Passenger Vehicles",17,,
,,"Light Commercial Vehicles",5,,
,"Petrol unleaded","Passenger Vehicles",3139,,
,,"Light Commercial Vehicles",235,,
,"LPG/Other gases","Passenger Vehicles",3,,
,,"Light Commercial Vehicles",0,,
,"Dual fuel","Passenger Vehicles",21,,
,,"Light Commercial Vehicles",10,,
,"Other","Passenger Vehicles",11,,
,,"Light Commercial Vehicles",0,,
,"Unknown","Passenger Vehicles",15,,
,,"Light Commercial Vehicles",3,,
"2490","Diesel","Passenger Vehicles",48,,
,,"Light Commercial Vehicles",89,,
,"Electric","Passenger Vehicles",0,,
,,"Light Commercial Vehicles",0,,
,"Petrol leaded","Passenger Vehicles",5,,
,,"Light Commercial Vehicles",0,,
,"Petrol unleaded","Passenger Vehicles",292,,
,,"Light Commercial Vehicles",42,,
,"LPG/Other gases","Passenger Vehicles",0,,
,,"Light Commercial Vehicles",0,,
,"Dual fuel","Passenger Vehicles",3,,
,,"Light Commercial Vehicles",3,,
,"Other","Passenger Vehicles",0,,
,,"Light Commercial Vehicles",0,,
,"Unknown","Passenger Vehicles",0,,
,,"Light Commercial Vehicles",0,,
"2500","Diesel","Passenger Vehicles",2522,,
,,"Light Commercial Vehicles",2197,,
,"Electric","Passenger Vehicles",10,,
,,"Light Commercial Vehicles",0,,
,"Petrol leaded","Passenger Vehicles",181,,
,,"Light Commercial Vehicles",45,,
,"Petrol unleaded","Passenger Vehicles",20685,,
,,"Light Commercial Vehicles",1121,,
,"LPG/Other gases","Passenger Vehicles",39,,
,,"Light Commercial Vehicles",34,,
,"Dual fuel","Passenger Vehicles",133,,
,,"Light Commercial Vehicles",66,,
,"Other","Passenger Vehicles",153,,
,,"Light Commercial Vehicles",0,,
,"Unknown","Passenger Vehicles",17,,
,,"Light Commercial Vehicles",0,,
"2502","Diesel","Passenger Vehicles",444,,
,,"Light Commercial Vehicles",544,,
,"Electric","Passenger Vehicles",0,,
,,"Light Commercial Vehicles",0,,
,"Petrol leaded","Passenger Vehicles",96,,
,,"Light Commercial Vehicles",13,,
,"Petrol unleaded","Passenger Vehicles",5580,,
,,"Light Commercial Vehicles",431,,
,"LPG/Other gases","Passenger Vehicles",29,,
,,"Light Commercial Vehicles",11,,
,"Dual fuel","Passenger Vehicles",65,,
,,"Light Commercial Vehicles",39,,
,"Other","Passenger Vehicles",15,,
,,"Light Commercial Vehicles",0,,
,"Unknown","Passenger Vehicles",0,,
,,"Light Commercial Vehicles",0,,
"2505","Diesel","Passenger Vehicles",323,,
,,"Light Commercial Vehicles",553,,
,"Electric","Passenger Vehicles",0,,
,,"Light Commercial Vehicles",0,,
,"Petrol leaded","Passenger Vehicles",37,,
,,"Light Commercial Vehicles",4,,
,"Petrol unleaded","Passenger Vehicles",2624,,
,,"Light Commercial Vehicles",407,,
,"LPG/Other gases","Passenger Vehicles",10,,
,,"Light Commercial Vehicles",4,,
,"Dual fuel","Passenger Vehicles",18,,
,,"Light Commercial Vehicles",13,,
,"Other","Passenger Vehicles",16,,
,,"Light Commercial Vehicles",0,,
,"Unknown","Passenger Vehicles",3,,
,,"Light Commercial Vehicles",0,,
"2506","Diesel","Passenger Vehicles",321,,
,,"Light Commercial Vehicles",386,,
,"Electric","Passenger Vehicles",3,,
,,"Light Commercial Vehicles",0,,
,"Petrol leaded","Passenger Vehicles",66,,
,,"Light Commercial Vehicles",7,,
,"Petrol unleaded","Passenger Vehicles",3727,,
,,"Light Commercial Vehicles",309,,
,"LPG/Other gases","Passenger Vehicles",14,,
,,"Light Commercial Vehicles",10,,
,"Dual fuel","Passenger Vehicles",45,,
,,"Light Commercial Vehicles",15,,
,"Other","Passenger Vehicles",11,,
,,"Light Commercial Vehicles",0,,
,"Unknown","Passenger Vehicles",4,,
,,"Light Commercial Vehicles",0,,
"2508","Diesel","Passenger Vehicles",798,,
,,"Light Commercial Vehicles",878,,
,"Electric","Passenger Vehicles",0,,
,,"Light Commercial Vehicles",0,,
,"Petrol leaded","Passenger Vehicles",66,,
,,"Light Commercial Vehicles",13,,
,"Petrol unleaded","Passenger Vehicles",4301,,
,,"Light Commercial Vehicles",369,,
,"LPG/Other gases","Passenger Vehicles",11,,
,,"Light Commercial Vehicles",13,,
,"Dual fuel","Passenger Vehicles",34,,
,,"Light Commercial Vehicles",17,,
,"Other","Passenger Vehicles",26,,
,,"Light Commercial Vehicles",0,,
,"Unknown","Passenger Vehicles",3,,
,,"Light Commercial Vehicles",3,,
"2515","Diesel","Passenger Vehicles",1158,,
,,"Light Commercial Vehicles",710,,
,"Electric","Passenger Vehicles",3,,
,,"Light Commercial Vehicles",0,,
,"Petrol leaded","Passenger Vehicles",94,,
,,"Light Commercial Vehicles",15,,
,"Petrol unleaded","Passenger Vehicles",5306,,
,,"Light Commercial Vehicles",368,,
,"LPG/Other gases","Passenger Vehicles",6,,
,,"Light Commercial Vehicles",12,,
,"Dual fuel","Passenger Vehicles",41,,
,,"Light Commercial Vehicles",22,,
,"Other","Passenger Vehicles",42,,
,,"Light Commercial Vehicles",0,,
,"Unknown","Passenger Vehicles",9,,
,,"Light Commercial Vehicles",0,,
"2516","Diesel","Passenger Vehicles",542,,
,,"Light Commercial Vehicles",453,,
,"Electric","Passenger Vehicles",0,,
,,"Light Commercial Vehicles",0,,
,"Petrol leaded","Passenger Vehicles",41,,
,,"Light Commercial Vehicles",8,,
,"Petrol unleaded","Passenger Vehicles",3056,,
,,"Light Commercial Vehicles",211,,
,"LPG/Other gases","Passenger Vehicles",7,,
,,"Light Commercial Vehicles",12,,
,"Dual fuel","Passenger Vehicles",25,,
,,"Light Commercial Vehicles",16,,
,"Other","Passenger Vehicles",14,,
,,"Light Commercial Vehicles",0,,
,"Unknown","Passenger Vehicles",0,,
,,"Light Commercial Vehicles",0,,
"2517","Diesel","Passenger Vehicles",997,,
,,"Light Commercial Vehicles",885,,
,"Electric","Passenger Vehicles",0,,
,,"Light Commercial Vehicles",0,,
,"Petrol leaded","Passenger Vehicles",79,,
,,"Light Commercial Vehicles",14,,
,"Petrol unleaded","Passenger Vehicles",6537,,
,,"Light Commercial Vehicles",440,,
,"LPG/Other gases","Passenger Vehicles",15,,
,,"Light Commercial Vehicles",11,,
,"Dual fuel","Passenger Vehicles",45,,
,,"Light Commercial Vehicles",13,,
,"Other","Passenger Vehicles",29,,
,,"Light Commercial Vehicles",0,,
,"Unknown","Passenger Vehicles",5,,
,,"Light Commercial Vehicles",3,,
"2518","Diesel","Passenger Vehicles",1130,,
,,"Light Commercial Vehicles",1148,,
,"Electric","Passenger Vehicles",0,,
,,"Light Commercial Vehicles",0,,
,"Petrol leaded","Passenger Vehicles",119,,
,,"Light Commercial Vehicles",21,,
,"Petrol unleaded","Passenger Vehicles",9353,,
,,"Light Commercial Vehicles",707,,
,"LPG/Other gases","Passenger Vehicles",30,,
,,"Light Commercial Vehicles",20,,
,"Dual fuel","Passenger Vehicles",79,,
,,"Light Commercial Vehicles",52,,
,"Other","Passenger Vehicles",35,,
,,"Light Commercial Vehicles",0,,
,"Unknown","Passenger Vehicles",6,,
,,"Light Commercial Vehicles",0,,
"2519","Diesel","Passenger Vehicles",1142,,
,,"Light Commercial Vehicles",1008,,
,"Electric","Passenger Vehicles",0,,
,,"Light Commercial Vehicles",0,,
,"Petrol leaded","Passenger Vehicles",112,,
,,"Light Commercial Vehicles",22,,
,"Petrol unleaded","Passenger Vehicles",8526,,
,,"Light Commercial Vehicles",564,,
,"LPG/Other gases","Passenger Vehicles",20,,
,,"Light Commercial Vehicles",19,,
,"Dual fuel","Passenger Vehicles",67,,
,,"Light Commercial Vehicles",43,,
,"Other","Passenger Vehicles",43,,
,,"Light Commercial Vehicles",0,,
,"Unknown","Passenger Vehicles",3,,
,,"Light Commercial Vehicles",0,,
"2520","Diesel","Passenger Vehicles",3,,
,,"Light Commercial Vehicles",3,,
,"Electric","Passenger Vehicles",0,,
,,"Light Commercial Vehicles",0,,
,"Petrol leaded","Passenger Vehicles",0,,
,,"Light Commercial Vehicles",0,,
,"Petrol unleaded","Passenger Vehicles",12,,
,,"Light Commercial Vehicles",5,,
,"LPG/Other gases","Passenger Vehicles",0,,
,,"Light Commercial Vehicles",0,,
,"Dual fuel","Passenger Vehicles",0,,
,,"Light Commercial Vehicles",0,,
,"Other","Passenger Vehicles",0,,
,,"Light Commercial Vehicles",0,,
,"Unknown","Passenger Vehicles",0,,
,,"Light Commercial Vehicles",0,,
"2522","Diesel","Passenger Vehicles",3,,
,,"Light Commercial Vehicles",3,,
,"Electric","Passenger Vehicles",0,,
,,"Light Commercial Vehicles",0,,
,"Petrol leaded","Passenger Vehicles",0,,
,,"Light Commercial Vehicles",0,,
,"Petrol unleaded","Passenger Vehicles",18,,
,,"Light Commercial Vehicles",0,,
,"LPG/Other gases","Passenger Vehicles",0,,
,,"Light Commercial Vehicles",0,,
,"Dual fuel","Passenger Vehicles",0,,
,,"Light Commercial Vehicles",0,,
,"Other","Passenger Vehicles",0,,
,,"Light Commercial Vehicles",0,,
,"Unknown","Passenger Vehicles",0,,
,,"Light Commercial Vehicles",0,,
"2525","Diesel","Passenger Vehicles",851,,
,,"Light Commercial Vehicles",613,,
,"Electric","Passenger Vehicles",0,,
,,"Light Commercial Vehicles",0,,
,"Petrol leaded","Passenger Vehicles",88,,
,,"Light Commercial Vehicles",19,,
,"Petrol unleaded","Passenger Vehicles",6001,,
,,"Light Commercial Vehicles",343,,
,"LPG/Other gases","Passenger Vehicles",23,,
,,"Light Commercial Vehicles",8,,
,"Dual fuel","Passenger Vehicles",46,,
,,"Light Commercial Vehicles",26,,
,"Other","Passenger Vehicles",21,,
,,"Light Commercial Vehicles",0,,
,"Unknown","Passenger Vehicles",10,,
,,"Light Commercial Vehicles",0,,
"2526","Diesel","Passenger Vehicles",1306,,
,,"Light Commercial Vehicles",2052,,
,"Electric","Passenger Vehicles",3,,
,,"Light Commercial Vehicles",0,,
,"Petrol leaded","Passenger Vehicles",131,,
,,"Light Commercial Vehicles",15,,
,"Petrol unleaded","Passenger Vehicles",8422,,
,,"Light Commercial Vehicles",875,,
,"LPG/Other gases","Passenger Vehicles",26,,
,,"Light Commercial Vehicles",25,,
,"Dual fuel","Passenger Vehicles",76,,
,,"Light Commercial Vehicles",53,,
,"Other","Passenger Vehicles",38,,
,,"Light Commercial Vehicles",0,,
,"Unknown","Passenger Vehicles",8,,
,,"Light Commercial Vehicles",3,,
"2527","Diesel","Passenger Vehicles",1635,,
,,"Light Commercial Vehicles",2225,,
,"Electric","Passenger Vehicles",3,,
,,"Light Commercial Vehicles",0,,
,"Petrol leaded","Passenger Vehicles",242,,
,,"Light Commercial Vehicles",59,,
,"Petrol unleaded","Passenger Vehicles",11617,,
,,"Light Commercial Vehicles",1090,,
,"LPG/Other gases","Passenger Vehicles",28,,
,,"Light Commercial Vehicles",26,,
,"Dual fuel","Passenger Vehicles",130,,
,,"Light Commercial Vehicles",81,,
,"Other","Passenger Vehicles",38,,
,,"Light Commercial Vehicles",0,,
,"Unknown","Passenger Vehicles",15,,
,,"Light Commercial Vehicles",3,,
"2528","Diesel","Passenger Vehicles",1223,,
,,"Light Commercial Vehicles",1588,,
,"Electric","Passenger Vehicles",3,,
,,"Light Commercial Vehicles",0,,
,"Petrol leaded","Passenger Vehicles",170,,
,,"Light Commercial Vehicles",53,,
,"Petrol unleaded","Passenger Vehicles",12096,,
,,"Light Commercial Vehicles",1090,,
,"LPG/Other gases","Passenger Vehicles",46,,
,,"Light Commercial Vehicles",29,,
,"Dual fuel","Passenger Vehicles",193,,
,,"Light Commercial Vehicles",84,,
,"Other","Passenger Vehicles",30,,
,,"Light Commercial Vehicles",0,,
,"Unknown","Passenger Vehicles",10,,
,,"Light Commercial Vehicles",3,,
"2529","Diesel","Passenger Vehicles",2019,,
,,"Light Commercial Vehicles",2308,,
,"Electric","Passenger Vehicles",3,,
,,"Light Commercial Vehicles",0,,
,"Petrol leaded","Passenger Vehicles",264,,
,,"Light Commercial Vehicles",56,,
,"Petrol unleaded","Passenger Vehicles",14212,,
,,"Light Commercial Vehicles",1260,,
,"LPG/Other gases","Passenger Vehicles",38,,
,,"Light Commercial Vehicles",35,,
,"Dual fuel","Passenger Vehicles",141,,
,,"Light Commercial Vehicles",74,,
,"Other","Passenger Vehicles",57,,
,,"Light Commercial Vehicles",0,,
,"Unknown","Passenger Vehicles",14,,
,,"Light Commercial Vehicles",6,,
"2530","Diesel","Passenger Vehicles",2169,,
,,"Light Commercial Vehicles",2401,,
,"Electric","Passenger Vehicles",3,,
,,"Light Commercial Vehicles",0,,
,"Petrol leaded","Passenger Vehicles",239,,
,,"Light Commercial Vehicles",40,,
,"Petrol unleaded","Passenger Vehicles",16726,,
,,"Light Commercial Vehicles",1301,,
,"LPG/Other gases","Passenger Vehicles",47,,
,,"Light Commercial Vehicles",36,,
,"Dual fuel","Passenger Vehicles",185,,
,,"Light Commercial Vehicles",91,,
,"Other","Passenger Vehicles",50,,
,,"Light Commercial Vehicles",3,,
,"Unknown","Passenger Vehicles",20,,
,,"Light Commercial Vehicles",5,,
"2533","Diesel","Passenger Vehicles",1663,,
,,"Light Commercial Vehicles",1577,,
,"Electric","Passenger Vehicles",5,,
,,"Light Commercial Vehicles",0,,
,"Petrol leaded","Passenger Vehicles",135,,
,,"Light Commercial Vehicles",28,,
,"Petrol unleaded","Passenger Vehicles",8618,,
,,"Light Commercial Vehicles",717,,
,"LPG/Other gases","Passenger Vehicles",22,,
,,"Light Commercial Vehicles",22,,
,"Dual fuel","Passenger Vehicles",56,,
,,"Light Commercial Vehicles",39,,
,"Other","Passenger Vehicles",48,,
,,"Light Commercial Vehicles",0,,
,"Unknown","Passenger Vehicles",3,,
,,"Light Commercial Vehicles",0,,
"2534","Diesel","Passenger Vehicles",614,,
,,"Light Commercial Vehicles",597,,
,"Electric","Passenger Vehicles",3,,
,,"Light Commercial Vehicles",0,,
,"Petrol leaded","Passenger Vehicles",49,,
,,"Light Commercial Vehicles",11,,
,"Petrol unleaded","Passenger Vehicles",2780,,
,,"Light Commercial Vehicles",232,,
,"LPG/Other gases","Passenger Vehicles",10,,
,,"Light Commercial Vehicles",8,,
,"Dual fuel","Passenger Vehicles",25,,
,,"Light Commercial Vehicles",14,,
,"Other","Passenger Vehicles",15,,
,,"Light Commercial Vehicles",0,,
,"Unknown","Passenger Vehicles",3,,
,,"Light Commercial Vehicles",0,,
"2535","Diesel","Passenger Vehicles",829,,
,,"Light Commercial Vehicles",1085,,
,"Electric","Passenger Vehicles",3,,
,,"Light Commercial Vehicles",0,,
,"Petrol leaded","Passenger Vehicles",84,,
,,"Light Commercial Vehicles",21,,
,"Petrol unleaded","Passenger Vehicles",3879,,
,,"Light Commercial Vehicles",425,,
,"LPG/Other gases","Passenger Vehicles",6,,
,,"Light Commercial Vehicles",9,,
,"Dual fuel","Passenger Vehicles",36,,
,,"Light Commercial Vehicles",40,,
,"Other","Passenger Vehicles",19,,
,,"Light Commercial Vehicles",0,,
,"Unknown","Passenger Vehicles",3,,
,,"Light Commercial Vehicles",0,,
"2536","Diesel","Passenger Vehicles",1589,,
,,"Light Commercial Vehicles",2094,,
,"Electric","Passenger Vehicles",0,,
,,"Light Commercial Vehicles",0,,
,"Petrol leaded","Passenger Vehicles",116,,
,,"Light Commercial Vehicles",54,,
,"Petrol unleaded","Passenger Vehicles",9540,,
,,"Light Commercial Vehicles",1167,,
,"LPG/Other gases","Passenger Vehicles",21,,
,,"Light Commercial Vehicles",35,,
,"Dual fuel","Passenger Vehicles",101,,
,,"Light Commercial Vehicles",77,,
,"Other","Passenger Vehicles",33,,
,,"Light Commercial Vehicles",0,,
,"Unknown","Passenger Vehicles",12,,
,,"Light Commercial Vehicles",5,,
"2537","Diesel","Passenger Vehicles",1322,,
,,"Light Commercial Vehicles",1778,,
,"Electric","Passenger Vehicles",0,,
,,"Light Commercial Vehicles",0,,
,"Petrol leaded","Passenger Vehicles",81,,
,,"Light Commercial Vehicles",24,,
,"Petrol unleaded","Passenger Vehicles",6384,,
,,"Light Commercial Vehicles",818,,
,"LPG/Other gases","Passenger Vehicles",12,,
,,"Light Commercial Vehicles",26,,
,"Dual fuel","Passenger Vehicles",66,,
,,"Light Commercial Vehicles",39,,
,"Other","Passenger Vehicles",24,,
,,"Light Commercial Vehicles",0,,
,"Unknown","Passenger Vehicles",12,,
,,"Light Commercial Vehicles",3,,
"2538","Diesel","Passenger Vehicles",347,,
,,"Light Commercial Vehicles",428,,
,"Electric","Passenger Vehicles",3,,
,,"Light Commercial Vehicles",0,,
,"Petrol leaded","Passenger Vehicles",18,,
,,"Light Commercial Vehicles",5,,
,"Petrol unleaded","Passenger Vehicles",1126,,
,,"Light Commercial Vehicles",161,,
,"LPG/Other gases","Passenger Vehicles",5,,
,,"Light Commercial Vehicles",5,,
,"Dual fuel","Passenger Vehicles",26,,
,,"Light Commercial Vehicles",9,,
,"Other","Passenger Vehicles",8,,
,,"Light Commercial Vehicles",0,,
,"Unknown","Passenger Vehicles",3,,
,,"Light Commercial Vehicles",0,,
"2539","Diesel","Passenger Vehicles",1659,,
,,"Light Commercial Vehicles",2210,,
,"Electric","Passenger Vehicles",0,,
,,"Light Commercial Vehicles",0,,
,"Petrol leaded","Passenger Vehicles",193,,
,,"Light Commercial Vehicles",52,,
,"Petrol unleaded","Passenger Vehicles",9938,,
,,"Light Commercial Vehicles",1330,,
,"LPG/Other gases","Passenger Vehicles",33,,
,,"Light Commercial Vehicles",33,,
,"Dual fuel","Passenger Vehicles",113,,
,,"Light Commercial Vehicles",73,,
,"Other","Passenger Vehicles",59,,
,,"Light Commercial Vehicles",0,,
,"Unknown","Passenger Vehicles",10,,
,,"Light Commercial Vehicles",5,,
"2540","Diesel","Passenger Vehicles",4008,,
,,"Light Commercial Vehicles",5061,,
,"Electric","Passenger Vehicles",4,,
,,"Light Commercial Vehicles",0,,
,"Petrol leaded","Passenger Vehicles",486,,
,,"Light Commercial Vehicles",146,,
,"Petrol unleaded","Passenger Vehicles",23438,,
,,"Light Commercial Vehicles",2671,,
,"LPG/Other gases","Passenger Vehicles",95,,
,,"Light Commercial Vehicles",97,,
,"Dual fuel","Passenger Vehicles",436,,
,,"Light Commercial Vehicles",199,,
,"Other","Passenger Vehicles",100,,
,,"Light Commercial Vehicles",0,,
,"Unknown","Passenger Vehicles",37,,
,,"Light Commercial Vehicles",4,,
"2541","Diesel","Passenger Vehicles",1942,,
,,"Light Commercial Vehicles",3055,,
,"Electric","Passenger Vehicles",0,,
,,"Light Commercial Vehicles",0,,
,"Petrol leaded","Passenger Vehicles",209,,
,,"Light Commercial Vehicles",67,,
,"Petrol unleaded","Passenger Vehicles",13469,,
,,"Light Commercial Vehicles",1453,,
,"LPG/Other gases","Passenger Vehicles",53,,
,,"Light Commercial Vehicles",40,,
,"Dual fuel","Passenger Vehicles",173,,
,,"Light Commercial Vehicles",101,,
,"Other","Passenger Vehicles",63,,
,,"Light Commercial Vehicles",0,,
,"Unknown","Passenger Vehicles",19,,
,,"Light Commercial Vehicles",0,,
"2545","Diesel","Passenger Vehicles",139,,
,,"Light Commercial Vehicles",232,,
,"Electric","Passenger Vehicles",0,,
,,"Light Commercial Vehicles",0,,
,"Petrol leaded","Passenger Vehicles",4,,
,,"Light Commercial Vehicles",5,,
,"Petrol unleaded","Passenger Vehicles",504,,
,,"Light Commercial Vehicles",98,,
,"LPG/Other gases","Passenger Vehicles",0,,
,,"Light Commercial Vehicles",4,,
,"Dual fuel","Passenger Vehicles",4,,
,,"Light Commercial Vehicles",0,,
,"Other","Passenger Vehicles",0,,
,,"Light Commercial Vehicles",0,,
,"Unknown","Passenger Vehicles",3,,
,,"Light Commercial Vehicles",0,,
"2546","Diesel","Passenger Vehicles",941,,
,,"Light Commercial Vehicles",1187,,
,"Electric","Passenger Vehicles",0,,
,,"Light Commercial Vehicles",0,,
,"Petrol leaded","Passenger Vehicles",39,,
,,"Light Commercial Vehicles",21,,
,"Petrol unleaded","Passenger Vehicles",4764,,
,,"Light Commercial Vehicles",567,,
,"LPG/Other gases","Passenger Vehicles",20,,
,,"Light Commercial Vehicles",19,,
,"Dual fuel","Passenger Vehicles",46,,
,,"Light Commercial Vehicles",31,,
,"Other","Passenger Vehicles",21,,
,,"Light Commercial Vehicles",0,,
,"Unknown","Passenger Vehicles",9,,
,,"Light Commercial Vehicles",0,,
"2548","Diesel","Passenger Vehicles",697,,
,,"Light Commercial Vehicles",741,,
,"Electric","Passenger Vehicles",0,,
,,"Light Commercial Vehicles",0,,
,"Petrol leaded","Passenger Vehicles",31,,
,,"Light Commercial Vehicles",20,,
,"Petrol unleaded","Passenger Vehicles",4302,,
,,"Light Commercial Vehicles",394,,
,"LPG/Other gases","Passenger Vehicles",9,,
,,"Light Commercial Vehicles",4,,
,"Dual fuel","Passenger Vehicles",20,,
,,"Light Commercial Vehicles",16,,
,"Other","Passenger Vehicles",14,,
,,"Light Commercial Vehicles",0,,
,"Unknown","Passenger Vehicles",6,,
,,"Light Commercial Vehicles",0,,
"2549","Diesel","Passenger Vehicles",384,,
,,"Light Commercial Vehicles",746,,
,"Electric","Passenger Vehicles",0,,
,,"Light Commercial Vehicles",0,,
,"Petrol leaded","Passenger Vehicles",34,,
,,"Light Commercial Vehicles",19,,
,"Petrol unleaded","Passenger Vehicles",1923,,
,,"Light Commercial Vehicles",266,,
,"LPG/Other gases","Passenger Vehicles",4,,
,,"Light Commercial Vehicles",11,,
,"Dual fuel","Passenger Vehicles",27,,
,,"Light Commercial Vehicles",21,,
,"Other","Passenger Vehicles",5,,
,,"Light Commercial Vehicles",0,,
,"Unknown","Passenger Vehicles",3,,
,,"Light Commercial Vehicles",0,,
"2550","Diesel","Passenger Vehicles",1620,,
,,"Light Commercial Vehicles",3118,,
,"Electric","Passenger Vehicles",3,,
,,"Light Commercial Vehicles",3,,
,"Petrol leaded","Passenger Vehicles",123,,
,,"Light Commercial Vehicles",74,,
,"Petrol unleaded","Passenger Vehicles",7861,,
,,"Light Commercial Vehicles",1219,,
,"LPG/Other gases","Passenger Vehicles",11,,
,,"Light Commercial Vehicles",27,,
,"Dual fuel","Passenger Vehicles",71,,
,,"Light Commercial Vehicles",56,,
,"Other","Passenger Vehicles",20,,
,,"Light Commercial Vehicles",0,,
,"Unknown","Passenger Vehicles",12,,
,,"Light Commercial Vehicles",3,,
"2551","Diesel","Passenger Vehicles",314,,
,,"Light Commercial Vehicles",666,,
,"Electric","Passenger Vehicles",0,,
,,"Light Commercial Vehicles",0,,
,"Petrol leaded","Passenger Vehicles",19,,
,,"Light Commercial Vehicles",4,,
,"Petrol unleaded","Passenger Vehicles",1618,,
,,"Light Commercial Vehicles",200,,
,"LPG/Other gases","Passenger Vehicles",0,,
,,"Light Commercial Vehicles",10,,
,"Dual fuel","Passenger Vehicles",19,,
,,"Light Commercial Vehicles",25,,
,"Other","Passenger Vehicles",4,,
,,"Light Commercial Vehicles",0,,
,"Unknown","Passenger Vehicles",0,,
,,"Light Commercial Vehicles",3,,
"2555","Diesel","Passenger Vehicles",16,,
,,"Light Commercial Vehicles",27,,
,"Electric","Passenger Vehicles",0,,
,,"Light Commercial Vehicles",0,,
,"Petrol leaded","Passenger Vehicles",0,,
,,"Light Commercial Vehicles",0,,
,"Petrol unleaded","Passenger Vehicles",84,,
,,"Light Commercial Vehicles",22,,
,"LPG/Other gases","Passenger Vehicles",0,,
,,"Light Commercial Vehicles",0,,
,"Dual fuel","Passenger Vehicles",3,,
,,"Light Commercial Vehicles",3,,
,"Other","Passenger Vehicles",0,,
,,"Light Commercial Vehicles",0,,
,"Unknown","Passenger Vehicles",0,,
,,"Light Commercial Vehicles",0,,
"2556","Diesel","Passenger Vehicles",203,,
,,"Light Commercial Vehicles",416,,
,"Electric","Passenger Vehicles",0,,
,,"Light Commercial Vehicles",0,,
,"Petrol leaded","Passenger Vehicles",76,,
,,"Light Commercial Vehicles",23,,
,"Petrol unleaded","Passenger Vehicles",1197,,
,,"Light Commercial Vehicles",193,,
,"LPG/Other gases","Passenger Vehicles",3,,
,,"Light Commercial Vehicles",5,,
,"Dual fuel","Passenger Vehicles",15,,
,,"Light Commercial Vehicles",9,,
,"Other","Passenger Vehicles",6,,
,,"Light Commercial Vehicles",0,,
,"Unknown","Passenger Vehicles",0,,
,,"Light Commercial Vehicles",3,,
"2557","Diesel","Passenger Vehicles",778,,
,,"Light Commercial Vehicles",950,,
,"Electric","Passenger Vehicles",3,,
,,"Light Commercial Vehicles",0,,
,"Petrol leaded","Passenger Vehicles",130,,
,,"Light Commercial Vehicles",31,,
,"Petrol unleaded","Passenger Vehicles",6180,,
,,"Light Commercial Vehicles",531,,
,"LPG/Other gases","Passenger Vehicles",14,,
,,"Light Commercial Vehicles",20,,
,"Dual fuel","Passenger Vehicles",39,,
,,"Light Commercial Vehicles",28,,
,"Other","Passenger Vehicles",65,,
,,"Light Commercial Vehicles",0,,
,"Unknown","Passenger Vehicles",12,,
,,"Light Commercial Vehicles",3,,
"2558","Diesel","Passenger Vehicles",481,,
,,"Light Commercial Vehicles",545,,
,"Electric","Passenger Vehicles",0,,
,,"Light Commercial Vehicles",0,,
,"Petrol leaded","Passenger Vehicles",59,,
,,"Light Commercial Vehicles",11,,
,"Petrol unleaded","Passenger Vehicles",5736,,
,,"Light Commercial Vehicles",329,,
,"LPG/Other gases","Passenger Vehicles",12,,
,,"Light Commercial Vehicles",20,,
,"Dual fuel","Passenger Vehicles",52,,
,,"Light Commercial Vehicles",25,,
,"Other","Passenger Vehicles",28,,
,,"Light Commercial Vehicles",0,,
,"Unknown","Passenger Vehicles",10,,
,,"Light Commercial Vehicles",0,,
"2559","Diesel","Passenger Vehicles",42,,
,,"Light Commercial Vehicles",44,,
,"Electric","Passenger Vehicles",0,,
,,"Light Commercial Vehicles",0,,
,"Petrol leaded","Passenger Vehicles",3,,
,,"Light Commercial Vehicles",0,,
,"Petrol unleaded","Passenger Vehicles",1017,,
,,"Light Commercial Vehicles",44,,
,"LPG/Other gases","Passenger Vehicles",6,,
,,"Light Commercial Vehicles",0,,
,"Dual fuel","Passenger Vehicles",13,,
,,"Light Commercial Vehicles",3,,
,"Other","Passenger Vehicles",6,,
,,"Light Commercial Vehicles",0,,
,"Unknown","Passenger Vehicles",0,,
,,"Light Commercial Vehicles",0,,
"2560","Diesel","Passenger Vehicles",3386,,
,,"Light Commercial Vehicles",3730,,
,"Electric","Passenger Vehicles",9,,
,,"Light Commercial Vehicles",0,,
,"Petrol leaded","Passenger Vehicles",436,,
,,"Light Commercial Vehicles",75,,
,"Petrol unleaded","Passenger Vehicles",38728,,
,,"Light Commercial Vehicles",2268,,
,"LPG/Other gases","Passenger Vehicles",152,,
,,"Light Commercial Vehicles",104,,
,"Dual fuel","Passenger Vehicles",289,,
,,"Light Commercial Vehicles",127,,
,"Other","Passenger Vehicles",271,,
,,"Light Commercial Vehicles",3,,
,"Unknown","Passenger Vehicles",53,,
,,"Light Commercial Vehicles",6,,
"2563","Diesel","Passenger Vehicles",23,,
,,"Light Commercial Vehicles",31,,
,"Electric","Passenger Vehicles",0,,
,,"Light Commercial Vehicles",0,,
,"Petrol leaded","Passenger Vehicles",0,,
,,"Light Commercial Vehicles",3,,
,"Petrol unleaded","Passenger Vehicles",105,,
,,"Light Commercial Vehicles",10,,
,"LPG/Other gases","Passenger Vehicles",0,,
,,"Light Commercial Vehicles",0,,
,"Dual fuel","Passenger Vehicles",0,,
,,"Light Commercial Vehicles",3,,
,"Other","Passenger Vehicles",0,,
,,"Light Commercial Vehicles",0,,
,"Unknown","Passenger Vehicles",0,,
,,"Light Commercial Vehicles",0,,
"2564","Diesel","Passenger Vehicles",373,,
,,"Light Commercial Vehicles",347,,
,"Electric","Passenger Vehicles",0,,
,,"Light Commercial Vehicles",0,,
,"Petrol leaded","Passenger Vehicles",42,,
,,"Light Commercial Vehicles",9,,
,"Petrol unleaded","Passenger Vehicles",6216,,
,,"Light Commercial Vehicles",292,,
,"LPG/Other gases","Passenger Vehicles",27,,
,,"Light Commercial Vehicles",15,,
,"Dual fuel","Passenger Vehicles",66,,
,,"Light Commercial Vehicles",11,,
,"Other","Passenger Vehicles",57,,
,,"Light Commercial Vehicles",0,,
,"Unknown","Passenger Vehicles",8,,
,,"Light Commercial Vehicles",0,,
"2565","Diesel","Passenger Vehicles",1207,,
,,"Light Commercial Vehicles",1583,,
,"Electric","Passenger Vehicles",3,,
,,"Light Commercial Vehicles",0,,
,"Petrol leaded","Passenger Vehicles",127,,
,,"Light Commercial Vehicles",20,,
,"Petrol unleaded","Passenger Vehicles",11843,,
,,"Light Commercial Vehicles",794,,
,"LPG/Other gases","Passenger Vehicles",50,,
,,"Light Commercial Vehicles",32,,
,"Dual fuel","Passenger Vehicles",85,,
,,"Light Commercial Vehicles",61,,
,"Other","Passenger Vehicles",106,,
,,"Light Commercial Vehicles",0,,
,"Unknown","Passenger Vehicles",18,,
,,"Light Commercial Vehicles",0,,
"2566","Diesel","Passenger Vehicles",1969,,
,,"Light Commercial Vehicles",1944,,
,"Electric","Passenger Vehicles",0,,
,,"Light Commercial Vehicles",0,,
,"Petrol leaded","Passenger Vehicles",131,,
,,"Light Commercial Vehicles",20,,
,"Petrol unleaded","Passenger Vehicles",15816,,
,,"Light Commercial Vehicles",884,,
,"LPG/Other gases","Passenger Vehicles",85,,
,,"Light Commercial Vehicles",47,,
,"Dual fuel","Passenger Vehicles",145,,
,,"Light Commercial Vehicles",50,,
,"Other","Passenger Vehicles",185,,
,,"Light Commercial Vehicles",0,,
,"Unknown","Passenger Vehicles",15,,
,,"Light Commercial Vehicles",4,,
"2567","Diesel","Passenger Vehicles",2635,,
,,"Light Commercial Vehicles",3550,,
,"Electric","Passenger Vehicles",4,,
,,"Light Commercial Vehicles",0,,
,"Petrol leaded","Passenger Vehicles",315,,
,,"Light Commercial Vehicles",42,,
,"Petrol unleaded","Passenger Vehicles",20173,,
,,"Light Commercial Vehicles",1521,,
,"LPG/Other gases","Passenger Vehicles",38,,
,,"Light Commercial Vehicles",62,,
,"Dual fuel","Passenger Vehicles",90,,
,,"Light Commercial Vehicles",62,,
,"Other","Passenger Vehicles",113,,
,,"Light Commercial Vehicles",0,,
,"Unknown","Passenger Vehicles",20,,
,,"Light Commercial Vehicles",5,,
"2568","Diesel","Passenger Vehicles",113,,
,,"Light Commercial Vehicles",163,,
,"Electric","Passenger Vehicles",0,,
,,"Light Commercial Vehicles",0,,
,"Petrol leaded","Passenger Vehicles",29,,
,,"Light Commercial Vehicles",5,,
,"Petrol unleaded","Passenger Vehicles",587,,
,,"Light Commercial Vehicles",81,,
,"LPG/Other gases","Passenger Vehicles",3,,
,,"Light Commercial Vehicles",3,,
,"Dual fuel","Passenger Vehicles",5,,
,,"Light Commercial Vehicles",4,,
,"Other","Passenger Vehicles",6,,
,,"Light Commercial Vehicles",0,,
,"Unknown","Passenger Vehicles",0,,
,,"Light Commercial Vehicles",0,,
"2569","Diesel","Passenger Vehicles",176,,
,,"Light Commercial Vehicles",227,,
,"Electric","Passenger Vehicles",0,,
,,"Light Commercial Vehicles",0,,
,"Petrol leaded","Passenger Vehicles",24,,
,,"Light Commercial Vehicles",4,,
,"Petrol unleaded","Passenger Vehicles",655,,
,,"Light Commercial Vehicles",100,,
,"LPG/Other gases","Passenger Vehicles",0,,
,,"Light Commercial Vehicles",4,,
,"Dual fuel","Passenger Vehicles",7,,
,,"Light Commercial Vehicles",10,,
,"Other","Passenger Vehicles",0,,
,,"Light Commercial Vehicles",0,,
,"Unknown","Passenger Vehicles",0,,
,,"Light Commercial Vehicles",0,,
"2570","Diesel","Passenger Vehicles",3848,,
,,"Light Commercial Vehicles",4939,,
,"Electric","Passenger Vehicles",3,,
,,"Light Commercial Vehicles",0,,
,"Petrol leaded","Passenger Vehicles",616,,
,,"Light Commercial Vehicles",137,,
,"Petrol unleaded","Passenger Vehicles",24526,,
,,"Light Commercial Vehicles",2286,,
,"LPG/Other gases","Passenger Vehicles",56,,
,,"Light Commercial Vehicles",120,,
,"Dual fuel","Passenger Vehicles",160,,
,,"Light Commercial Vehicles",115,,
,"Other","Passenger Vehicles",169,,
,,"Light Commercial Vehicles",3,,
,"Unknown","Passenger Vehicles",29,,
,,"Light Commercial Vehicles",8,,
"2571","Diesel","Passenger Vehicles",1371,,
,,"Light Commercial Vehicles",1789,,
,"Electric","Passenger Vehicles",3,,
,,"Light Commercial Vehicles",0,,
,"Petrol leaded","Passenger Vehicles",210,,
,,"Light Commercial Vehicles",59,,
,"Petrol unleaded","Passenger Vehicles",5867,,
,,"Light Commercial Vehicles",755,,
,"LPG/Other gases","Passenger Vehicles",16,,
,,"Light Commercial Vehicles",42,,
,"Dual fuel","Passenger Vehicles",60,,
,,"Light Commercial Vehicles",46,,
,"Other","Passenger Vehicles",26,,
,,"Light Commercial Vehicles",0,,
,"Unknown","Passenger Vehicles",3,,
,,"Light Commercial Vehicles",0,,
"2572","Diesel","Passenger Vehicles",420,,
,,"Light Commercial Vehicles",564,,
,"Electric","Passenger Vehicles",0,,
,,"Light Commercial Vehicles",0,,
,"Petrol leaded","Passenger Vehicles",60,,
,,"Light Commercial Vehicles",17,,
,"Petrol unleaded","Passenger Vehicles",2102,,
,,"Light Commercial Vehicles",266,,
,"LPG/Other gases","Passenger Vehicles",15,,
,,"Light Commercial Vehicles",5,,
,"Dual fuel","Passenger Vehicles",21,,
,,"Light Commercial Vehicles",18,,
,"Other","Passenger Vehicles",11,,
,,"Light Commercial Vehicles",0,,
,"Unknown","Passenger Vehicles",0,,
,,"Light Commercial Vehicles",0,,
"2573","Diesel","Passenger Vehicles",355,,
,,"Light Commercial Vehicles",521,,
,"Electric","Passenger Vehicles",0,,
,,"Light Commercial Vehicles",0,,
,"Petrol leaded","Passenger Vehicles",70,,
,,"Light Commercial Vehicles",22,,
,"Petrol unleaded","Passenger Vehicles",2447,,
,,"Light Commercial Vehicles",273,,
,"LPG/Other gases","Passenger Vehicles",14,,
,,"Light Commercial Vehicles",13,,
,"Dual fuel","Passenger Vehicles",28,,
,,"Light Commercial Vehicles",15,,
,"Other","Passenger Vehicles",3,,
,,"Light Commercial Vehicles",0,,
,"Unknown","Passenger Vehicles",0,,
,,"Light Commercial Vehicles",0,,
"2574","Diesel","Passenger Vehicles",553,,
,,"Light Commercial Vehicles",814,,
,"Electric","Passenger Vehicles",0,,
,,"Light Commercial Vehicles",0,,
,"Petrol leaded","Passenger Vehicles",126,,
,,"Light Commercial Vehicles",24,,
,"Petrol unleaded","Passenger Vehicles",2763,,
,,"Light Commercial Vehicles",385,,
,"LPG/Other gases","Passenger Vehicles",15,,
,,"Light Commercial Vehicles",34,,
,"Dual fuel","Passenger Vehicles",38,,
,,"Light Commercial Vehicles",33,,
,"Other","Passenger Vehicles",14,,
,,"Light Commercial Vehicles",0,,
,"Unknown","Passenger Vehicles",0,,
,,"Light Commercial Vehicles",3,,
"2575","Diesel","Passenger Vehicles",1683,,
,,"Light Commercial Vehicles",2089,,
,"Electric","Passenger Vehicles",6,,
,,"Light Commercial Vehicles",0,,
,"Petrol leaded","Passenger Vehicles",204,,
,,"Light Commercial Vehicles",65,,
,"Petrol unleaded","Passenger Vehicles",8205,,
,,"Light Commercial Vehicles",1102,,
,"LPG/Other gases","Passenger Vehicles",42,,
,,"Light Commercial Vehicles",43,,
,"Dual fuel","Passenger Vehicles",82,,
,,"Light Commercial Vehicles",58,,
,"Other","Passenger Vehicles",49,,
,,"Light Commercial Vehicles",0,,
,"Unknown","Passenger Vehicles",22,,
,,"Light Commercial Vehicles",0,,
"2576","Diesel","Passenger Vehicles",1684,,
,,"Light Commercial Vehicles",963,,
,"Electric","Passenger Vehicles",12,,
,,"Light Commercial Vehicles",0,,
,"Petrol leaded","Passenger Vehicles",191,,
,,"Light Commercial Vehicles",32,,
,"Petrol unleaded","Passenger Vehicles",7640,,
,,"Light Commercial Vehicles",606,,
,"LPG/Other gases","Passenger Vehicles",16,,
,,"Light Commercial Vehicles",26,,
,"Dual fuel","Passenger Vehicles",35,,
,,"Light Commercial Vehicles",18,,
,"Other","Passenger Vehicles",95,,
,,"Light Commercial Vehicles",0,,
,"Unknown","Passenger Vehicles",9,,
,,"Light Commercial Vehicles",3,,
"2577","Diesel","Passenger Vehicles",1850,,
,,"Light Commercial Vehicles",2407,,
,"Electric","Passenger Vehicles",6,,
,,"Light Commercial Vehicles",0,,
,"Petrol leaded","Passenger Vehicles",227,,
,,"Light Commercial Vehicles",62,,
,"Petrol unleaded","Passenger Vehicles",8031,,
,,"Light Commercial Vehicles",1076,,
,"LPG/Other gases","Passenger Vehicles",12,,
,,"Light Commercial Vehicles",37,,
,"Dual fuel","Passenger Vehicles",66,,
,,"Light Commercial Vehicles",78,,
,"Other","Passenger Vehicles",45,,
,,"Light Commercial Vehicles",3,,
,"Unknown","Passenger Vehicles",11,,
,,"Light Commercial Vehicles",3,,
"2578","Diesel","Passenger Vehicles",277,,
,,"Light Commercial Vehicles",246,,
,"Electric","Passenger Vehicles",0,,
,,"Light Commercial Vehicles",0,,
,"Petrol leaded","Passenger Vehicles",27,,
,,"Light Commercial Vehicles",5,,
,"Petrol unleaded","Passenger Vehicles",1459,,
,,"Light Commercial Vehicles",138,,
,"LPG/Other gases","Passenger Vehicles",3,,
,,"Light Commercial Vehicles",3,,
,"Dual fuel","Passenger Vehicles",10,,
,,"Light Commercial Vehicles",11,,
,"Other","Passenger Vehicles",7,,
,,"Light Commercial Vehicles",0,,
,"Unknown","Passenger Vehicles",3,,
,,"Light Commercial Vehicles",0,,
"2579","Diesel","Passenger Vehicles",550,,
,,"Light Commercial Vehicles",856,,
,"Electric","Passenger Vehicles",0,,
,,"Light Commercial Vehicles",0,,
,"Petrol leaded","Passenger Vehicles",87,,
,,"Light Commercial Vehicles",8,,
,"Petrol unleaded","Passenger Vehicles",2081,,
,,"Light Commercial Vehicles",410,,
,"LPG/Other gases","Passenger Vehicles",12,,
,,"Light Commercial Vehicles",23,,
,"Dual fuel","Passenger Vehicles",47,,
,,"Light Commercial Vehicles",17,,
,"Other","Passenger Vehicles",14,,
,,"Light Commercial Vehicles",0,,
,"Unknown","Passenger Vehicles",6,,
,,"Light Commercial Vehicles",3,,
"2580","Diesel","Passenger Vehicles",2338,,
,,"Light Commercial Vehicles",4945,,
,"Electric","Passenger Vehicles",3,,
,,"Light Commercial Vehicles",0,,
,"Petrol leaded","Passenger Vehicles",322,,
,,"Light Commercial Vehicles",136,,
,"Petrol unleaded","Passenger Vehicles",14422,,
,,"Light Commercial Vehicles",2310,,
,"LPG/Other gases","Passenger Vehicles",60,,
,,"Light Commercial Vehicles",90,,
,"Dual fuel","Passenger Vehicles",131,,
,,"Light Commercial Vehicles",137,,
,"Other","Passenger Vehicles",58,,
,,"Light Commercial Vehicles",0,,
,"Unknown","Passenger Vehicles",23,,
,,"Light Commercial Vehicles",4,,
"2581","Diesel","Passenger Vehicles",299,,
,,"Light Commercial Vehicles",556,,
,"Electric","Passenger Vehicles",0,,
,,"Light Commercial Vehicles",0,,
,"Petrol leaded","Passenger Vehicles",27,,
,,"Light Commercial Vehicles",14,,
,"Petrol unleaded","Passenger Vehicles",937,,
,,"Light Commercial Vehicles",192,,
,"LPG/Other gases","Passenger Vehicles",6,,
,,"Light Commercial Vehicles",17,,
,"Dual fuel","Passenger Vehicles",19,,
,,"Light Commercial Vehicles",11,,
,"Other","Passenger Vehicles",12,,
,,"Light Commercial Vehicles",0,,
,"Unknown","Passenger Vehicles",0,,
,,"Light Commercial Vehicles",3,,
"2582","Diesel","Passenger Vehicles",1681,,
,,"Light Commercial Vehicles",2432,,
,"Electric","Passenger Vehicles",5,,
,,"Light Commercial Vehicles",0,,
,"Petrol leaded","Passenger Vehicles",128,,
,,"Light Commercial Vehicles",56,,
,"Petrol unleaded","Passenger Vehicles",5534,,
,,"Light Commercial Vehicles",808,,
,"LPG/Other gases","Passenger Vehicles",31,,
,,"Light Commercial Vehicles",29,,
,"Dual fuel","Passenger Vehicles",65,,
,,"Light Commercial Vehicles",68,,
,"Other","Passenger Vehicles",46,,
,,"Light Commercial Vehicles",0,,
,"Unknown","Passenger Vehicles",26,,
,,"Light Commercial Vehicles",5,,
"2583","Diesel","Passenger Vehicles",437,,
,,"Light Commercial Vehicles",1352,,
,"Electric","Passenger Vehicles",0,,
,,"Light Commercial Vehicles",0,,
,"Petrol leaded","Passenger Vehicles",57,,
,,"Light Commercial Vehicles",42,,
,"Petrol unleaded","Passenger Vehicles",2028,,
,,"Light Commercial Vehicles",470,,
,"LPG/Other gases","Passenger Vehicles",10,,
,,"Light Commercial Vehicles",15,,
,"Dual fuel","Passenger Vehicles",32,,
,,"Light Commercial Vehicles",23,,
,"Other","Passenger Vehicles",4,,
,,"Light Commercial Vehicles",0,,
,"Unknown","Passenger Vehicles",5,,
,,"Light Commercial Vehicles",0,,
"2584","Diesel","Passenger Vehicles",63,,
,,"Light Commercial Vehicles",150,,
,"Electric","Passenger Vehicles",0,,
,,"Light Commercial Vehicles",0,,
,"Petrol leaded","Passenger Vehicles",7,,
,,"Light Commercial Vehicles",3,,
,"Petrol unleaded","Passenger Vehicles",227,,
,,"Light Commercial Vehicles",53,,
,"LPG/Other gases","Passenger Vehicles",3,,
,,"Light Commercial Vehicles",0,,
,"Dual fuel","Passenger Vehicles",3,,
,,"Light Commercial Vehicles",3,,
,"Other","Passenger Vehicles",3,,
,,"Light Commercial Vehicles",0,,
,"Unknown","Passenger Vehicles",3,,
,,"Light Commercial Vehicles",0,,
"2585","Diesel","Passenger Vehicles",48,,
,,"Light Commercial Vehicles",90,,
,"Electric","Passenger Vehicles",0,,
,,"Light Commercial Vehicles",0,,
,"Petrol leaded","Passenger Vehicles",0,,
,,"Light Commercial Vehicles",4,,
,"Petrol unleaded","Passenger Vehicles",115,,
,,"Light Commercial Vehicles",21,,
,"LPG/Other gases","Passenger Vehicles",0,,
,,"Light Commercial Vehicles",0,,
,"Dual fuel","Passenger Vehicles",3,,
,,"Light Commercial Vehicles",0,,
,"Other","Passenger Vehicles",0,,
,,"Light Commercial Vehicles",0,,
,"Unknown","Passenger Vehicles",0,,
,,"Light Commercial Vehicles",0,,
"2586","Diesel","Passenger Vehicles",340,,
,,"Light Commercial Vehicles",820,,
,"Electric","Passenger Vehicles",0,,
,,"Light Commercial Vehicles",0,,
,"Petrol leaded","Passenger Vehicles",15,,
,,"Light Commercial Vehicles",20,,
,"Petrol unleaded","Passenger Vehicles",1129,,
,,"Light Commercial Vehicles",222,,
,"LPG/Other gases","Passenger Vehicles",3,,
,,"Light Commercial Vehicles",5,,
,"Dual fuel","Passenger Vehicles",16,,
,,"Light Commercial Vehicles",18,,
,"Other","Passenger Vehicles",3,,
,,"Light Commercial Vehicles",0,,
,"Unknown","Passenger Vehicles",3,,
,,"Light Commercial Vehicles",0,,
"2587","Diesel","Passenger Vehicles",324,,
,,"Light Commercial Vehicles",652,,
,"Electric","Passenger Vehicles",0,,
,,"Light Commercial Vehicles",0,,
,"Petrol leaded","Passenger Vehicles",34,,
,,"Light Commercial Vehicles",20,,
,"Petrol unleaded","Passenger Vehicles",1252,,
,,"Light Commercial Vehicles",266,,
,"LPG/Other gases","Passenger Vehicles",3,,
,,"Light Commercial Vehicles",5,,
,"Dual fuel","Passenger Vehicles",17,,
,,"Light Commercial Vehicles",16,,
,"Other","Passenger Vehicles",0,,
,,"Light Commercial Vehicles",0,,
,"Unknown","Passenger Vehicles",3,,
,,"Light Commercial Vehicles",0,,
"2588","Diesel","Passenger Vehicles",65,,
,,"Light Commercial Vehicles",110,,
,"Electric","Passenger Vehicles",0,,
,,"Light Commercial Vehicles",0,,
,"Petrol leaded","Passenger Vehicles",4,,
,,"Light Commercial Vehicles",0,,
,"Petrol unleaded","Passenger Vehicles",128,,
,,"Light Commercial Vehicles",28,,
,"LPG/Other gases","Passenger Vehicles",0,,
,,"Light Commercial Vehicles",0,,
,"Dual fuel","Passenger Vehicles",3,,
,,"Light Commercial Vehicles",3,,
,"Other","Passenger Vehicles",0,,
,,"Light Commercial Vehicles",0,,
,"Unknown","Passenger Vehicles",0,,
,,"Light Commercial Vehicles",0,,
"2590","Diesel","Passenger Vehicles",692,,
,,"Light Commercial Vehicles",1344,,
,"Electric","Passenger Vehicles",0,,
,,"Light Commercial Vehicles",0,,
,"Petrol leaded","Passenger Vehicles",52,,
,,"Light Commercial Vehicles",32,,
,"Petrol unleaded","Passenger Vehicles",3143,,
,,"Light Commercial Vehicles",453,,
,"LPG/Other gases","Passenger Vehicles",15,,
,,"Light Commercial Vehicles",15,,
,"Dual fuel","Passenger Vehicles",31,,
,,"Light Commercial Vehicles",27,,
,"Other","Passenger Vehicles",12,,
,,"Light Commercial Vehicles",0,,
,"Unknown","Passenger Vehicles",3,,
,,"Light Commercial Vehicles",0,,
"2593","Diesel","Passenger Vehicles",0,,
,,"Light Commercial Vehicles",3,,
,"Electric","Passenger Vehicles",0,,
,,"Light Commercial Vehicles",0,,
,"Petrol leaded","Passenger Vehicles",0,,
,,"Light Commercial Vehicles",0,,
,"Petrol unleaded","Passenger Vehicles",0,,
,,"Light Commercial Vehicles",0,,
,"LPG/Other gases","Passenger Vehicles",0,,
,,"Light Commercial Vehicles",0,,
,"Dual fuel","Passenger Vehicles",0,,
,,"Light Commercial Vehicles",0,,
,"Other","Passenger Vehicles",0,,
,,"Light Commercial Vehicles",0,,
,"Unknown","Passenger Vehicles",0,,
,,"Light Commercial Vehicles",0,,
"2594","Diesel","Passenger Vehicles",1245,,
,,"Light Commercial Vehicles",2636,,
,"Electric","Passenger Vehicles",0,,
,,"Light Commercial Vehicles",0,,
,"Petrol leaded","Passenger Vehicles",96,,
,,"Light Commercial Vehicles",56,,
,"Petrol unleaded","Passenger Vehicles",5071,,
,,"Light Commercial Vehicles",933,,
,"LPG/Other gases","Passenger Vehicles",18,,
,,"Light Commercial Vehicles",10,,
,"Dual fuel","Passenger Vehicles",64,,
,,"Light Commercial Vehicles",59,,
,"Other","Passenger Vehicles",19,,
,,"Light Commercial Vehicles",0,,
,"Unknown","Passenger Vehicles",8,,
,,"Light Commercial Vehicles",3,,
"2620","Diesel","Passenger Vehicles",3825,,
,,"Light Commercial Vehicles",5781,,
,"Electric","Passenger Vehicles",18,,
,,"Light Commercial Vehicles",0,,
,"Petrol leaded","Passenger Vehicles",398,,
,,"Light Commercial Vehicles",140,,
,"Petrol unleaded","Passenger Vehicles",19362,,
,,"Light Commercial Vehicles",2571,,
,"LPG/Other gases","Passenger Vehicles",70,,
,,"Light Commercial Vehicles",110,,
,"Dual fuel","Passenger Vehicles",168,,
,,"Light Commercial Vehicles",152,,
,"Other","Passenger Vehicles",161,,
,,"Light Commercial Vehicles",3,,
,"Unknown","Passenger Vehicles",84,,
,,"Light Commercial Vehicles",20,,
"2621","Diesel","Passenger Vehicles",925,,
,,"Light Commercial Vehicles",1182,,
,"Electric","Passenger Vehicles",0,,
,,"Light Commercial Vehicles",3,,
,"Petrol leaded","Passenger Vehicles",78,,
,,"Light Commercial Vehicles",23,,
,"Petrol unleaded","Passenger Vehicles",2668,,
,,"Light Commercial Vehicles",423,,
,"LPG/Other gases","Passenger Vehicles",15,,
,,"Light Commercial Vehicles",22,,
,"Dual fuel","Passenger Vehicles",34,,
,,"Light Commercial Vehicles",42,,
,"Other","Passenger Vehicles",23,,
,,"Light Commercial Vehicles",0,,
,"Unknown","Passenger Vehicles",18,,
,,"Light Commercial Vehicles",4,,
"2622","Diesel","Passenger Vehicles",568,,
,,"Light Commercial Vehicles",1035,,
,"Electric","Passenger Vehicles",0,,
,,"Light Commercial Vehicles",0,,
,"Petrol leaded","Passenger Vehicles",43,,
,,"Light Commercial Vehicles",25,,
,"Petrol unleaded","Passenger Vehicles",1677,,
,,"Light Commercial Vehicles",376,,
,"LPG/Other gases","Passenger Vehicles",16,,
,,"Light Commercial Vehicles",23,,
,"Dual fuel","Passenger Vehicles",24,,
,,"Light Commercial Vehicles",22,,
,"Other","Passenger Vehicles",13,,
,,"Light Commercial Vehicles",0,,
,"Unknown","Passenger Vehicles",7,,
,,"Light Commercial Vehicles",3,,
"2623","Diesel","Passenger Vehicles",61,,
,,"Light Commercial Vehicles",132,,
,"Electric","Passenger Vehicles",0,,
,,"Light Commercial Vehicles",0,,
,"Petrol leaded","Passenger Vehicles",6,,
,,"Light Commercial Vehicles",3,,
,"Petrol unleaded","Passenger Vehicles",220,,
,,"Light Commercial Vehicles",47,,
,"LPG/Other gases","Passenger Vehicles",3,,
,,"Light Commercial Vehicles",0,,
,"Dual fuel","Passenger Vehicles",3,,
,,"Light Commercial Vehicles",5,,
,"Other","Passenger Vehicles",4,,
,,"Light Commercial Vehicles",0,,
,"Unknown","Passenger Vehicles",0,,
,,"Light Commercial Vehicles",0,,
"2624","Diesel","Passenger Vehicles",15,,
,,"Light Commercial Vehicles",24,,
,"Electric","Passenger Vehicles",0,,
,,"Light Commercial Vehicles",0,,
,"Petrol leaded","Passenger Vehicles",0,,
,,"Light Commercial Vehicles",0,,
,"Petrol unleaded","Passenger Vehicles",40,,
,,"Light Commercial Vehicles",17,,
,"LPG/Other gases","Passenger Vehicles",0,,
,,"Light Commercial Vehicles",0,,
,"Dual fuel","Passenger Vehicles",0,,
,,"Light Commercial Vehicles",0,,
,"Other","Passenger Vehicles",0,,
,,"Light Commercial Vehicles",0,,
,"Unknown","Passenger Vehicles",0,,
,,"Light Commercial Vehicles",0,,
"2625","Diesel","Passenger Vehicles",41,,
,,"Light Commercial Vehicles",51,,
,"Electric","Passenger Vehicles",0,,
,,"Light Commercial Vehicles",0,,
,"Petrol leaded","Passenger Vehicles",0,,
,,"Light Commercial Vehicles",3,,
,"Petrol unleaded","Passenger Vehicles",121,,
,,"Light Commercial Vehicles",13,,
,"LPG/Other gases","Passenger Vehicles",0,,
,,"Light Commercial Vehicles",0,,
,"Dual fuel","Passenger Vehicles",0,,
,,"Light Commercial Vehicles",0,,
,"Other","Passenger Vehicles",0,,
,,"Light Commercial Vehicles",0,,
,"Unknown","Passenger Vehicles",0,,
,,"Light Commercial Vehicles",0,,
"2626","Diesel","Passenger Vehicles",55,,
,,"Light Commercial Vehicles",139,,
,"Electric","Passenger Vehicles",0,,
,,"Light Commercial Vehicles",0,,
,"Petrol leaded","Passenger Vehicles",0,,
,,"Light Commercial Vehicles",3,,
,"Petrol unleaded","Passenger Vehicles",174,,
,,"Light Commercial Vehicles",35,,
,"LPG/Other gases","Passenger Vehicles",3,,
,,"Light Commercial Vehicles",3,,
,"Dual fuel","Passenger Vehicles",5,,
,,"Light Commercial Vehicles",5,,
,"Other","Passenger Vehicles",3,,
,,"Light Commercial Vehicles",0,,
,"Unknown","Passenger Vehicles",0,,
,,"Light Commercial Vehicles",0,,
"2627","Diesel","Passenger Vehicles",629,,
,,"Light Commercial Vehicles",921,,
,"Electric","Passenger Vehicles",3,,
,,"Light Commercial Vehicles",0,,
,"Petrol leaded","Passenger Vehicles",31,,
,,"Light Commercial Vehicles",17,,
,"Petrol unleaded","Passenger Vehicles",2065,,
,,"Light Commercial Vehicles",231,,
,"LPG/Other gases","Passenger Vehicles",3,,
,,"Light Commercial Vehicles",10,,
,"Dual fuel","Passenger Vehicles",21,,
,,"Light Commercial Vehicles",21,,
,"Other","Passenger Vehicles",6,,
,,"Light Commercial Vehicles",0,,
,"Unknown","Passenger Vehicles",3,,
,,"Light Commercial Vehicles",0,,
"2628","Diesel","Passenger Vehicles",270,,
,,"Light Commercial Vehicles",508,,
,"Electric","Passenger Vehicles",0,,
,,"Light Commercial Vehicles",3,,
,"Petrol leaded","Passenger Vehicles",15,,
,,"Light Commercial Vehicles",24,,
,"Petrol unleaded","Passenger Vehicles",842,,
,,"Light Commercial Vehicles",148,,
,"LPG/Other gases","Passenger Vehicles",3,,
,,"Light Commercial Vehicles",5,,
,"Dual fuel","Passenger Vehicles",14,,
,,"Light Commercial Vehicles",4,,
,"Other","Passenger Vehicles",0,,
,,"Light Commercial Vehicles",0,,
,"Unknown","Passenger Vehicles",5,,
,,"Light Commercial Vehicles",0,,
"2629","Diesel","Passenger Vehicles",71,,
,,"Light Commercial Vehicles",137,,
,"Electric","Passenger Vehicles",0,,
,,"Light Commercial Vehicles",0,,
,"Petrol leaded","Passenger Vehicles",3,,
,,"Light Commercial Vehicles",3,,
,"Petrol unleaded","Passenger Vehicles",178,,
,,"Light Commercial Vehicles",35,,
,"LPG/Other gases","Passenger Vehicles",3,,
,,"Light Commercial Vehicles",3,,
,"Dual fuel","Passenger Vehicles",4,,
,,"Light Commercial Vehicles",0,,
,"Other","Passenger Vehicles",0,,
,,"Light Commercial Vehicles",0,,
,"Unknown","Passenger Vehicles",3,,
,,"Light Commercial Vehicles",0,,
"2630","Diesel","Passenger Vehicles",893,,
,,"Light Commercial Vehicles",1924,,
,"Electric","Passenger Vehicles",0,,
,,"Light Commercial Vehicles",0,,
,"Petrol leaded","Passenger Vehicles",93,,
,,"Light Commercial Vehicles",59,,
,"Petrol unleaded","Passenger Vehicles",4002,,
,,"Light Commercial Vehicles",645,,
,"LPG/Other gases","Passenger Vehicles",13,,
,,"Light Commercial Vehicles",23,,
,"Dual fuel","Passenger Vehicles",47,,
,,"Light Commercial Vehicles",48,,
,"Other","Passenger Vehicles",10,,
,,"Light Commercial Vehicles",0,,
,"Unknown","Passenger Vehicles",23,,
,,"Light Commercial Vehicles",5,,
"2631","Diesel","Passenger Vehicles",81,,
,,"Light Commercial Vehicles",194,,
,"Electric","Passenger Vehicles",0,,
,,"Light Commercial Vehicles",0,,
,"Petrol leaded","Passenger Vehicles",3,,
,,"Light Commercial Vehicles",3,,
,"Petrol unleaded","Passenger Vehicles",246,,
,,"Light Commercial Vehicles",56,,
,"LPG/Other gases","Passenger Vehicles",3,,
,,"Light Commercial Vehicles",0,,
,"Dual fuel","Passenger Vehicles",9,,
,,"Light Commercial Vehicles",4,,
,"Other","Passenger Vehicles",0,,
,,"Light Commercial Vehicles",0,,
,"Unknown","Passenger Vehicles",0,,
,,"Light Commercial Vehicles",0,,
"2632","Diesel","Passenger Vehicles",220,,
,,"Light Commercial Vehicles",644,,
,"Electric","Passenger Vehicles",0,,
,,"Light Commercial Vehicles",0,,
,"Petrol leaded","Passenger Vehicles",11,,
,,"Light Commercial Vehicles",13,,
,"Petrol unleaded","Passenger Vehicles",689,,
,,"Light Commercial Vehicles",150,,
,"LPG/Other gases","Passenger Vehicles",0,,
,,"Light Commercial Vehicles",3,,
,"Dual fuel","Passenger Vehicles",10,,
,,"Light Commercial Vehicles",13,,
,"Other","Passenger Vehicles",0,,
,,"Light Commercial Vehicles",0,,
,"Unknown","Passenger Vehicles",3,,
,,"Light Commercial Vehicles",3,,
"2633","Diesel","Passenger Vehicles",29,,
,,"Light Commercial Vehicles",106,,
,"Electric","Passenger Vehicles",0,,
,,"Light Commercial Vehicles",0,,
,"Petrol leaded","Passenger Vehicles",3,,
,,"Light Commercial Vehicles",3,,
,"Petrol unleaded","Passenger Vehicles",154,,
,,"Light Commercial Vehicles",33,,
,"LPG/Other gases","Passenger Vehicles",0,,
,,"Light Commercial Vehicles",0,,
,"Dual fuel","Passenger Vehicles",0,,
,,"Light Commercial Vehicles",0,,
,"Other","Passenger Vehicles",0,,
,,"Light Commercial Vehicles",0,,
,"Unknown","Passenger Vehicles",0,,
,,"Light Commercial Vehicles",0,,
"2639","Diesel","Passenger Vehicles",0,,
,,"Light Commercial Vehicles",0,,
,"Electric","Passenger Vehicles",0,,
,,"Light Commercial Vehicles",0,,
,"Petrol leaded","Passenger Vehicles",0,,
,,"Light Commercial Vehicles",0,,
,"Petrol unleaded","Passenger Vehicles",0,,
,,"Light Commercial Vehicles",0,,
,"LPG/Other gases","Passenger Vehicles",0,,
,,"Light Commercial Vehicles",0,,
,"Dual fuel","Passenger Vehicles",0,,
,,"Light Commercial Vehicles",0,,
,"Other","Passenger Vehicles",0,,
,,"Light Commercial Vehicles",0,,
,"Unknown","Passenger Vehicles",0,,
,,"Light Commercial Vehicles",0,,
"2640","Diesel","Passenger Vehicles",3318,,
,,"Light Commercial Vehicles",3861,,
,"Electric","Passenger Vehicles",3,,
,,"Light Commercial Vehicles",0,,
,"Petrol leaded","Passenger Vehicles",210,,
,,"Light Commercial Vehicles",77,,
,"Petrol unleaded","Passenger Vehicles",16771,,
,,"Light Commercial Vehicles",1324,,
,"LPG/Other gases","Passenger Vehicles",87,,
,,"Light Commercial Vehicles",91,,
,"Dual fuel","Passenger Vehicles",202,,
,,"Light Commercial Vehicles",129,,
,"Other","Passenger Vehicles",71,,
,,"Light Commercial Vehicles",0,,
,"Unknown","Passenger Vehicles",52,,
,,"Light Commercial Vehicles",13,,
"2641","Diesel","Passenger Vehicles",949,,
,,"Light Commercial Vehicles",1358,,
,"Electric","Passenger Vehicles",0,,
,,"Light Commercial Vehicles",0,,
,"Petrol leaded","Passenger Vehicles",96,,
,,"Light Commercial Vehicles",45,,
,"Petrol unleaded","Passenger Vehicles",7122,,
,,"Light Commercial Vehicles",607,,
,"LPG/Other gases","Passenger Vehicles",57,,
,,"Light Commercial Vehicles",40,,
,"Dual fuel","Passenger Vehicles",119,,
,,"Light Commercial Vehicles",66,,
,"Other","Passenger Vehicles",12,,
,,"Light Commercial Vehicles",0,,
,"Unknown","Passenger Vehicles",27,,
,,"Light Commercial Vehicles",6,,
"2642","Diesel","Passenger Vehicles",632,,
,,"Light Commercial Vehicles",1214,,
,"Electric","Passenger Vehicles",0,,
,,"Light Commercial Vehicles",0,,
,"Petrol leaded","Passenger Vehicles",33,,
,,"Light Commercial Vehicles",33,,
,"Petrol unleaded","Passenger Vehicles",1849,,
,,"Light Commercial Vehicles",290,,
,"LPG/Other gases","Passenger Vehicles",17,,
,,"Light Commercial Vehicles",16,,
,"Dual fuel","Passenger Vehicles",39,,
,,"Light Commercial Vehicles",31,,
,"Other","Passenger Vehicles",4,,
,,"Light Commercial Vehicles",0,,
,"Unknown","Passenger Vehicles",8,,
,,"Light Commercial Vehicles",0,,
"2643","Diesel","Passenger Vehicles",253,,
,,"Light Commercial Vehicles",421,,
,"Electric","Passenger Vehicles",0,,
,,"Light Commercial Vehicles",0,,
,"Petrol leaded","Passenger Vehicles",13,,
,,"Light Commercial Vehicles",16,,
,"Petrol unleaded","Passenger Vehicles",1097,,
,,"Light Commercial Vehicles",142,,
,"LPG/Other gases","Passenger Vehicles",10,,
,,"Light Commercial Vehicles",14,,
,"Dual fuel","Passenger Vehicles",32,,
,,"Light Commercial Vehicles",21,,
,"Other","Passenger Vehicles",3,,
,,"Light Commercial Vehicles",0,,
,"Unknown","Passenger Vehicles",5,,
,,"Light Commercial Vehicles",3,,
"2644","Diesel","Passenger Vehicles",338,,
,,"Light Commercial Vehicles",624,,
,"Electric","Passenger Vehicles",0,,
,,"Light Commercial Vehicles",0,,
,"Petrol leaded","Passenger Vehicles",11,,
,,"Light Commercial Vehicles",14,,
,"Petrol unleaded","Passenger Vehicles",903,,
,,"Light Commercial Vehicles",151,,
,"LPG/Other gases","Passenger Vehicles",6,,
,,"Light Commercial Vehicles",11,,
,"Dual fuel","Passenger Vehicles",21,,
,,"Light Commercial Vehicles",17,,
,"Other","Passenger Vehicles",5,,
,,"Light Commercial Vehicles",0,,
,"Unknown","Passenger Vehicles",3,,
,,"Light Commercial Vehicles",3,,
"2645","Diesel","Passenger Vehicles",59,,
,,"Light Commercial Vehicles",124,,
,"Electric","Passenger Vehicles",0,,
,,"Light Commercial Vehicles",0,,
,"Petrol leaded","Passenger Vehicles",10,,
,,"Light Commercial Vehicles",5,,
,"Petrol unleaded","Passenger Vehicles",158,,
,,"Light Commercial Vehicles",25,,
,"LPG/Other gases","Passenger Vehicles",3,,
,,"Light Commercial Vehicles",0,,
,"Dual fuel","Passenger Vehicles",8,,
,,"Light Commercial Vehicles",0,,
,"Other","Passenger Vehicles",0,,
,,"Light Commercial Vehicles",0,,
,"Unknown","Passenger Vehicles",0,,
,,"Light Commercial Vehicles",0,,
"2646","Diesel","Passenger Vehicles",652,,
,,"Light Commercial Vehicles",1281,,
,"Electric","Passenger Vehicles",3,,
,,"Light Commercial Vehicles",0,,
,"Petrol leaded","Passenger Vehicles",42,,
,,"Light Commercial Vehicles",24,,
,"Petrol unleaded","Passenger Vehicles",2876,,
,,"Light Commercial Vehicles",352,,
,"LPG/Other gases","Passenger Vehicles",20,,
,,"Light Commercial Vehicles",20,,
,"Dual fuel","Passenger Vehicles",61,,
,,"Light Commercial Vehicles",39,,
,"Other","Passenger Vehicles",4,,
,,"Light Commercial Vehicles",0,,
,"Unknown","Passenger Vehicles",6,,
,,"Light Commercial Vehicles",8,,
"2647","Diesel","Passenger Vehicles",196,,
,,"Light Commercial Vehicles",305,,
,"Electric","Passenger Vehicles",0,,
,,"Light Commercial Vehicles",0,,
,"Petrol leaded","Passenger Vehicles",12,,
,,"Light Commercial Vehicles",5,,
,"Petrol unleaded","Passenger Vehicles",792,,
,,"Light Commercial Vehicles",103,,
,"LPG/Other gases","Passenger Vehicles",4,,
,,"Light Commercial Vehicles",3,,
,"Dual fuel","Passenger Vehicles",28,,
,,"Light Commercial Vehicles",9,,
,"Other","Passenger Vehicles",0,,
,,"Light Commercial Vehicles",0,,
,"Unknown","Passenger Vehicles",3,,
,,"Light Commercial Vehicles",0,,
"2648","Diesel","Passenger Vehicles",276,,
,,"Light Commercial Vehicles",579,,
,"Electric","Passenger Vehicles",0,,
,,"Light Commercial Vehicles",0,,
,"Petrol leaded","Passenger Vehicles",12,,
,,"Light Commercial Vehicles",9,,
,"Petrol unleaded","Passenger Vehicles",667,,
,,"Light Commercial Vehicles",128,,
,"LPG/Other gases","Passenger Vehicles",5,,
,,"Light Commercial Vehicles",4,,
,"Dual fuel","Passenger Vehicles",20,,
,,"Light Commercial Vehicles",14,,
,"Other","Passenger Vehicles",3,,
,,"Light Commercial Vehicles",0,,
,"Unknown","Passenger Vehicles",3,,
,,"Light Commercial Vehicles",3,,
"2649","Diesel","Passenger Vehicles",0,,
,,"Light Commercial Vehicles",12,,
,"Electric","Passenger Vehicles",0,,
,,"Light Commercial Vehicles",0,,
,"Petrol leaded","Passenger Vehicles",3,,
,,"Light Commercial Vehicles",0,,
,"Petrol unleaded","Passenger Vehicles",11,,
,,"Light Commercial Vehicles",0,,
,"LPG/Other gases","Passenger Vehicles",0,,
,,"Light Commercial Vehicles",0,,
,"Dual fuel","Passenger Vehicles",0,,
,,"Light Commercial Vehicles",0,,
,"Other","Passenger Vehicles",0,,
,,"Light Commercial Vehicles",0,,
,"Unknown","Passenger Vehicles",0,,
,,"Light Commercial Vehicles",0,,
"2650","Diesel","Passenger Vehicles",5132,,
,,"Light Commercial Vehicles",8090,,
,"Electric","Passenger Vehicles",3,,
,,"Light Commercial Vehicles",0,,
,"Petrol leaded","Passenger Vehicles",365,,
,,"Light Commercial Vehicles",181,,
,"Petrol unleaded","Passenger Vehicles",26633,,
,,"Light Commercial Vehicles",2982,,
,"LPG/Other gases","Passenger Vehicles",81,,
,,"Light Commercial Vehicles",77,,
,"Dual fuel","Passenger Vehicles",237,,
,,"Light Commercial Vehicles",175,,
,"Other","Passenger Vehicles",124,,
,,"Light Commercial Vehicles",0,,
,"Unknown","Passenger Vehicles",37,,
,,"Light Commercial Vehicles",8,,
"2651","Diesel","Passenger Vehicles",157,,
,,"Light Commercial Vehicles",293,,
,"Electric","Passenger Vehicles",0,,
,,"Light Commercial Vehicles",0,,
,"Petrol leaded","Passenger Vehicles",17,,
,,"Light Commercial Vehicles",6,,
,"Petrol unleaded","Passenger Vehicles",929,,
,,"Light Commercial Vehicles",93,,
,"LPG/Other gases","Passenger Vehicles",0,,
,,"Light Commercial Vehicles",6,,
,"Dual fuel","Passenger Vehicles",14,,
,,"Light Commercial Vehicles",4,,
,"Other","Passenger Vehicles",0,,
,,"Light Commercial Vehicles",0,,
,"Unknown","Passenger Vehicles",0,,
,,"Light Commercial Vehicles",0,,
"2652","Diesel","Passenger Vehicles",619,,
,,"Light Commercial Vehicles",1431,,
,"Electric","Passenger Vehicles",0,,
,,"Light Commercial Vehicles",0,,
,"Petrol leaded","Passenger Vehicles",44,,
,,"Light Commercial Vehicles",30,,
,"Petrol unleaded","Passenger Vehicles",1775,,
,,"Light Commercial Vehicles",355,,
,"LPG/Other gases","Passenger Vehicles",8,,
,,"Light Commercial Vehicles",6,,
,"Dual fuel","Passenger Vehicles",35,,
,,"Light Commercial Vehicles",28,,
,"Other","Passenger Vehicles",3,,
,,"Light Commercial Vehicles",0,,
,"Unknown","Passenger Vehicles",5,,
,,"Light Commercial Vehicles",0,,
"2653","Diesel","Passenger Vehicles",311,,
,,"Light Commercial Vehicles",728,,
,"Electric","Passenger Vehicles",0,,
,,"Light Commercial Vehicles",0,,
,"Petrol leaded","Passenger Vehicles",20,,
,,"Light Commercial Vehicles",12,,
,"Petrol unleaded","Passenger Vehicles",885,,
,,"Light Commercial Vehicles",124,,
,"LPG/Other gases","Passenger Vehicles",3,,
,,"Light Commercial Vehicles",5,,
,"Dual fuel","Passenger Vehicles",12,,
,,"Light Commercial Vehicles",10,,
,"Other","Passenger Vehicles",3,,
,,"Light Commercial Vehicles",0,,
,"Unknown","Passenger Vehicles",0,,
,,"Light Commercial Vehicles",0,,
"2655","Diesel","Passenger Vehicles",183,,
,,"Light Commercial Vehicles",322,,
,"Electric","Passenger Vehicles",0,,
,,"Light Commercial Vehicles",0,,
,"Petrol leaded","Passenger Vehicles",10,,
,,"Light Commercial Vehicles",8,,
,"Petrol unleaded","Passenger Vehicles",522,,
,,"Light Commercial Vehicles",102,,
,"LPG/Other gases","Passenger Vehicles",3,,
,,"Light Commercial Vehicles",9,,
,"Dual fuel","Passenger Vehicles",12,,
,,"Light Commercial Vehicles",5,,
,"Other","Passenger Vehicles",3,,
,,"Light Commercial Vehicles",0,,
,"Unknown","Passenger Vehicles",0,,
,,"Light Commercial Vehicles",0,,
"2656","Diesel","Passenger Vehicles",120,,
,,"Light Commercial Vehicles",310,,
,"Electric","Passenger Vehicles",0,,
,,"Light Commercial Vehicles",0,,
,"Petrol leaded","Passenger Vehicles",9,,
,,"Light Commercial Vehicles",0,,
,"Petrol unleaded","Passenger Vehicles",486,,
,,"Light Commercial Vehicles",81,,
,"LPG/Other gases","Passenger Vehicles",0,,
,,"Light Commercial Vehicles",3,,
,"Dual fuel","Passenger Vehicles",5,,
,,"Light Commercial Vehicles",3,,
,"Other","Passenger Vehicles",0,,
,,"Light Commercial Vehicles",0,,
,"Unknown","Passenger Vehicles",3,,
,,"Light Commercial Vehicles",0,,
"2658","Diesel","Passenger Vehicles",148,,
,,"Light Commercial Vehicles",305,,
,"Electric","Passenger Vehicles",0,,
,,"Light Commercial Vehicles",0,,
,"Petrol leaded","Passenger Vehicles",14,,
,,"Light Commercial Vehicles",10,,
,"Petrol unleaded","Passenger Vehicles",580,,
,,"Light Commercial Vehicles",93,,
,"LPG/Other gases","Passenger Vehicles",3,,
,,"Light Commercial Vehicles",3,,
,"Dual fuel","Passenger Vehicles",15,,
,,"Light Commercial Vehicles",10,,
,"Other","Passenger Vehicles",0,,
,,"Light Commercial Vehicles",0,,
,"Unknown","Passenger Vehicles",3,,
,,"Light Commercial Vehicles",0,,
"2659","Diesel","Passenger Vehicles",83,,
,,"Light Commercial Vehicles",243,,
,"Electric","Passenger Vehicles",0,,
,,"Light Commercial Vehicles",0,,
,"Petrol leaded","Passenger Vehicles",9,,
,,"Light Commercial Vehicles",13,,
,"Petrol unleaded","Passenger Vehicles",361,,
,,"Light Commercial Vehicles",56,,
,"LPG/Other gases","Passenger Vehicles",0,,
,,"Light Commercial Vehicles",3,,
,"Dual fuel","Passenger Vehicles",7,,
,,"Light Commercial Vehicles",3,,
,"Other","Passenger Vehicles",0,,
,,"Light Commercial Vehicles",0,,
,"Unknown","Passenger Vehicles",0,,
,,"Light Commercial Vehicles",0,,
"2660","Diesel","Passenger Vehicles",176,,
,,"Light Commercial Vehicles",316,,
,"Electric","Passenger Vehicles",0,,
,,"Light Commercial Vehicles",0,,
,"Petrol leaded","Passenger Vehicles",7,,
,,"Light Commercial Vehicles",9,,
,"Petrol unleaded","Passenger Vehicles",658,,
,,"Light Commercial Vehicles",114,,
,"LPG/Other gases","Passenger Vehicles",8,,
,,"Light Commercial Vehicles",3,,
,"Dual fuel","Passenger Vehicles",13,,
,,"Light Commercial Vehicles",3,,
,"Other","Passenger Vehicles",0,,
,,"Light Commercial Vehicles",0,,
,"Unknown","Passenger Vehicles",3,,
,,"Light Commercial Vehicles",0,,
"2661","Diesel","Passenger Vehicles",14,,
,,"Light Commercial Vehicles",23,,
,"Electric","Passenger Vehicles",0,,
,,"Light Commercial Vehicles",0,,
,"Petrol leaded","Passenger Vehicles",3,,
,,"Light Commercial Vehicles",0,,
,"Petrol unleaded","Passenger Vehicles",58,,
,,"Light Commercial Vehicles",19,,
,"LPG/Other gases","Passenger Vehicles",0,,
,,"Light Commercial Vehicles",0,,
,"Dual fuel","Passenger Vehicles",0,,
,,"Light Commercial Vehicles",0,,
,"Other","Passenger Vehicles",0,,
,,"Light Commercial Vehicles",0,,
,"Unknown","Passenger Vehicles",0,,
,,"Light Commercial Vehicles",0,,
"2663","Diesel","Passenger Vehicles",355,,
,,"Light Commercial Vehicles",648,,
,"Electric","Passenger Vehicles",0,,
,,"Light Commercial Vehicles",0,,
,"Petrol leaded","Passenger Vehicles",38,,
,,"Light Commercial Vehicles",23,,
,"Petrol unleaded","Passenger Vehicles",1824,,
,,"Light Commercial Vehicles",280,,
,"LPG/Other gases","Passenger Vehicles",9,,
,,"Light Commercial Vehicles",6,,
,"Dual fuel","Passenger Vehicles",31,,
,,"Light Commercial Vehicles",17,,
,"Other","Passenger Vehicles",3,,
,,"Light Commercial Vehicles",0,,
,"Unknown","Passenger Vehicles",3,,
,,"Light Commercial Vehicles",0,,
"2665","Diesel","Passenger Vehicles",270,,
,,"Light Commercial Vehicles",641,,
,"Electric","Passenger Vehicles",0,,
,,"Light Commercial Vehicles",0,,
,"Petrol leaded","Passenger Vehicles",8,,
,,"Light Commercial Vehicles",11,,
,"Petrol unleaded","Passenger Vehicles",816,,
,,"Light Commercial Vehicles",193,,
,"LPG/Other gases","Passenger Vehicles",0,,
,,"Light Commercial Vehicles",3,,
,"Dual fuel","Passenger Vehicles",9,,
,,"Light Commercial Vehicles",11,,
,"Other","Passenger Vehicles",3,,
,,"Light Commercial Vehicles",0,,
,"Unknown","Passenger Vehicles",4,,
,,"Light Commercial Vehicles",0,,
"2666","Diesel","Passenger Vehicles",534,,
,,"Light Commercial Vehicles",1187,,
,"Electric","Passenger Vehicles",0,,
,,"Light Commercial Vehicles",0,,
,"Petrol leaded","Passenger Vehicles",33,,
,,"Light Commercial Vehicles",28,,
,"Petrol unleaded","Passenger Vehicles",2266,,
,,"Light Commercial Vehicles",375,,
,"LPG/Other gases","Passenger Vehicles",5,,
,,"Light Commercial Vehicles",3,,
,"Dual fuel","Passenger Vehicles",21,,
,,"Light Commercial Vehicles",13,,
,"Other","Passenger Vehicles",4,,
,,"Light Commercial Vehicles",0,,
,"Unknown","Passenger Vehicles",5,,
,,"Light Commercial Vehicles",0,,
"2668","Diesel","Passenger Vehicles",52,,
,,"Light Commercial Vehicles",100,,
,"Electric","Passenger Vehicles",0,,
,,"Light Commercial Vehicles",0,,
,"Petrol leaded","Passenger Vehicles",3,,
,,"Light Commercial Vehicles",0,,
,"Petrol unleaded","Passenger Vehicles",172,,
,,"Light Commercial Vehicles",55,,
,"LPG/Other gases","Passenger Vehicles",0,,
,,"Light Commercial Vehicles",0,,
,"Dual fuel","Passenger Vehicles",3,,
,,"Light Commercial Vehicles",0,,
,"Other","Passenger Vehicles",0,,
,,"Light Commercial Vehicles",0,,
,"Unknown","Passenger Vehicles",0,,
,,"Light Commercial Vehicles",0,,
"2669","Diesel","Passenger Vehicles",247,,
,,"Light Commercial Vehicles",577,,
,"Electric","Passenger Vehicles",0,,
,,"Light Commercial Vehicles",0,,
,"Petrol leaded","Passenger Vehicles",13,,
,,"Light Commercial Vehicles",12,,
,"Petrol unleaded","Passenger Vehicles",547,,
,,"Light Commercial Vehicles",147,,
,"LPG/Other gases","Passenger Vehicles",3,,
,,"Light Commercial Vehicles",3,,
,"Dual fuel","Passenger Vehicles",9,,
,,"Light Commercial Vehicles",4,,
,"Other","Passenger Vehicles",0,,
,,"Light Commercial Vehicles",0,,
,"Unknown","Passenger Vehicles",3,,
,,"Light Commercial Vehicles",3,,
"2671","Diesel","Passenger Vehicles",432,,
,,"Light Commercial Vehicles",1006,,
,"Electric","Passenger Vehicles",0,,
,,"Light Commercial Vehicles",0,,
,"Petrol leaded","Passenger Vehicles",19,,
,,"Light Commercial Vehicles",25,,
,"Petrol unleaded","Passenger Vehicles",1494,,
,,"Light Commercial Vehicles",301,,
,"LPG/Other gases","Passenger Vehicles",4,,
,,"Light Commercial Vehicles",3,,
,"Dual fuel","Passenger Vehicles",10,,
,,"Light Commercial Vehicles",21,,
,"Other","Passenger Vehicles",8,,
,,"Light Commercial Vehicles",0,,
,"Unknown","Passenger Vehicles",7,,
,,"Light Commercial Vehicles",3,,
"2672","Diesel","Passenger Vehicles",186,,
,,"Light Commercial Vehicles",395,,
,"Electric","Passenger Vehicles",0,,
,,"Light Commercial Vehicles",0,,
,"Petrol leaded","Passenger Vehicles",8,,
,,"Light Commercial Vehicles",14,,
,"Petrol unleaded","Passenger Vehicles",511,,
,,"Light Commercial Vehicles",97,,
,"LPG/Other gases","Passenger Vehicles",0,,
,,"Light Commercial Vehicles",0,,
,"Dual fuel","Passenger Vehicles",3,,
,,"Light Commercial Vehicles",6,,
,"Other","Passenger Vehicles",0,,
,,"Light Commercial Vehicles",0,,
,"Unknown","Passenger Vehicles",0,,
,,"Light Commercial Vehicles",0,,
"2675","Diesel","Passenger Vehicles",204,,
,,"Light Commercial Vehicles",535,,
,"Electric","Passenger Vehicles",0,,
,,"Light Commercial Vehicles",0,,
,"Petrol leaded","Passenger Vehicles",8,,
,,"Light Commercial Vehicles",10,,
,"Petrol unleaded","Passenger Vehicles",434,,
,,"Light Commercial Vehicles",82,,
,"LPG/Other gases","Passenger Vehicles",0,,
,,"Light Commercial Vehicles",0,,
,"Dual fuel","Passenger Vehicles",6,,
,,"Light Commercial Vehicles",0,,
,"Other","Passenger Vehicles",0,,
,,"Light Commercial Vehicles",0,,
,"Unknown","Passenger Vehicles",6,,
,,"Light Commercial Vehicles",3,,
"2678","Diesel","Passenger Vehicles",0,,
,,"Light Commercial Vehicles",0,,
,"Electric","Passenger Vehicles",0,,
,,"Light Commercial Vehicles",0,,
,"Petrol leaded","Passenger Vehicles",0,,
,,"Light Commercial Vehicles",0,,
,"Petrol unleaded","Passenger Vehicles",12,,
,,"Light Commercial Vehicles",0,,
,"LPG/Other gases","Passenger Vehicles",0,,
,,"Light Commercial Vehicles",0,,
,"Dual fuel","Passenger Vehicles",0,,
,,"Light Commercial Vehicles",3,,
,"Other","Passenger Vehicles",0,,
,,"Light Commercial Vehicles",0,,
,"Unknown","Passenger Vehicles",0,,
,,"Light Commercial Vehicles",0,,
"2680","Diesel","Passenger Vehicles",1870,,
,,"Light Commercial Vehicles",4271,,
,"Electric","Passenger Vehicles",3,,
,,"Light Commercial Vehicles",0,,
,"Petrol leaded","Passenger Vehicles",135,,
,,"Light Commercial Vehicles",78,,
,"Petrol unleaded","Passenger Vehicles",11330,,
,,"Light Commercial Vehicles",1244,,
,"LPG/Other gases","Passenger Vehicles",30,,
,,"Light Commercial Vehicles",17,,
,"Dual fuel","Passenger Vehicles",70,,
,,"Light Commercial Vehicles",61,,
,"Other","Passenger Vehicles",34,,
,,"Light Commercial Vehicles",0,,
,"Unknown","Passenger Vehicles",68,,
,,"Light Commercial Vehicles",5,,
"2681","Diesel","Passenger Vehicles",182,,
,,"Light Commercial Vehicles",545,,
,"Electric","Passenger Vehicles",0,,
,,"Light Commercial Vehicles",0,,
,"Petrol leaded","Passenger Vehicles",17,,
,,"Light Commercial Vehicles",4,,
,"Petrol unleaded","Passenger Vehicles",692,,
,,"Light Commercial Vehicles",131,,
,"LPG/Other gases","Passenger Vehicles",0,,
,,"Light Commercial Vehicles",9,,
,"Dual fuel","Passenger Vehicles",6,,
,,"Light Commercial Vehicles",5,,
,"Other","Passenger Vehicles",0,,
,,"Light Commercial Vehicles",0,,
,"Unknown","Passenger Vehicles",3,,
,,"Light Commercial Vehicles",0,,
"2682","Diesel","Passenger Vehicles",0,,
,,"Light Commercial Vehicles",0,,
,"Electric","Passenger Vehicles",0,,
,,"Light Commercial Vehicles",0,,
,"Petrol leaded","Passenger Vehicles",0,,
,,"Light Commercial Vehicles",0,,
,"Petrol unleaded","Passenger Vehicles",0,,
,,"Light Commercial Vehicles",3,,
,"LPG/Other gases","Passenger Vehicles",0,,
,,"Light Commercial Vehicles",0,,
,"Dual fuel","Passenger Vehicles",0,,
,,"Light Commercial Vehicles",0,,
,"Other","Passenger Vehicles",0,,
,,"Light Commercial Vehicles",0,,
,"Unknown","Passenger Vehicles",0,,
,,"Light Commercial Vehicles",0,,
"2700","Diesel","Passenger Vehicles",407,,
,,"Light Commercial Vehicles",964,,
,"Electric","Passenger Vehicles",0,,
,,"Light Commercial Vehicles",0,,
,"Petrol leaded","Passenger Vehicles",49,,
,,"Light Commercial Vehicles",32,,
,"Petrol unleaded","Passenger Vehicles",2029,,
,,"Light Commercial Vehicles",380,,
,"LPG/Other gases","Passenger Vehicles",5,,
,,"Light Commercial Vehicles",13,,
,"Dual fuel","Passenger Vehicles",16,,
,,"Light Commercial Vehicles",28,,
,"Other","Passenger Vehicles",3,,
,,"Light Commercial Vehicles",0,,
,"Unknown","Passenger Vehicles",3,,
,,"Light Commercial Vehicles",3,,
"2701","Diesel","Passenger Vehicles",215,,
,,"Light Commercial Vehicles",455,,
,"Electric","Passenger Vehicles",0,,
,,"Light Commercial Vehicles",0,,
,"Petrol leaded","Passenger Vehicles",15,,
,,"Light Commercial Vehicles",15,,
,"Petrol unleaded","Passenger Vehicles",956,,
,,"Light Commercial Vehicles",149,,
,"LPG/Other gases","Passenger Vehicles",0,,
,,"Light Commercial Vehicles",5,,
,"Dual fuel","Passenger Vehicles",10,,
,,"Light Commercial Vehicles",5,,
,"Other","Passenger Vehicles",0,,
,,"Light Commercial Vehicles",0,,
,"Unknown","Passenger Vehicles",0,,
,,"Light Commercial Vehicles",3,,
"2702","Diesel","Passenger Vehicles",74,,
,,"Light Commercial Vehicles",166,,
,"Electric","Passenger Vehicles",0,,
,,"Light Commercial Vehicles",0,,
,"Petrol leaded","Passenger Vehicles",3,,
,,"Light Commercial Vehicles",0,,
,"Petrol unleaded","Passenger Vehicles",357,,
,,"Light Commercial Vehicles",56,,
,"LPG/Other gases","Passenger Vehicles",0,,
,,"Light Commercial Vehicles",0,,
,"Dual fuel","Passenger Vehicles",0,,
,,"Light Commercial Vehicles",5,,
,"Other","Passenger Vehicles",3,,
,,"Light Commercial Vehicles",0,,
,"Unknown","Passenger Vehicles",0,,
,,"Light Commercial Vehicles",0,,
"2703","Diesel","Passenger Vehicles",67,,
,,"Light Commercial Vehicles",163,,
,"Electric","Passenger Vehicles",0,,
,,"Light Commercial Vehicles",0,,
,"Petrol leaded","Passenger Vehicles",4,,
,,"Light Commercial Vehicles",3,,
,"Petrol unleaded","Passenger Vehicles",317,,
,,"Light Commercial Vehicles",71,,
,"LPG/Other gases","Passenger Vehicles",3,,
,,"Light Commercial Vehicles",3,,
,"Dual fuel","Passenger Vehicles",3,,
,,"Light Commercial Vehicles",3,,
,"Other","Passenger Vehicles",0,,
,,"Light Commercial Vehicles",0,,
,"Unknown","Passenger Vehicles",0,,
,,"Light Commercial Vehicles",0,,
"2705","Diesel","Passenger Vehicles",820,,
,,"Light Commercial Vehicles",2038,,
,"Electric","Passenger Vehicles",0,,
,,"Light Commercial Vehicles",0,,
,"Petrol leaded","Passenger Vehicles",81,,
,,"Light Commercial Vehicles",62,,
,"Petrol unleaded","Passenger Vehicles",4453,,
,,"Light Commercial Vehicles",789,,
,"LPG/Other gases","Passenger Vehicles",11,,
,,"Light Commercial Vehicles",19,,
,"Dual fuel","Passenger Vehicles",46,,
,,"Light Commercial Vehicles",42,,
,"Other","Passenger Vehicles",29,,
,,"Light Commercial Vehicles",0,,
,"Unknown","Passenger Vehicles",7,,
,,"Light Commercial Vehicles",3,,
"2706","Diesel","Passenger Vehicles",103,,
,,"Light Commercial Vehicles",289,,
,"Electric","Passenger Vehicles",0,,
,,"Light Commercial Vehicles",0,,
,"Petrol leaded","Passenger Vehicles",4,,
,,"Light Commercial Vehicles",5,,
,"Petrol unleaded","Passenger Vehicles",463,,
,,"Light Commercial Vehicles",61,,
,"LPG/Other gases","Passenger Vehicles",3,,
,,"Light Commercial Vehicles",0,,
,"Dual fuel","Passenger Vehicles",6,,
,,"Light Commercial Vehicles",8,,
,"Other","Passenger Vehicles",0,,
,,"Light Commercial Vehicles",0,,
,"Unknown","Passenger Vehicles",0,,
,,"Light Commercial Vehicles",0,,
"2707","Diesel","Passenger Vehicles",246,,
,,"Light Commercial Vehicles",472,,
,"Electric","Passenger Vehicles",0,,
,,"Light Commercial Vehicles",0,,
,"Petrol leaded","Passenger Vehicles",6,,
,,"Light Commercial Vehicles",9,,
,"Petrol unleaded","Passenger Vehicles",444,,
,,"Light Commercial Vehicles",70,,
,"LPG/Other gases","Passenger Vehicles",3,,
,,"Light Commercial Vehicles",3,,
,"Dual fuel","Passenger Vehicles",6,,
,,"Light Commercial Vehicles",4,,
,"Other","Passenger Vehicles",3,,
,,"Light Commercial Vehicles",0,,
,"Unknown","Passenger Vehicles",3,,
,,"Light Commercial Vehicles",0,,
"2710","Diesel","Passenger Vehicles",1029,,
,,"Light Commercial Vehicles",2193,,
,"Electric","Passenger Vehicles",0,,
,,"Light Commercial Vehicles",0,,
,"Petrol leaded","Passenger Vehicles",45,,
,,"Light Commercial Vehicles",38,,
,"Petrol unleaded","Passenger Vehicles",3751,,
,,"Light Commercial Vehicles",704,,
,"LPG/Other gases","Passenger Vehicles",12,,
,,"Light Commercial Vehicles",22,,
,"Dual fuel","Passenger Vehicles",65,,
,,"Light Commercial Vehicles",45,,
,"Other","Passenger Vehicles",7,,
,,"Light Commercial Vehicles",0,,
,"Unknown","Passenger Vehicles",15,,
,,"Light Commercial Vehicles",5,,
"2711","Diesel","Passenger Vehicles",409,,
,,"Light Commercial Vehicles",891,,
,"Electric","Passenger Vehicles",0,,
,,"Light Commercial Vehicles",0,,
,"Petrol leaded","Passenger Vehicles",13,,
,,"Light Commercial Vehicles",18,,
,"Petrol unleaded","Passenger Vehicles",1156,,
,,"Light Commercial Vehicles",254,,
,"LPG/Other gases","Passenger Vehicles",0,,
,,"Light Commercial Vehicles",5,,
,"Dual fuel","Passenger Vehicles",7,,
,,"Light Commercial Vehicles",5,,
,"Other","Passenger Vehicles",11,,
,,"Light Commercial Vehicles",0,,
,"Unknown","Passenger Vehicles",6,,
,,"Light Commercial Vehicles",0,,
"2712","Diesel","Passenger Vehicles",132,,
,,"Light Commercial Vehicles",323,,
,"Electric","Passenger Vehicles",0,,
,,"Light Commercial Vehicles",0,,
,"Petrol leaded","Passenger Vehicles",6,,
,,"Light Commercial Vehicles",3,,
,"Petrol unleaded","Passenger Vehicles",507,,
,,"Light Commercial Vehicles",93,,
,"LPG/Other gases","Passenger Vehicles",7,,
,,"Light Commercial Vehicles",3,,
,"Dual fuel","Passenger Vehicles",13,,
,,"Light Commercial Vehicles",9,,
,"Other","Passenger Vehicles",0,,
,,"Light Commercial Vehicles",0,,
,"Unknown","Passenger Vehicles",0,,
,,"Light Commercial Vehicles",0,,
"2713","Diesel","Passenger Vehicles",255,,
,,"Light Commercial Vehicles",557,,
,"Electric","Passenger Vehicles",0,,
,,"Light Commercial Vehicles",0,,
,"Petrol leaded","Passenger Vehicles",14,,
,,"Light Commercial Vehicles",12,,
,"Petrol unleaded","Passenger Vehicles",1054,,
,,"Light Commercial Vehicles",175,,
,"LPG/Other gases","Passenger Vehicles",5,,
,,"Light Commercial Vehicles",0,,
,"Dual fuel","Passenger Vehicles",15,,
,,"Light Commercial Vehicles",13,,
,"Other","Passenger Vehicles",4,,
,,"Light Commercial Vehicles",0,,
,"Unknown","Passenger Vehicles",3,,
,,"Light Commercial Vehicles",3,,
"2714","Diesel","Passenger Vehicles",277,,
,,"Light Commercial Vehicles",388,,
,"Electric","Passenger Vehicles",0,,
,,"Light Commercial Vehicles",0,,
,"Petrol leaded","Passenger Vehicles",24,,
,,"Light Commercial Vehicles",13,,
,"Petrol unleaded","Passenger Vehicles",993,,
,,"Light Commercial Vehicles",136,,
,"LPG/Other gases","Passenger Vehicles",4,,
,,"Light Commercial Vehicles",8,,
,"Dual fuel","Passenger Vehicles",35,,
,,"Light Commercial Vehicles",13,,
,"Other","Passenger Vehicles",3,,
,,"Light Commercial Vehicles",0,,
,"Unknown","Passenger Vehicles",11,,
,,"Light Commercial Vehicles",3,,
"2715","Diesel","Passenger Vehicles",181,,
,,"Light Commercial Vehicles",335,,
,"Electric","Passenger Vehicles",0,,
,,"Light Commercial Vehicles",0,,
,"Petrol leaded","Passenger Vehicles",3,,
,,"Light Commercial Vehicles",12,,
,"Petrol unleaded","Passenger Vehicles",465,,
,,"Light Commercial Vehicles",91,,
,"LPG/Other gases","Passenger Vehicles",0,,
,,"Light Commercial Vehicles",3,,
,"Dual fuel","Passenger Vehicles",11,,
,,"Light Commercial Vehicles",10,,
,"Other","Passenger Vehicles",0,,
,,"Light Commercial Vehicles",0,,
,"Unknown","Passenger Vehicles",0,,
,,"Light Commercial Vehicles",0,,
"2716","Diesel","Passenger Vehicles",144,,
,,"Light Commercial Vehicles",321,,
,"Electric","Passenger Vehicles",0,,
,,"Light Commercial Vehicles",0,,
,"Petrol leaded","Passenger Vehicles",9,,
,,"Light Commercial Vehicles",3,,
,"Petrol unleaded","Passenger Vehicles",425,,
,,"Light Commercial Vehicles",73,,
,"LPG/Other gases","Passenger Vehicles",3,,
,,"Light Commercial Vehicles",4,,
,"Dual fuel","Passenger Vehicles",8,,
,,"Light Commercial Vehicles",7,,
,"Other","Passenger Vehicles",0,,
,,"Light Commercial Vehicles",0,,
,"Unknown","Passenger Vehicles",3,,
,,"Light Commercial Vehicles",0,,
"2717","Diesel","Passenger Vehicles",85,,
,,"Light Commercial Vehicles",202,,
,"Electric","Passenger Vehicles",0,,
,,"Light Commercial Vehicles",0,,
,"Petrol leaded","Passenger Vehicles",3,,
,,"Light Commercial Vehicles",0,,
,"Petrol unleaded","Passenger Vehicles",385,,
,,"Light Commercial Vehicles",67,,
,"LPG/Other gases","Passenger Vehicles",3,,
,,"Light Commercial Vehicles",0,,
,"Dual fuel","Passenger Vehicles",4,,
,,"Light Commercial Vehicles",3,,
,"Other","Passenger Vehicles",3,,
,,"Light Commercial Vehicles",0,,
,"Unknown","Passenger Vehicles",3,,
,,"Light Commercial Vehicles",0,,
"2720","Diesel","Passenger Vehicles",879,,
,,"Light Commercial Vehicles",1812,,
,"Electric","Passenger Vehicles",0,,
,,"Light Commercial Vehicles",0,,
,"Petrol leaded","Passenger Vehicles",52,,
,,"Light Commercial Vehicles",52,,
,"Petrol unleaded","Passenger Vehicles",3484,,
,,"Light Commercial Vehicles",455,,
,"LPG/Other gases","Passenger Vehicles",8,,
,,"Light Commercial Vehicles",10,,
,"Dual fuel","Passenger Vehicles",29,,
,,"Light Commercial Vehicles",24,,
,"Other","Passenger Vehicles",19,,
,,"Light Commercial Vehicles",0,,
,"Unknown","Passenger Vehicles",5,,
,,"Light Commercial Vehicles",4,,
"2721","Diesel","Passenger Vehicles",27,,
,,"Light Commercial Vehicles",71,,
,"Electric","Passenger Vehicles",0,,
,,"Light Commercial Vehicles",0,,
,"Petrol leaded","Passenger Vehicles",0,,
,,"Light Commercial Vehicles",0,,
,"Petrol unleaded","Passenger Vehicles",87,,
,,"Light Commercial Vehicles",22,,
,"LPG/Other gases","Passenger Vehicles",0,,
,,"Light Commercial Vehicles",0,,
,"Dual fuel","Passenger Vehicles",0,,
,,"Light Commercial Vehicles",0,,
,"Other","Passenger Vehicles",0,,
,,"Light Commercial Vehicles",0,,
,"Unknown","Passenger Vehicles",0,,
,,"Light Commercial Vehicles",0,,
"2722","Diesel","Passenger Vehicles",296,,
,,"Light Commercial Vehicles",776,,
,"Electric","Passenger Vehicles",0,,
,,"Light Commercial Vehicles",0,,
,"Petrol leaded","Passenger Vehicles",25,,
,,"Light Commercial Vehicles",20,,
,"Petrol unleaded","Passenger Vehicles",1209,,
,,"Light Commercial Vehicles",203,,
,"LPG/Other gases","Passenger Vehicles",3,,
,,"Light Commercial Vehicles",3,,
,"Dual fuel","Passenger Vehicles",11,,
,,"Light Commercial Vehicles",4,,
,"Other","Passenger Vehicles",3,,
,,"Light Commercial Vehicles",0,,
,"Unknown","Passenger Vehicles",0,,
,,"Light Commercial Vehicles",0,,
"2725","Diesel","Passenger Vehicles",41,,
,,"Light Commercial Vehicles",104,,
,"Electric","Passenger Vehicles",0,,
,,"Light Commercial Vehicles",0,,
,"Petrol leaded","Passenger Vehicles",8,,
,,"Light Commercial Vehicles",3,,
,"Petrol unleaded","Passenger Vehicles",150,,
,,"Light Commercial Vehicles",37,,
,"LPG/Other gases","Passenger Vehicles",3,,
,,"Light Commercial Vehicles",0,,
,"Dual fuel","Passenger Vehicles",3,,
,,"Light Commercial Vehicles",0,,
,"Other","Passenger Vehicles",0,,
,,"Light Commercial Vehicles",0,,
,"Unknown","Passenger Vehicles",0,,
,,"Light Commercial Vehicles",0,,
"2726","Diesel","Passenger Vehicles",51,,
,,"Light Commercial Vehicles",95,,
,"Electric","Passenger Vehicles",0,,
,,"Light Commercial Vehicles",0,,
,"Petrol leaded","Passenger Vehicles",3,,
,,"Light Commercial Vehicles",4,,
,"Petrol unleaded","Passenger Vehicles",103,,
,,"Light Commercial Vehicles",24,,
,"LPG/Other gases","Passenger Vehicles",0,,
,,"Light Commercial Vehicles",0,,
,"Dual fuel","Passenger Vehicles",0,,
,,"Light Commercial Vehicles",0,,
,"Other","Passenger Vehicles",0,,
,,"Light Commercial Vehicles",0,,
,"Unknown","Passenger Vehicles",0,,
,,"Light Commercial Vehicles",0,,
"2727","Diesel","Passenger Vehicles",78,,
,,"Light Commercial Vehicles",149,,
,"Electric","Passenger Vehicles",0,,
,,"Light Commercial Vehicles",0,,
,"Petrol leaded","Passenger Vehicles",0,,
,,"Light Commercial Vehicles",0,,
,"Petrol unleaded","Passenger Vehicles",107,,
,,"Light Commercial Vehicles",29,,
,"LPG/Other gases","Passenger Vehicles",0,,
,,"Light Commercial Vehicles",0,,
,"Dual fuel","Passenger Vehicles",0,,
,,"Light Commercial Vehicles",0,,
,"Other","Passenger Vehicles",0,,
,,"Light Commercial Vehicles",0,,
,"Unknown","Passenger Vehicles",0,,
,,"Light Commercial Vehicles",0,,
"2729","Diesel","Passenger Vehicles",200,,
,,"Light Commercial Vehicles",487,,
,"Electric","Passenger Vehicles",0,,
,,"Light Commercial Vehicles",0,,
,"Petrol leaded","Passenger Vehicles",11,,
,,"Light Commercial Vehicles",18,,
,"Petrol unleaded","Passenger Vehicles",636,,
,,"Light Commercial Vehicles",105,,
,"LPG/Other gases","Passenger Vehicles",5,,
,,"Light Commercial Vehicles",0,,
,"Dual fuel","Passenger Vehicles",4,,
,,"Light Commercial Vehicles",3,,
,"Other","Passenger Vehicles",3,,
,,"Light Commercial Vehicles",0,,
,"Unknown","Passenger Vehicles",0,,
,,"Light Commercial Vehicles",0,,
"2730","Diesel","Passenger Vehicles",128,,
,,"Light Commercial Vehicles",371,,
,"Electric","Passenger Vehicles",0,,
,,"Light Commercial Vehicles",0,,
,"Petrol leaded","Passenger Vehicles",6,,
,,"Light Commercial Vehicles",10,,
,"Petrol unleaded","Passenger Vehicles",633,,
,,"Light Commercial Vehicles",115,,
,"LPG/Other gases","Passenger Vehicles",0,,
,,"Light Commercial Vehicles",0,,
,"Dual fuel","Passenger Vehicles",12,,
,,"Light Commercial Vehicles",5,,
,"Other","Passenger Vehicles",3,,
,,"Light Commercial Vehicles",0,,
,"Unknown","Passenger Vehicles",0,,
,,"Light Commercial Vehicles",0,,
"2731","Diesel","Passenger Vehicles",532,,
,,"Light Commercial Vehicles",626,,
,"Electric","Passenger Vehicles",0,,
,,"Light Commercial Vehicles",0,,
,"Petrol leaded","Passenger Vehicles",11,,
,,"Light Commercial Vehicles",5,,
,"Petrol unleaded","Passenger Vehicles",1877,,
,,"Light Commercial Vehicles",177,,
,"LPG/Other gases","Passenger Vehicles",12,,
,,"Light Commercial Vehicles",13,,
,"Dual fuel","Passenger Vehicles",34,,
,,"Light Commercial Vehicles",15,,
,"Other","Passenger Vehicles",9,,
,,"Light Commercial Vehicles",0,,
,"Unknown","Passenger Vehicles",10,,
,,"Light Commercial Vehicles",5,,
"2732","Diesel","Passenger Vehicles",203,,
,,"Light Commercial Vehicles",311,,
,"Electric","Passenger Vehicles",0,,
,,"Light Commercial Vehicles",0,,
,"Petrol leaded","Passenger Vehicles",16,,
,,"Light Commercial Vehicles",10,,
,"Petrol unleaded","Passenger Vehicles",581,,
,,"Light Commercial Vehicles",87,,
,"LPG/Other gases","Passenger Vehicles",0,,
,,"Light Commercial Vehicles",3,,
,"Dual fuel","Passenger Vehicles",5,,
,,"Light Commercial Vehicles",8,,
,"Other","Passenger Vehicles",5,,
,,"Light Commercial Vehicles",0,,
,"Unknown","Passenger Vehicles",3,,
,,"Light Commercial Vehicles",3,,
"2733","Diesel","Passenger Vehicles",106,,
,,"Light Commercial Vehicles",212,,
,"Electric","Passenger Vehicles",0,,
,,"Light Commercial Vehicles",0,,
,"Petrol leaded","Passenger Vehicles",4,,
,,"Light Commercial Vehicles",0,,
,"Petrol unleaded","Passenger Vehicles",168,,
,,"Light Commercial Vehicles",24,,
,"LPG/Other gases","Passenger Vehicles",0,,
,,"Light Commercial Vehicles",0,,
,"Dual fuel","Passenger Vehicles",4,,
,,"Light Commercial Vehicles",3,,
,"Other","Passenger Vehicles",0,,
,,"Light Commercial Vehicles",0,,
,"Unknown","Passenger Vehicles",3,,
,,"Light Commercial Vehicles",0,,
"2734","Diesel","Passenger Vehicles",49,,
,,"Light Commercial Vehicles",67,,
,"Electric","Passenger Vehicles",0,,
,,"Light Commercial Vehicles",0,,
,"Petrol leaded","Passenger Vehicles",0,,
,,"Light Commercial Vehicles",3,,
,"Petrol unleaded","Passenger Vehicles",61,,
,,"Light Commercial Vehicles",7,,
,"LPG/Other gases","Passenger Vehicles",0,,
,,"Light Commercial Vehicles",0,,
,"Dual fuel","Passenger Vehicles",0,,
,,"Light Commercial Vehicles",0,,
,"Other","Passenger Vehicles",0,,
,,"Light Commercial Vehicles",0,,
,"Unknown","Passenger Vehicles",0,,
,,"Light Commercial Vehicles",0,,
"2735","Diesel","Passenger Vehicles",17,,
,,"Light Commercial Vehicles",55,,
,"Electric","Passenger Vehicles",0,,
,,"Light Commercial Vehicles",0,,
,"Petrol leaded","Passenger Vehicles",0,,
,,"Light Commercial Vehicles",0,,
,"Petrol unleaded","Passenger Vehicles",82,,
,,"Light Commercial Vehicles",8,,
,"LPG/Other gases","Passenger Vehicles",0,,
,,"Light Commercial Vehicles",0,,
,"Dual fuel","Passenger Vehicles",4,,
,,"Light Commercial Vehicles",0,,
,"Other","Passenger Vehicles",0,,
,,"Light Commercial Vehicles",0,,
,"Unknown","Passenger Vehicles",0,,
,,"Light Commercial Vehicles",0,,
"2736","Diesel","Passenger Vehicles",29,,
,,"Light Commercial Vehicles",68,,
,"Electric","Passenger Vehicles",0,,
,,"Light Commercial Vehicles",0,,
,"Petrol leaded","Passenger Vehicles",3,,
,,"Light Commercial Vehicles",0,,
,"Petrol unleaded","Passenger Vehicles",85,,
,,"Light Commercial Vehicles",22,,
,"LPG/Other gases","Passenger Vehicles",0,,
,,"Light Commercial Vehicles",0,,
,"Dual fuel","Passenger Vehicles",3,,
,,"Light Commercial Vehicles",0,,
,"Other","Passenger Vehicles",0,,
,,"Light Commercial Vehicles",0,,
,"Unknown","Passenger Vehicles",0,,
,,"Light Commercial Vehicles",0,,
"2737","Diesel","Passenger Vehicles",69,,
,,"Light Commercial Vehicles",157,,
,"Electric","Passenger Vehicles",0,,
,,"Light Commercial Vehicles",0,,
,"Petrol leaded","Passenger Vehicles",9,,
,,"Light Commercial Vehicles",0,,
,"Petrol unleaded","Passenger Vehicles",167,,
,,"Light Commercial Vehicles",24,,
,"LPG/Other gases","Passenger Vehicles",0,,
,,"Light Commercial Vehicles",3,,
,"Dual fuel","Passenger Vehicles",0,,
,,"Light Commercial Vehicles",3,,
,"Other","Passenger Vehicles",0,,
,,"Light Commercial Vehicles",0,,
,"Unknown","Passenger Vehicles",0,,
,,"Light Commercial Vehicles",0,,
"2738","Diesel","Passenger Vehicles",204,,
,,"Light Commercial Vehicles",307,,
,"Electric","Passenger Vehicles",0,,
,,"Light Commercial Vehicles",0,,
,"Petrol leaded","Passenger Vehicles",7,,
,,"Light Commercial Vehicles",4,,
,"Petrol unleaded","Passenger Vehicles",474,,
,,"Light Commercial Vehicles",87,,
,"LPG/Other gases","Passenger Vehicles",3,,
,,"Light Commercial Vehicles",3,,
,"Dual fuel","Passenger Vehicles",3,,
,,"Light Commercial Vehicles",0,,
,"Other","Passenger Vehicles",0,,
,,"Light Commercial Vehicles",0,,
,"Unknown","Passenger Vehicles",0,,
,,"Light Commercial Vehicles",0,,
"2739","Diesel","Passenger Vehicles",90,,
,,"Light Commercial Vehicles",221,,
,"Electric","Passenger Vehicles",0,,
,,"Light Commercial Vehicles",0,,
,"Petrol leaded","Passenger Vehicles",7,,
,,"Light Commercial Vehicles",0,,
,"Petrol unleaded","Passenger Vehicles",350,,
,,"Light Commercial Vehicles",43,,
,"LPG/Other gases","Passenger Vehicles",0,,
,,"Light Commercial Vehicles",0,,
,"Dual fuel","Passenger Vehicles",4,,
,,"Light Commercial Vehicles",6,,
,"Other","Passenger Vehicles",3,,
,,"Light Commercial Vehicles",0,,
,"Unknown","Passenger Vehicles",0,,
,,"Light Commercial Vehicles",0,,
"2745","Diesel","Passenger Vehicles",2034,,
,,"Light Commercial Vehicles",2240,,
,"Electric","Passenger Vehicles",3,,
,,"Light Commercial Vehicles",0,,
,"Petrol leaded","Passenger Vehicles",304,,
,,"Light Commercial Vehicles",41,,
,"Petrol unleaded","Passenger Vehicles",14891,,
,,"Light Commercial Vehicles",1011,,
,"LPG/Other gases","Passenger Vehicles",49,,
,,"Light Commercial Vehicles",43,,
,"Dual fuel","Passenger Vehicles",85,,
,,"Light Commercial Vehicles",43,,
,"Other","Passenger Vehicles",77,,
,,"Light Commercial Vehicles",0,,
,"Unknown","Passenger Vehicles",18,,
,,"Light Commercial Vehicles",3,,
"2747","Diesel","Passenger Vehicles",2010,,
,,"Light Commercial Vehicles",2525,,
,"Electric","Passenger Vehicles",0,,
,,"Light Commercial Vehicles",0,,
,"Petrol leaded","Passenger Vehicles",296,,
,,"Light Commercial Vehicles",39,,
,"Petrol unleaded","Passenger Vehicles",22340,,
,,"Light Commercial Vehicles",1312,,
,"LPG/Other gases","Passenger Vehicles",98,,
,,"Light Commercial Vehicles",59,,
,"Dual fuel","Passenger Vehicles",153,,
,,"Light Commercial Vehicles",58,,
,"Other","Passenger Vehicles",135,,
,,"Light Commercial Vehicles",3,,
,"Unknown","Passenger Vehicles",35,,
,,"Light Commercial Vehicles",4,,
"2748","Diesel","Passenger Vehicles",216,,
,,"Light Commercial Vehicles",299,,
,"Electric","Passenger Vehicles",0,,
,,"Light Commercial Vehicles",0,,
,"Petrol leaded","Passenger Vehicles",59,,
,,"Light Commercial Vehicles",8,,
,"Petrol unleaded","Passenger Vehicles",1098,,
,,"Light Commercial Vehicles",139,,
,"LPG/Other gases","Passenger Vehicles",16,,
,,"Light Commercial Vehicles",3,,
,"Dual fuel","Passenger Vehicles",14,,
,,"Light Commercial Vehicles",11,,
,"Other","Passenger Vehicles",9,,
,,"Light Commercial Vehicles",0,,
,"Unknown","Passenger Vehicles",3,,
,,"Light Commercial Vehicles",0,,
"2749","Diesel","Passenger Vehicles",932,,
,,"Light Commercial Vehicles",1293,,
,"Electric","Passenger Vehicles",3,,
,,"Light Commercial Vehicles",0,,
,"Petrol leaded","Passenger Vehicles",182,,
,,"Light Commercial Vehicles",30,,
,"Petrol unleaded","Passenger Vehicles",8102,,
,,"Light Commercial Vehicles",617,,
,"LPG/Other gases","Passenger Vehicles",35,,
,,"Light Commercial Vehicles",30,,
,"Dual fuel","Passenger Vehicles",53,,
,,"Light Commercial Vehicles",29,,
,"Other","Passenger Vehicles",31,,
,,"Light Commercial Vehicles",0,,
,"Unknown","Passenger Vehicles",15,,
,,"Light Commercial Vehicles",0,,
"2750","Diesel","Passenger Vehicles",2429,,
,,"Light Commercial Vehicles",3920,,
,"Electric","Passenger Vehicles",3,,
,,"Light Commercial Vehicles",0,,
,"Petrol leaded","Passenger Vehicles",292,,
,,"Light Commercial Vehicles",62,,
,"Petrol unleaded","Passenger Vehicles",25410,,
,,"Light Commercial Vehicles",1913,,
,"LPG/Other gases","Passenger Vehicles",71,,
,,"Light Commercial Vehicles",83,,
,"Dual fuel","Passenger Vehicles",137,,
,,"Light Commercial Vehicles",87,,
,"Other","Passenger Vehicles",101,,
,,"Light Commercial Vehicles",0,,
,"Unknown","Passenger Vehicles",27,,
,,"Light Commercial Vehicles",3,,
"2751","Diesel","Passenger Vehicles",39,,
,,"Light Commercial Vehicles",92,,
,"Electric","Passenger Vehicles",3,,
,,"Light Commercial Vehicles",0,,
,"Petrol leaded","Passenger Vehicles",0,,
,,"Light Commercial Vehicles",0,,
,"Petrol unleaded","Passenger Vehicles",163,,
,,"Light Commercial Vehicles",27,,
,"LPG/Other gases","Passenger Vehicles",0,,
,,"Light Commercial Vehicles",0,,
,"Dual fuel","Passenger Vehicles",0,,
,,"Light Commercial Vehicles",0,,
,"Other","Passenger Vehicles",0,,
,,"Light Commercial Vehicles",0,,
,"Unknown","Passenger Vehicles",0,,
,,"Light Commercial Vehicles",0,,
"2752","Diesel","Passenger Vehicles",461,,
,,"Light Commercial Vehicles",787,,
,"Electric","Passenger Vehicles",0,,
,,"Light Commercial Vehicles",0,,
,"Petrol leaded","Passenger Vehicles",141,,
,,"Light Commercial Vehicles",27,,
,"Petrol unleaded","Passenger Vehicles",2599,,
,,"Light Commercial Vehicles",360,,
,"LPG/Other gases","Passenger Vehicles",9,,
,,"Light Commercial Vehicles",20,,
,"Dual fuel","Passenger Vehicles",20,,
,,"Light Commercial Vehicles",20,,
,"Other","Passenger Vehicles",13,,
,,"Light Commercial Vehicles",0,,
,"Unknown","Passenger Vehicles",0,,
,,"Light Commercial Vehicles",0,,
"2753","Diesel","Passenger Vehicles",1355,,
,,"Light Commercial Vehicles",2003,,
,"Electric","Passenger Vehicles",5,,
,,"Light Commercial Vehicles",0,,
,"Petrol leaded","Passenger Vehicles",228,,
,,"Light Commercial Vehicles",58,,
,"Petrol unleaded","Passenger Vehicles",8222,,
,,"Light Commercial Vehicles",956,,
,"LPG/Other gases","Passenger Vehicles",37,,
,,"Light Commercial Vehicles",42,,
,"Dual fuel","Passenger Vehicles",79,,
,,"Light Commercial Vehicles",71,,
,"Other","Passenger Vehicles",42,,
,,"Light Commercial Vehicles",0,,
,"Unknown","Passenger Vehicles",13,,
,,"Light Commercial Vehicles",0,,
"2754","Diesel","Passenger Vehicles",490,,
,,"Light Commercial Vehicles",642,,
,"Electric","Passenger Vehicles",0,,
,,"Light Commercial Vehicles",0,,
,"Petrol leaded","Passenger Vehicles",74,,
,,"Light Commercial Vehicles",21,,
,"Petrol unleaded","Passenger Vehicles",3182,,
,,"Light Commercial Vehicles",336,,
,"LPG/Other gases","Passenger Vehicles",7,,
,,"Light Commercial Vehicles",9,,
,"Dual fuel","Passenger Vehicles",38,,
,,"Light Commercial Vehicles",24,,
,"Other","Passenger Vehicles",13,,
,,"Light Commercial Vehicles",0,,
,"Unknown","Passenger Vehicles",4,,
,,"Light Commercial Vehicles",0,,
"2755","Diesel","Passenger Vehicles",4,,
,,"Light Commercial Vehicles",5,,
,"Electric","Passenger Vehicles",0,,
,,"Light Commercial Vehicles",0,,
,"Petrol leaded","Passenger Vehicles",0,,
,,"Light Commercial Vehicles",0,,
,"Petrol unleaded","Passenger Vehicles",30,,
,,"Light Commercial Vehicles",5,,
,"LPG/Other gases","Passenger Vehicles",0,,
,,"Light Commercial Vehicles",0,,
,"Dual fuel","Passenger Vehicles",0,,
,,"Light Commercial Vehicles",0,,
,"Other","Passenger Vehicles",0,,
,,"Light Commercial Vehicles",0,,
,"Unknown","Passenger Vehicles",0,,
,,"Light Commercial Vehicles",0,,
"2756","Diesel","Passenger Vehicles",3206,,
,,"Light Commercial Vehicles",4852,,
,"Electric","Passenger Vehicles",9,,
,,"Light Commercial Vehicles",0,,
,"Petrol leaded","Passenger Vehicles",452,,
,,"Light Commercial Vehicles",133,,
,"Petrol unleaded","Passenger Vehicles",16496,,
,,"Light Commercial Vehicles",2378,,
,"LPG/Other gases","Passenger Vehicles",70,,
,,"Light Commercial Vehicles",110,,
,"Dual fuel","Passenger Vehicles",175,,
,,"Light Commercial Vehicles",122,,
,"Other","Passenger Vehicles",82,,
,,"Light Commercial Vehicles",0,,
,"Unknown","Passenger Vehicles",28,,
,,"Light Commercial Vehicles",0,,
"2757","Diesel","Passenger Vehicles",85,,
,,"Light Commercial Vehicles",140,,
,"Electric","Passenger Vehicles",0,,
,,"Light Commercial Vehicles",0,,
,"Petrol leaded","Passenger Vehicles",11,,
,,"Light Commercial Vehicles",6,,
,"Petrol unleaded","Passenger Vehicles",455,,
,,"Light Commercial Vehicles",66,,
,"LPG/Other gases","Passenger Vehicles",0,,
,,"Light Commercial Vehicles",5,,
,"Dual fuel","Passenger Vehicles",4,,
,,"Light Commercial Vehicles",5,,
,"Other","Passenger Vehicles",3,,
,,"Light Commercial Vehicles",0,,
,"Unknown","Passenger Vehicles",0,,
,,"Light Commercial Vehicles",0,,
"2758","Diesel","Passenger Vehicles",1074,,
,,"Light Commercial Vehicles",1345,,
,"Electric","Passenger Vehicles",0,,
,,"Light Commercial Vehicles",0,,
,"Petrol leaded","Passenger Vehicles",195,,
,,"Light Commercial Vehicles",42,,
,"Petrol unleaded","Passenger Vehicles",4290,,
,,"Light Commercial Vehicles",705,,
,"LPG/Other gases","Passenger Vehicles",22,,
,,"Light Commercial Vehicles",41,,
,"Dual fuel","Passenger Vehicles",69,,
,,"Light Commercial Vehicles",44,,
,"Other","Passenger Vehicles",26,,
,,"Light Commercial Vehicles",0,,
,"Unknown","Passenger Vehicles",0,,
,,"Light Commercial Vehicles",0,,
"2759","Diesel","Passenger Vehicles",1224,,
,,"Light Commercial Vehicles",1808,,
,"Electric","Passenger Vehicles",0,,
,,"Light Commercial Vehicles",0,,
,"Petrol leaded","Passenger Vehicles",239,,
,,"Light Commercial Vehicles",36,,
,"Petrol unleaded","Passenger Vehicles",14031,,
,,"Light Commercial Vehicles",1019,,
,"LPG/Other gases","Passenger Vehicles",62,,
,,"Light Commercial Vehicles",30,,
,"Dual fuel","Passenger Vehicles",93,,
,,"Light Commercial Vehicles",42,,
,"Other","Passenger Vehicles",43,,
,,"Light Commercial Vehicles",0,,
,"Unknown","Passenger Vehicles",14,,
,,"Light Commercial Vehicles",0,,
"2760","Diesel","Passenger Vehicles",1210,,
,,"Light Commercial Vehicles",1935,,
,"Electric","Passenger Vehicles",0,,
,,"Light Commercial Vehicles",0,,
,"Petrol leaded","Passenger Vehicles",159,,
,,"Light Commercial Vehicles",30,,
,"Petrol unleaded","Passenger Vehicles",16725,,
,,"Light Commercial Vehicles",1131,,
,"LPG/Other gases","Passenger Vehicles",61,,
,,"Light Commercial Vehicles",46,,
,"Dual fuel","Passenger Vehicles",119,,
,,"Light Commercial Vehicles",67,,
,"Other","Passenger Vehicles",94,,
,,"Light Commercial Vehicles",3,,
,"Unknown","Passenger Vehicles",22,,
,,"Light Commercial Vehicles",0,,
"2761","Diesel","Passenger Vehicles",1118,,
,,"Light Commercial Vehicles",1647,,
,"Electric","Passenger Vehicles",3,,
,,"Light Commercial Vehicles",0,,
,"Petrol leaded","Passenger Vehicles",97,,
,,"Light Commercial Vehicles",15,,
,"Petrol unleaded","Passenger Vehicles",16656,,
,,"Light Commercial Vehicles",912,,
,"LPG/Other gases","Passenger Vehicles",62,,
,,"Light Commercial Vehicles",39,,
,"Dual fuel","Passenger Vehicles",122,,
,,"Light Commercial Vehicles",46,,
,"Other","Passenger Vehicles",145,,
,,"Light Commercial Vehicles",0,,
,"Unknown","Passenger Vehicles",30,,
,,"Light Commercial Vehicles",11,,
"2762","Diesel","Passenger Vehicles",506,,
,,"Light Commercial Vehicles",396,,
,"Electric","Passenger Vehicles",0,,
,,"Light Commercial Vehicles",0,,
,"Petrol leaded","Passenger Vehicles",38,,
,,"Light Commercial Vehicles",6,,
,"Petrol unleaded","Passenger Vehicles",5299,,
,,"Light Commercial Vehicles",215,,
,"LPG/Other gases","Passenger Vehicles",21,,
,,"Light Commercial Vehicles",10,,
,"Dual fuel","Passenger Vehicles",41,,
,,"Light Commercial Vehicles",16,,
,"Other","Passenger Vehicles",124,,
,,"Light Commercial Vehicles",0,,
,"Unknown","Passenger Vehicles",7,,
,,"Light Commercial Vehicles",0,,
"2763","Diesel","Passenger Vehicles",1134,,
,,"Light Commercial Vehicles",994,,
,"Electric","Passenger Vehicles",3,,
,,"Light Commercial Vehicles",3,,
,"Petrol leaded","Passenger Vehicles",92,,
,,"Light Commercial Vehicles",16,,
,"Petrol unleaded","Passenger Vehicles",15193,,
,,"Light Commercial Vehicles",642,,
,"LPG/Other gases","Passenger Vehicles",43,,
,,"Light Commercial Vehicles",19,,
,"Dual fuel","Passenger Vehicles",107,,
,,"Light Commercial Vehicles",32,,
,"Other","Passenger Vehicles",147,,
,,"Light Commercial Vehicles",0,,
,"Unknown","Passenger Vehicles",15,,
,,"Light Commercial Vehicles",4,,
"2764","Diesel","Passenger Vehicles",0,,
,,"Light Commercial Vehicles",0,,
,"Electric","Passenger Vehicles",0,,
,,"Light Commercial Vehicles",0,,
,"Petrol leaded","Passenger Vehicles",0,,
,,"Light Commercial Vehicles",0,,
,"Petrol unleaded","Passenger Vehicles",4,,
,,"Light Commercial Vehicles",0,,
,"LPG/Other gases","Passenger Vehicles",0,,
,,"Light Commercial Vehicles",0,,
,"Dual fuel","Passenger Vehicles",0,,
,,"Light Commercial Vehicles",0,,
,"Other","Passenger Vehicles",0,,
,,"Light Commercial Vehicles",0,,
,"Unknown","Passenger Vehicles",0,,
,,"Light Commercial Vehicles",0,,
"2765","Diesel","Passenger Vehicles",1560,,
,,"Light Commercial Vehicles",2275,,
,"Electric","Passenger Vehicles",3,,
,,"Light Commercial Vehicles",0,,
,"Petrol leaded","Passenger Vehicles",292,,
,,"Light Commercial Vehicles",75,,
,"Petrol unleaded","Passenger Vehicles",10361,,
,,"Light Commercial Vehicles",1204,,
,"LPG/Other gases","Passenger Vehicles",39,,
,,"Light Commercial Vehicles",55,,
,"Dual fuel","Passenger Vehicles",126,,
,,"Light Commercial Vehicles",76,,
,"Other","Passenger Vehicles",70,,
,,"Light Commercial Vehicles",0,,
,"Unknown","Passenger Vehicles",7,,
,,"Light Commercial Vehicles",0,,
"2766","Diesel","Passenger Vehicles",611,,
,,"Light Commercial Vehicles",1147,,
,"Electric","Passenger Vehicles",3,,
,,"Light Commercial Vehicles",0,,
,"Petrol leaded","Passenger Vehicles",63,,
,,"Light Commercial Vehicles",9,,
,"Petrol unleaded","Passenger Vehicles",7763,,
,,"Light Commercial Vehicles",421,,
,"LPG/Other gases","Passenger Vehicles",40,,
,,"Light Commercial Vehicles",19,,
,"Dual fuel","Passenger Vehicles",67,,
,,"Light Commercial Vehicles",25,,
,"Other","Passenger Vehicles",66,,
,,"Light Commercial Vehicles",0,,
,"Unknown","Passenger Vehicles",5,,
,,"Light Commercial Vehicles",0,,
"2767","Diesel","Passenger Vehicles",730,,
,,"Light Commercial Vehicles",492,,
,"Electric","Passenger Vehicles",3,,
,,"Light Commercial Vehicles",0,,
,"Petrol leaded","Passenger Vehicles",62,,
,,"Light Commercial Vehicles",10,,
,"Petrol unleaded","Passenger Vehicles",11091,,
,,"Light Commercial Vehicles",451,,
,"LPG/Other gases","Passenger Vehicles",59,,
,,"Light Commercial Vehicles",17,,
,"Dual fuel","Passenger Vehicles",108,,
,,"Light Commercial Vehicles",16,,
,"Other","Passenger Vehicles",103,,
,,"Light Commercial Vehicles",3,,
,"Unknown","Passenger Vehicles",14,,
,,"Light Commercial Vehicles",0,,
"2768","Diesel","Passenger Vehicles",1424,,
,,"Light Commercial Vehicles",710,,
,"Electric","Passenger Vehicles",5,,
,,"Light Commercial Vehicles",0,,
,"Petrol leaded","Passenger Vehicles",69,,
,,"Light Commercial Vehicles",5,,
,"Petrol unleaded","Passenger Vehicles",13229,,
,,"Light Commercial Vehicles",401,,
,"LPG/Other gases","Passenger Vehicles",63,,
,,"Light Commercial Vehicles",18,,
,"Dual fuel","Passenger Vehicles",93,,
,,"Light Commercial Vehicles",19,,
,"Other","Passenger Vehicles",167,,
,,"Light Commercial Vehicles",0,,
,"Unknown","Passenger Vehicles",22,,
,,"Light Commercial Vehicles",0,,
"2769","Diesel","Passenger Vehicles",839,,
,,"Light Commercial Vehicles",325,,
,"Electric","Passenger Vehicles",0,,
,,"Light Commercial Vehicles",0,,
,"Petrol leaded","Passenger Vehicles",11,,
,,"Light Commercial Vehicles",0,,
,"Petrol unleaded","Passenger Vehicles",6352,,
,,"Light Commercial Vehicles",151,,
,"LPG/Other gases","Passenger Vehicles",30,,
,,"Light Commercial Vehicles",8,,
,"Dual fuel","Passenger Vehicles",37,,
,,"Light Commercial Vehicles",9,,
,"Other","Passenger Vehicles",117,,
,,"Light Commercial Vehicles",0,,
,"Unknown","Passenger Vehicles",10,,
,,"Light Commercial Vehicles",0,,
"2770","Diesel","Passenger Vehicles",1599,,
,,"Light Commercial Vehicles",1920,,
,"Electric","Passenger Vehicles",3,,
,,"Light Commercial Vehicles",0,,
,"Petrol leaded","Passenger Vehicles",220,,
,,"Light Commercial Vehicles",34,,
,"Petrol unleaded","Passenger Vehicles",26747,,
,,"Light Commercial Vehicles",1633,,
,"LPG/Other gases","Passenger Vehicles",136,,
,,"Light Commercial Vehicles",57,,
,"Dual fuel","Passenger Vehicles",300,,
,,"Light Commercial Vehicles",99,,
,"Other","Passenger Vehicles",168,,
,,"Light Commercial Vehicles",0,,
,"Unknown","Passenger Vehicles",50,,
,,"Light Commercial Vehicles",3,,
"2773","Diesel","Passenger Vehicles",480,,
,,"Light Commercial Vehicles",347,,
,"Electric","Passenger Vehicles",3,,
,,"Light Commercial Vehicles",0,,
,"Petrol leaded","Passenger Vehicles",64,,
,,"Light Commercial Vehicles",13,,
,"Petrol unleaded","Passenger Vehicles",3179,,
,,"Light Commercial Vehicles",148,,
,"LPG/Other gases","Passenger Vehicles",11,,
,,"Light Commercial Vehicles",9,,
,"Dual fuel","Passenger Vehicles",12,,
,,"Light Commercial Vehicles",5,,
,"Other","Passenger Vehicles",23,,
,,"Light Commercial Vehicles",0,,
,"Unknown","Passenger Vehicles",7,,
,,"Light Commercial Vehicles",0,,
"2774","Diesel","Passenger Vehicles",952,,
,,"Light Commercial Vehicles",818,,
,"Electric","Passenger Vehicles",3,,
,,"Light Commercial Vehicles",0,,
,"Petrol leaded","Passenger Vehicles",111,,
,,"Light Commercial Vehicles",20,,
,"Petrol unleaded","Passenger Vehicles",6743,,
,,"Light Commercial Vehicles",419,,
,"LPG/Other gases","Passenger Vehicles",28,,
,,"Light Commercial Vehicles",29,,
,"Dual fuel","Passenger Vehicles",55,,
,,"Light Commercial Vehicles",18,,
,"Other","Passenger Vehicles",50,,
,,"Light Commercial Vehicles",0,,
,"Unknown","Passenger Vehicles",5,,
,,"Light Commercial Vehicles",3,,
"2775","Diesel","Passenger Vehicles",174,,
,,"Light Commercial Vehicles",272,,
,"Electric","Passenger Vehicles",0,,
,,"Light Commercial Vehicles",0,,
,"Petrol leaded","Passenger Vehicles",27,,
,,"Light Commercial Vehicles",6,,
,"Petrol unleaded","Passenger Vehicles",768,,
,,"Light Commercial Vehicles",178,,
,"LPG/Other gases","Passenger Vehicles",3,,
,,"Light Commercial Vehicles",8,,
,"Dual fuel","Passenger Vehicles",19,,
,,"Light Commercial Vehicles",19,,
,"Other","Passenger Vehicles",11,,
,,"Light Commercial Vehicles",0,,
,"Unknown","Passenger Vehicles",0,,
,,"Light Commercial Vehicles",3,,
"2776","Diesel","Passenger Vehicles",291,,
,,"Light Commercial Vehicles",245,,
,"Electric","Passenger Vehicles",0,,
,,"Light Commercial Vehicles",0,,
,"Petrol leaded","Passenger Vehicles",24,,
,,"Light Commercial Vehicles",6,,
,"Petrol unleaded","Passenger Vehicles",2226,,
,,"Light Commercial Vehicles",122,,
,"LPG/Other gases","Passenger Vehicles",12,,
,,"Light Commercial Vehicles",6,,
,"Dual fuel","Passenger Vehicles",20,,
,,"Light Commercial Vehicles",7,,
,"Other","Passenger Vehicles",10,,
,,"Light Commercial Vehicles",0,,
,"Unknown","Passenger Vehicles",3,,
,,"Light Commercial Vehicles",0,,
"2777","Diesel","Passenger Vehicles",1268,,
,,"Light Commercial Vehicles",1156,,
,"Electric","Passenger Vehicles",3,,
,,"Light Commercial Vehicles",0,,
,"Petrol leaded","Passenger Vehicles",163,,
,,"Light Commercial Vehicles",27,,
,"Petrol unleaded","Passenger Vehicles",9456,,
,,"Light Commercial Vehicles",598,,
,"LPG/Other gases","Passenger Vehicles",28,,
,,"Light Commercial Vehicles",25,,
,"Dual fuel","Passenger Vehicles",80,,
,,"Light Commercial Vehicles",31,,
,"Other","Passenger Vehicles",56,,
,,"Light Commercial Vehicles",0,,
,"Unknown","Passenger Vehicles",6,,
,,"Light Commercial Vehicles",5,,
"2778","Diesel","Passenger Vehicles",177,,
,,"Light Commercial Vehicles",152,,
,"Electric","Passenger Vehicles",0,,
,,"Light Commercial Vehicles",0,,
,"Petrol leaded","Passenger Vehicles",26,,
,,"Light Commercial Vehicles",5,,
,"Petrol unleaded","Passenger Vehicles",1311,,
,,"Light Commercial Vehicles",92,,
,"LPG/Other gases","Passenger Vehicles",5,,
,,"Light Commercial Vehicles",5,,
,"Dual fuel","Passenger Vehicles",16,,
,,"Light Commercial Vehicles",7,,
,"Other","Passenger Vehicles",4,,
,,"Light Commercial Vehicles",0,,
,"Unknown","Passenger Vehicles",5,,
,,"Light Commercial Vehicles",0,,
"2779","Diesel","Passenger Vehicles",304,,
,,"Light Commercial Vehicles",276,,
,"Electric","Passenger Vehicles",3,,
,,"Light Commercial Vehicles",0,,
,"Petrol leaded","Passenger Vehicles",32,,
,,"Light Commercial Vehicles",8,,
,"Petrol unleaded","Passenger Vehicles",2496,,
,,"Light Commercial Vehicles",158,,
,"LPG/Other gases","Passenger Vehicles",7,,
,,"Light Commercial Vehicles",9,,
,"Dual fuel","Passenger Vehicles",32,,
,,"Light Commercial Vehicles",15,,
,"Other","Passenger Vehicles",17,,
,,"Light Commercial Vehicles",0,,
,"Unknown","Passenger Vehicles",3,,
,,"Light Commercial Vehicles",0,,
"2780","Diesel","Passenger Vehicles",717,,
,,"Light Commercial Vehicles",763,,
,"Electric","Passenger Vehicles",3,,
,,"Light Commercial Vehicles",0,,
,"Petrol leaded","Passenger Vehicles",111,,
,,"Light Commercial Vehicles",35,,
,"Petrol unleaded","Passenger Vehicles",6584,,
,,"Light Commercial Vehicles",548,,
,"LPG/Other gases","Passenger Vehicles",31,,
,,"Light Commercial Vehicles",8,,
,"Dual fuel","Passenger Vehicles",59,,
,,"Light Commercial Vehicles",32,,
,"Other","Passenger Vehicles",56,,
,,"Light Commercial Vehicles",0,,
,"Unknown","Passenger Vehicles",10,,
,,"Light Commercial Vehicles",0,,
"2782","Diesel","Passenger Vehicles",416,,
,,"Light Commercial Vehicles",325,,
,"Electric","Passenger Vehicles",3,,
,,"Light Commercial Vehicles",0,,
,"Petrol leaded","Passenger Vehicles",45,,
,,"Light Commercial Vehicles",14,,
,"Petrol unleaded","Passenger Vehicles",3273,,
,,"Light Commercial Vehicles",216,,
,"LPG/Other gases","Passenger Vehicles",10,,
,,"Light Commercial Vehicles",3,,
,"Dual fuel","Passenger Vehicles",22,,
,,"Light Commercial Vehicles",11,,
,"Other","Passenger Vehicles",37,,
,,"Light Commercial Vehicles",0,,
,"Unknown","Passenger Vehicles",0,,
,,"Light Commercial Vehicles",0,,
"2783","Diesel","Passenger Vehicles",180,,
,,"Light Commercial Vehicles",182,,
,"Electric","Passenger Vehicles",0,,
,,"Light Commercial Vehicles",0,,
,"Petrol leaded","Passenger Vehicles",16,,
,,"Light Commercial Vehicles",12,,
,"Petrol unleaded","Passenger Vehicles",1452,,
,,"Light Commercial Vehicles",147,,
,"LPG/Other gases","Passenger Vehicles",4,,
,,"Light Commercial Vehicles",12,,
,"Dual fuel","Passenger Vehicles",10,,
,,"Light Commercial Vehicles",11,,
,"Other","Passenger Vehicles",9,,
,,"Light Commercial Vehicles",0,,
,"Unknown","Passenger Vehicles",3,,
,,"Light Commercial Vehicles",0,,
"2784","Diesel","Passenger Vehicles",88,,
,,"Light Commercial Vehicles",83,,
,"Electric","Passenger Vehicles",0,,
,,"Light Commercial Vehicles",0,,
,"Petrol leaded","Passenger Vehicles",5,,
,,"Light Commercial Vehicles",3,,
,"Petrol unleaded","Passenger Vehicles",632,,
,,"Light Commercial Vehicles",53,,
,"LPG/Other gases","Passenger Vehicles",0,,
,,"Light Commercial Vehicles",4,,
,"Dual fuel","Passenger Vehicles",3,,
,,"Light Commercial Vehicles",9,,
,"Other","Passenger Vehicles",3,,
,,"Light Commercial Vehicles",0,,
,"Unknown","Passenger Vehicles",3,,
,,"Light Commercial Vehicles",0,,
"2785","Diesel","Passenger Vehicles",336,,
,,"Light Commercial Vehicles",324,,
,"Electric","Passenger Vehicles",0,,
,,"Light Commercial Vehicles",0,,
,"Petrol leaded","Passenger Vehicles",41,,
,,"Light Commercial Vehicles",13,,
,"Petrol unleaded","Passenger Vehicles",2353,,
,,"Light Commercial Vehicles",218,,
,"LPG/Other gases","Passenger Vehicles",5,,
,,"Light Commercial Vehicles",11,,
,"Dual fuel","Passenger Vehicles",18,,
,,"Light Commercial Vehicles",6,,
,"Other","Passenger Vehicles",14,,
,,"Light Commercial Vehicles",0,,
,"Unknown","Passenger Vehicles",4,,
,,"Light Commercial Vehicles",0,,
"2786","Diesel","Passenger Vehicles",93,,
,,"Light Commercial Vehicles",119,,
,"Electric","Passenger Vehicles",0,,
,,"Light Commercial Vehicles",0,,
,"Petrol leaded","Passenger Vehicles",13,,
,,"Light Commercial Vehicles",3,,
,"Petrol unleaded","Passenger Vehicles",625,,
,,"Light Commercial Vehicles",69,,
,"LPG/Other gases","Passenger Vehicles",0,,
,,"Light Commercial Vehicles",0,,
,"Dual fuel","Passenger Vehicles",8,,
,,"Light Commercial Vehicles",4,,
,"Other","Passenger Vehicles",3,,
,,"Light Commercial Vehicles",0,,
,"Unknown","Passenger Vehicles",3,,
,,"Light Commercial Vehicles",0,,
"2787","Diesel","Passenger Vehicles",469,,
,,"Light Commercial Vehicles",1159,,
,"Electric","Passenger Vehicles",0,,
,,"Light Commercial Vehicles",0,,
,"Petrol leaded","Passenger Vehicles",50,,
,,"Light Commercial Vehicles",37,,
,"Petrol unleaded","Passenger Vehicles",1925,,
,,"Light Commercial Vehicles",364,,
,"LPG/Other gases","Passenger Vehicles",7,,
,,"Light Commercial Vehicles",3,,
,"Dual fuel","Passenger Vehicles",16,,
,,"Light Commercial Vehicles",20,,
,"Other","Passenger Vehicles",7,,
,,"Light Commercial Vehicles",0,,
,"Unknown","Passenger Vehicles",3,,
,,"Light Commercial Vehicles",0,,
"2790","Diesel","Passenger Vehicles",1179,,
,,"Light Commercial Vehicles",2394,,
,"Electric","Passenger Vehicles",3,,
,,"Light Commercial Vehicles",0,,
,"Petrol leaded","Passenger Vehicles",160,,
,,"Light Commercial Vehicles",85,,
,"Petrol unleaded","Passenger Vehicles",7103,,
,,"Light Commercial Vehicles",1142,,
,"LPG/Other gases","Passenger Vehicles",21,,
,,"Light Commercial Vehicles",18,,
,"Dual fuel","Passenger Vehicles",59,,
,,"Light Commercial Vehicles",67,,
,"Other","Passenger Vehicles",44,,
,,"Light Commercial Vehicles",0,,
,"Unknown","Passenger Vehicles",0,,
,,"Light Commercial Vehicles",3,,
"2791","Diesel","Passenger Vehicles",46,,
,,"Light Commercial Vehicles",87,,
,"Electric","Passenger Vehicles",0,,
,,"Light Commercial Vehicles",0,,
,"Petrol leaded","Passenger Vehicles",9,,
,,"Light Commercial Vehicles",0,,
,"Petrol unleaded","Passenger Vehicles",132,,
,,"Light Commercial Vehicles",16,,
,"LPG/Other gases","Passenger Vehicles",0,,
,,"Light Commercial Vehicles",0,,
,"Dual fuel","Passenger Vehicles",0,,
,,"Light Commercial Vehicles",0,,
,"Other","Passenger Vehicles",0,,
,,"Light Commercial Vehicles",0,,
,"Unknown","Passenger Vehicles",0,,
,,"Light Commercial Vehicles",0,,
"2792","Diesel","Passenger Vehicles",52,,
,,"Light Commercial Vehicles",107,,
,"Electric","Passenger Vehicles",0,,
,,"Light Commercial Vehicles",0,,
,"Petrol leaded","Passenger Vehicles",3,,
,,"Light Commercial Vehicles",3,,
,"Petrol unleaded","Passenger Vehicles",154,,
,,"Light Commercial Vehicles",35,,
,"LPG/Other gases","Passenger Vehicles",0,,
,,"Light Commercial Vehicles",0,,
,"Dual fuel","Passenger Vehicles",0,,
,,"Light Commercial Vehicles",0,,
,"Other","Passenger Vehicles",3,,
,,"Light Commercial Vehicles",0,,
,"Unknown","Passenger Vehicles",3,,
,,"Light Commercial Vehicles",0,,
"2793","Diesel","Passenger Vehicles",115,,
,,"Light Commercial Vehicles",268,,
,"Electric","Passenger Vehicles",0,,
,,"Light Commercial Vehicles",0,,
,"Petrol leaded","Passenger Vehicles",12,,
,,"Light Commercial Vehicles",9,,
,"Petrol unleaded","Passenger Vehicles",469,,
,,"Light Commercial Vehicles",132,,
,"LPG/Other gases","Passenger Vehicles",0,,
,,"Light Commercial Vehicles",8,,
,"Dual fuel","Passenger Vehicles",6,,
,,"Light Commercial Vehicles",15,,
,"Other","Passenger Vehicles",3,,
,,"Light Commercial Vehicles",0,,
,"Unknown","Passenger Vehicles",0,,
,,"Light Commercial Vehicles",0,,
"2794","Diesel","Passenger Vehicles",776,,
,,"Light Commercial Vehicles",1868,,
,"Electric","Passenger Vehicles",0,,
,,"Light Commercial Vehicles",0,,
,"Petrol leaded","Passenger Vehicles",69,,
,,"Light Commercial Vehicles",49,,
,"Petrol unleaded","Passenger Vehicles",4596,,
,,"Light Commercial Vehicles",832,,
,"LPG/Other gases","Passenger Vehicles",18,,
,,"Light Commercial Vehicles",17,,
,"Dual fuel","Passenger Vehicles",33,,
,,"Light Commercial Vehicles",35,,
,"Other","Passenger Vehicles",10,,
,,"Light Commercial Vehicles",0,,
,"Unknown","Passenger Vehicles",7,,
,,"Light Commercial Vehicles",0,,
"2795","Diesel","Passenger Vehicles",3598,,
,,"Light Commercial Vehicles",6633,,
,"Electric","Passenger Vehicles",3,,
,,"Light Commercial Vehicles",0,,
,"Petrol leaded","Passenger Vehicles",369,,
,,"Light Commercial Vehicles",192,,
,"Petrol unleaded","Passenger Vehicles",19698,,
,,"Light Commercial Vehicles",2847,,
,"LPG/Other gases","Passenger Vehicles",38,,
,,"Light Commercial Vehicles",63,,
,"Dual fuel","Passenger Vehicles",124,,
,,"Light Commercial Vehicles",136,,
,"Other","Passenger Vehicles",81,,
,,"Light Commercial Vehicles",0,,
,"Unknown","Passenger Vehicles",22,,
,,"Light Commercial Vehicles",3,,
"2797","Diesel","Passenger Vehicles",53,,
,,"Light Commercial Vehicles",127,,
,"Electric","Passenger Vehicles",0,,
,,"Light Commercial Vehicles",0,,
,"Petrol leaded","Passenger Vehicles",3,,
,,"Light Commercial Vehicles",3,,
,"Petrol unleaded","Passenger Vehicles",184,,
,,"Light Commercial Vehicles",37,,
,"LPG/Other gases","Passenger Vehicles",3,,
,,"Light Commercial Vehicles",0,,
,"Dual fuel","Passenger Vehicles",3,,
,,"Light Commercial Vehicles",0,,
,"Other","Passenger Vehicles",0,,
,,"Light Commercial Vehicles",0,,
,"Unknown","Passenger Vehicles",0,,
,,"Light Commercial Vehicles",0,,
"2798","Diesel","Passenger Vehicles",317,,
,,"Light Commercial Vehicles",466,,
,"Electric","Passenger Vehicles",0,,
,,"Light Commercial Vehicles",0,,
,"Petrol leaded","Passenger Vehicles",31,,
,,"Light Commercial Vehicles",7,,
,"Petrol unleaded","Passenger Vehicles",836,,
,,"Light Commercial Vehicles",152,,
,"LPG/Other gases","Passenger Vehicles",4,,
,,"Light Commercial Vehicles",0,,
,"Dual fuel","Passenger Vehicles",5,,
,,"Light Commercial Vehicles",7,,
,"Other","Passenger Vehicles",3,,
,,"Light Commercial Vehicles",0,,
,"Unknown","Passenger Vehicles",0,,
,,"Light Commercial Vehicles",0,,
"2799","Diesel","Passenger Vehicles",406,,
,,"Light Commercial Vehicles",898,,
,"Electric","Passenger Vehicles",0,,
,,"Light Commercial Vehicles",0,,
,"Petrol leaded","Passenger Vehicles",38,,
,,"Light Commercial Vehicles",19,,
,"Petrol unleaded","Passenger Vehicles",1800,,
,,"Light Commercial Vehicles",312,,
,"LPG/Other gases","Passenger Vehicles",3,,
,,"Light Commercial Vehicles",3,,
,"Dual fuel","Passenger Vehicles",5,,
,,"Light Commercial Vehicles",5,,
,"Other","Passenger Vehicles",0,,
,,"Light Commercial Vehicles",0,,
,"Unknown","Passenger Vehicles",3,,
,,"Light Commercial Vehicles",3,,
"2800","Diesel","Passenger Vehicles",4396,,
,,"Light Commercial Vehicles",6993,,
,"Electric","Passenger Vehicles",3,,
,,"Light Commercial Vehicles",3,,
,"Petrol leaded","Passenger Vehicles",377,,
,,"Light Commercial Vehicles",183,,
,"Petrol unleaded","Passenger Vehicles",21059,,
,,"Light Commercial Vehicles",2622,,
,"LPG/Other gases","Passenger Vehicles",19,,
,,"Light Commercial Vehicles",48,,
,"Dual fuel","Passenger Vehicles",95,,
,,"Light Commercial Vehicles",106,,
,"Other","Passenger Vehicles",125,,
,,"Light Commercial Vehicles",0,,
,"Unknown","Passenger Vehicles",18,,
,,"Light Commercial Vehicles",3,,
"2803","Diesel","Passenger Vehicles",42,,
,,"Light Commercial Vehicles",122,,
,"Electric","Passenger Vehicles",0,,
,,"Light Commercial Vehicles",0,,
,"Petrol leaded","Passenger Vehicles",0,,
,,"Light Commercial Vehicles",0,,
,"Petrol unleaded","Passenger Vehicles",134,,
,,"Light Commercial Vehicles",45,,
,"LPG/Other gases","Passenger Vehicles",0,,
,,"Light Commercial Vehicles",0,,
,"Dual fuel","Passenger Vehicles",0,,
,,"Light Commercial Vehicles",3,,
,"Other","Passenger Vehicles",3,,
,,"Light Commercial Vehicles",0,,
,"Unknown","Passenger Vehicles",0,,
,,"Light Commercial Vehicles",0,,
"2804","Diesel","Passenger Vehicles",285,,
,,"Light Commercial Vehicles",599,,
,"Electric","Passenger Vehicles",0,,
,,"Light Commercial Vehicles",0,,
,"Petrol leaded","Passenger Vehicles",33,,
,,"Light Commercial Vehicles",25,,
,"Petrol unleaded","Passenger Vehicles",1080,,
,,"Light Commercial Vehicles",224,,
,"LPG/Other gases","Passenger Vehicles",0,,
,,"Light Commercial Vehicles",5,,
,"Dual fuel","Passenger Vehicles",17,,
,,"Light Commercial Vehicles",17,,
,"Other","Passenger Vehicles",0,,
,,"Light Commercial Vehicles",0,,
,"Unknown","Passenger Vehicles",0,,
,,"Light Commercial Vehicles",3,,
"2805","Diesel","Passenger Vehicles",54,,
,,"Light Commercial Vehicles",155,,
,"Electric","Passenger Vehicles",0,,
,,"Light Commercial Vehicles",0,,
,"Petrol leaded","Passenger Vehicles",3,,
,,"Light Commercial Vehicles",9,,
,"Petrol unleaded","Passenger Vehicles",187,,
,,"Light Commercial Vehicles",34,,
,"LPG/Other gases","Passenger Vehicles",0,,
,,"Light Commercial Vehicles",3,,
,"Dual fuel","Passenger Vehicles",5,,
,,"Light Commercial Vehicles",5,,
,"Other","Passenger Vehicles",0,,
,,"Light Commercial Vehicles",0,,
,"Unknown","Passenger Vehicles",0,,
,,"Light Commercial Vehicles",0,,
"2806","Diesel","Passenger Vehicles",88,,
,,"Light Commercial Vehicles",245,,
,"Electric","Passenger Vehicles",0,,
,,"Light Commercial Vehicles",0,,
,"Petrol leaded","Passenger Vehicles",7,,
,,"Light Commercial Vehicles",11,,
,"Petrol unleaded","Passenger Vehicles",306,,
,,"Light Commercial Vehicles",79,,
,"LPG/Other gases","Passenger Vehicles",0,,
,,"Light Commercial Vehicles",0,,
,"Dual fuel","Passenger Vehicles",0,,
,,"Light Commercial Vehicles",3,,
,"Other","Passenger Vehicles",0,,
,,"Light Commercial Vehicles",0,,
,"Unknown","Passenger Vehicles",0,,
,,"Light Commercial Vehicles",0,,
"2807","Diesel","Passenger Vehicles",38,,
,,"Light Commercial Vehicles",95,,
,"Electric","Passenger Vehicles",0,,
,,"Light Commercial Vehicles",0,,
,"Petrol leaded","Passenger Vehicles",8,,
,,"Light Commercial Vehicles",3,,
,"Petrol unleaded","Passenger Vehicles",204,,
,,"Light Commercial Vehicles",51,,
,"LPG/Other gases","Passenger Vehicles",0,,
,,"Light Commercial Vehicles",0,,
,"Dual fuel","Passenger Vehicles",9,,
,,"Light Commercial Vehicles",0,,
,"Other","Passenger Vehicles",0,,
,,"Light Commercial Vehicles",0,,
,"Unknown","Passenger Vehicles",0,,
,,"Light Commercial Vehicles",0,,
"2808","Diesel","Passenger Vehicles",20,,
,,"Light Commercial Vehicles",49,,
,"Electric","Passenger Vehicles",0,,
,,"Light Commercial Vehicles",0,,
,"Petrol leaded","Passenger Vehicles",3,,
,,"Light Commercial Vehicles",3,,
,"Petrol unleaded","Passenger Vehicles",74,,
,,"Light Commercial Vehicles",33,,
,"LPG/Other gases","Passenger Vehicles",0,,
,,"Light Commercial Vehicles",0,,
,"Dual fuel","Passenger Vehicles",0,,
,,"Light Commercial Vehicles",3,,
,"Other","Passenger Vehicles",0,,
,,"Light Commercial Vehicles",0,,
,"Unknown","Passenger Vehicles",0,,
,,"Light Commercial Vehicles",0,,
"2809","Diesel","Passenger Vehicles",28,,
,,"Light Commercial Vehicles",72,,
,"Electric","Passenger Vehicles",0,,
,,"Light Commercial Vehicles",0,,
,"Petrol leaded","Passenger Vehicles",5,,
,,"Light Commercial Vehicles",3,,
,"Petrol unleaded","Passenger Vehicles",104,,
,,"Light Commercial Vehicles",29,,
,"LPG/Other gases","Passenger Vehicles",3,,
,,"Light Commercial Vehicles",0,,
,"Dual fuel","Passenger Vehicles",3,,
,,"Light Commercial Vehicles",0,,
,"Other","Passenger Vehicles",0,,
,,"Light Commercial Vehicles",0,,
,"Unknown","Passenger Vehicles",0,,
,,"Light Commercial Vehicles",0,,
"2810","Diesel","Passenger Vehicles",336,,
,,"Light Commercial Vehicles",730,,
,"Electric","Passenger Vehicles",0,,
,,"Light Commercial Vehicles",0,,
,"Petrol leaded","Passenger Vehicles",27,,
,,"Light Commercial Vehicles",25,,
,"Petrol unleaded","Passenger Vehicles",1281,,
,,"Light Commercial Vehicles",257,,
,"LPG/Other gases","Passenger Vehicles",3,,
,,"Light Commercial Vehicles",3,,
,"Dual fuel","Passenger Vehicles",8,,
,,"Light Commercial Vehicles",3,,
,"Other","Passenger Vehicles",3,,
,,"Light Commercial Vehicles",0,,
,"Unknown","Passenger Vehicles",0,,
,,"Light Commercial Vehicles",0,,
"2817","Diesel","Passenger Vehicles",22,,
,,"Light Commercial Vehicles",32,,
,"Electric","Passenger Vehicles",0,,
,,"Light Commercial Vehicles",0,,
,"Petrol leaded","Passenger Vehicles",0,,
,,"Light Commercial Vehicles",0,,
,"Petrol unleaded","Passenger Vehicles",40,,
,,"Light Commercial Vehicles",11,,
,"LPG/Other gases","Passenger Vehicles",0,,
,,"Light Commercial Vehicles",0,,
,"Dual fuel","Passenger Vehicles",0,,
,,"Light Commercial Vehicles",0,,
,"Other","Passenger Vehicles",0,,
,,"Light Commercial Vehicles",0,,
,"Unknown","Passenger Vehicles",0,,
,,"Light Commercial Vehicles",0,,
"2818","Diesel","Passenger Vehicles",66,,
,,"Light Commercial Vehicles",172,,
,"Electric","Passenger Vehicles",0,,
,,"Light Commercial Vehicles",0,,
,"Petrol leaded","Passenger Vehicles",5,,
,,"Light Commercial Vehicles",3,,
,"Petrol unleaded","Passenger Vehicles",231,,
,,"Light Commercial Vehicles",64,,
,"LPG/Other gases","Passenger Vehicles",0,,
,,"Light Commercial Vehicles",0,,
,"Dual fuel","Passenger Vehicles",0,,
,,"Light Commercial Vehicles",3,,
,"Other","Passenger Vehicles",0,,
,,"Light Commercial Vehicles",0,,
,"Unknown","Passenger Vehicles",3,,
,,"Light Commercial Vehicles",0,,
"2820","Diesel","Passenger Vehicles",531,,
,,"Light Commercial Vehicles",1160,,
,"Electric","Passenger Vehicles",0,,
,,"Light Commercial Vehicles",0,,
,"Petrol leaded","Passenger Vehicles",48,,
,,"Light Commercial Vehicles",40,,
,"Petrol unleaded","Passenger Vehicles",2721,,
,,"Light Commercial Vehicles",464,,
,"LPG/Other gases","Passenger Vehicles",5,,
,,"Light Commercial Vehicles",17,,
,"Dual fuel","Passenger Vehicles",30,,
,,"Light Commercial Vehicles",20,,
,"Other","Passenger Vehicles",6,,
,,"Light Commercial Vehicles",0,,
,"Unknown","Passenger Vehicles",8,,
,,"Light Commercial Vehicles",0,,
"2821","Diesel","Passenger Vehicles",516,,
,,"Light Commercial Vehicles",1044,,
,"Electric","Passenger Vehicles",0,,
,,"Light Commercial Vehicles",0,,
,"Petrol leaded","Passenger Vehicles",21,,
,,"Light Commercial Vehicles",23,,
,"Petrol unleaded","Passenger Vehicles",1744,,
,,"Light Commercial Vehicles",343,,
,"LPG/Other gases","Passenger Vehicles",3,,
,,"Light Commercial Vehicles",3,,
,"Dual fuel","Passenger Vehicles",9,,
,,"Light Commercial Vehicles",17,,
,"Other","Passenger Vehicles",6,,
,,"Light Commercial Vehicles",0,,
,"Unknown","Passenger Vehicles",3,,
,,"Light Commercial Vehicles",0,,
"2822","Diesel","Passenger Vehicles",37,,
,,"Light Commercial Vehicles",59,,
,"Electric","Passenger Vehicles",0,,
,,"Light Commercial Vehicles",0,,
,"Petrol leaded","Passenger Vehicles",0,,
,,"Light Commercial Vehicles",0,,
,"Petrol unleaded","Passenger Vehicles",72,,
,,"Light Commercial Vehicles",20,,
,"LPG/Other gases","Passenger Vehicles",0,,
,,"Light Commercial Vehicles",0,,
,"Dual fuel","Passenger Vehicles",0,,
,,"Light Commercial Vehicles",0,,
,"Other","Passenger Vehicles",0,,
,,"Light Commercial Vehicles",0,,
,"Unknown","Passenger Vehicles",0,,
,,"Light Commercial Vehicles",0,,
"2823","Diesel","Passenger Vehicles",186,,
,,"Light Commercial Vehicles",386,,
,"Electric","Passenger Vehicles",0,,
,,"Light Commercial Vehicles",0,,
,"Petrol leaded","Passenger Vehicles",9,,
,,"Light Commercial Vehicles",8,,
,"Petrol unleaded","Passenger Vehicles",479,,
,,"Light Commercial Vehicles",121,,
,"LPG/Other gases","Passenger Vehicles",0,,
,,"Light Commercial Vehicles",0,,
,"Dual fuel","Passenger Vehicles",0,,
,,"Light Commercial Vehicles",3,,
,"Other","Passenger Vehicles",0,,
,,"Light Commercial Vehicles",0,,
,"Unknown","Passenger Vehicles",3,,
,,"Light Commercial Vehicles",0,,
"2824","Diesel","Passenger Vehicles",288,,
,,"Light Commercial Vehicles",693,,
,"Electric","Passenger Vehicles",0,,
,,"Light Commercial Vehicles",0,,
,"Petrol leaded","Passenger Vehicles",8,,
,,"Light Commercial Vehicles",16,,
,"Petrol unleaded","Passenger Vehicles",720,,
,,"Light Commercial Vehicles",204,,
,"LPG/Other gases","Passenger Vehicles",0,,
,,"Light Commercial Vehicles",0,,
,"Dual fuel","Passenger Vehicles",3,,
,,"Light Commercial Vehicles",3,,
,"Other","Passenger Vehicles",3,,
,,"Light Commercial Vehicles",0,,
,"Unknown","Passenger Vehicles",3,,
,,"Light Commercial Vehicles",3,,
"2825","Diesel","Passenger Vehicles",265,,
,,"Light Commercial Vehicles",629,,
,"Electric","Passenger Vehicles",0,,
,,"Light Commercial Vehicles",0,,
,"Petrol leaded","Passenger Vehicles",11,,
,,"Light Commercial Vehicles",3,,
,"Petrol unleaded","Passenger Vehicles",849,,
,,"Light Commercial Vehicles",176,,
,"LPG/Other gases","Passenger Vehicles",0,,
,,"Light Commercial Vehicles",0,,
,"Dual fuel","Passenger Vehicles",5,,
,,"Light Commercial Vehicles",5,,
,"Other","Passenger Vehicles",0,,
,,"Light Commercial Vehicles",0,,
,"Unknown","Passenger Vehicles",3,,
,,"Light Commercial Vehicles",3,,
"2826","Diesel","Passenger Vehicles",23,,
,,"Light Commercial Vehicles",30,,
,"Electric","Passenger Vehicles",0,,
,,"Light Commercial Vehicles",0,,
,"Petrol leaded","Passenger Vehicles",0,,
,,"Light Commercial Vehicles",3,,
,"Petrol unleaded","Passenger Vehicles",32,,
,,"Light Commercial Vehicles",7,,
,"LPG/Other gases","Passenger Vehicles",0,,
,,"Light Commercial Vehicles",0,,
,"Dual fuel","Passenger Vehicles",0,,
,,"Light Commercial Vehicles",0,,
,"Other","Passenger Vehicles",0,,
,,"Light Commercial Vehicles",0,,
,"Unknown","Passenger Vehicles",0,,
,,"Light Commercial Vehicles",0,,
"2827","Diesel","Passenger Vehicles",331,,
,,"Light Commercial Vehicles",780,,
,"Electric","Passenger Vehicles",0,,
,,"Light Commercial Vehicles",0,,
,"Petrol leaded","Passenger Vehicles",15,,
,,"Light Commercial Vehicles",26,,
,"Petrol unleaded","Passenger Vehicles",1386,,
,,"Light Commercial Vehicles",289,,
,"LPG/Other gases","Passenger Vehicles",0,,
,,"Light Commercial Vehicles",5,,
,"Dual fuel","Passenger Vehicles",9,,
,,"Light Commercial Vehicles",11,,
,"Other","Passenger Vehicles",8,,
,,"Light Commercial Vehicles",0,,
,"Unknown","Passenger Vehicles",0,,
,,"Light Commercial Vehicles",0,,
"2828","Diesel","Passenger Vehicles",84,,
,,"Light Commercial Vehicles",219,,
,"Electric","Passenger Vehicles",0,,
,,"Light Commercial Vehicles",0,,
,"Petrol leaded","Passenger Vehicles",3,,
,,"Light Commercial Vehicles",9,,
,"Petrol unleaded","Passenger Vehicles",226,,
,,"Light Commercial Vehicles",43,,
,"LPG/Other gases","Passenger Vehicles",3,,
,,"Light Commercial Vehicles",0,,
,"Dual fuel","Passenger Vehicles",0,,
,,"Light Commercial Vehicles",3,,
,"Other","Passenger Vehicles",3,,
,,"Light Commercial Vehicles",0,,
,"Unknown","Passenger Vehicles",3,,
,,"Light Commercial Vehicles",0,,
"2829","Diesel","Passenger Vehicles",341,,
,,"Light Commercial Vehicles",723,,
,"Electric","Passenger Vehicles",0,,
,,"Light Commercial Vehicles",0,,
,"Petrol leaded","Passenger Vehicles",8,,
,,"Light Commercial Vehicles",9,,
,"Petrol unleaded","Passenger Vehicles",1032,,
,,"Light Commercial Vehicles",215,,
,"LPG/Other gases","Passenger Vehicles",3,,
,,"Light Commercial Vehicles",0,,
,"Dual fuel","Passenger Vehicles",15,,
,,"Light Commercial Vehicles",6,,
,"Other","Passenger Vehicles",3,,
,,"Light Commercial Vehicles",0,,
,"Unknown","Passenger Vehicles",3,,
,,"Light Commercial Vehicles",0,,
"2830","Diesel","Passenger Vehicles",3695,,
,,"Light Commercial Vehicles",6928,,
,"Electric","Passenger Vehicles",3,,
,,"Light Commercial Vehicles",0,,
,"Petrol leaded","Passenger Vehicles",255,,
,,"Light Commercial Vehicles",130,,
,"Petrol unleaded","Passenger Vehicles",18672,,
,,"Light Commercial Vehicles",2604,,
,"LPG/Other gases","Passenger Vehicles",21,,
,,"Light Commercial Vehicles",33,,
,"Dual fuel","Passenger Vehicles",108,,
,,"Light Commercial Vehicles",81,,
,"Other","Passenger Vehicles",134,,
,,"Light Commercial Vehicles",0,,
,"Unknown","Passenger Vehicles",30,,
,,"Light Commercial Vehicles",8,,
"2831","Diesel","Passenger Vehicles",402,,
,,"Light Commercial Vehicles",816,,
,"Electric","Passenger Vehicles",0,,
,,"Light Commercial Vehicles",0,,
,"Petrol leaded","Passenger Vehicles",13,,
,,"Light Commercial Vehicles",20,,
,"Petrol unleaded","Passenger Vehicles",870,,
,,"Light Commercial Vehicles",243,,
,"LPG/Other gases","Passenger Vehicles",0,,
,,"Light Commercial Vehicles",0,,
,"Dual fuel","Passenger Vehicles",12,,
,,"Light Commercial Vehicles",6,,
,"Other","Passenger Vehicles",3,,
,,"Light Commercial Vehicles",0,,
,"Unknown","Passenger Vehicles",3,,
,,"Light Commercial Vehicles",0,,
"2832","Diesel","Passenger Vehicles",326,,
,,"Light Commercial Vehicles",547,,
,"Electric","Passenger Vehicles",0,,
,,"Light Commercial Vehicles",0,,
,"Petrol leaded","Passenger Vehicles",5,,
,,"Light Commercial Vehicles",9,,
,"Petrol unleaded","Passenger Vehicles",688,,
,,"Light Commercial Vehicles",150,,
,"LPG/Other gases","Passenger Vehicles",0,,
,,"Light Commercial Vehicles",3,,
,"Dual fuel","Passenger Vehicles",5,,
,,"Light Commercial Vehicles",6,,
,"Other","Passenger Vehicles",0,,
,,"Light Commercial Vehicles",0,,
,"Unknown","Passenger Vehicles",3,,
,,"Light Commercial Vehicles",0,,
"2833","Diesel","Passenger Vehicles",67,,
,,"Light Commercial Vehicles",123,,
,"Electric","Passenger Vehicles",0,,
,,"Light Commercial Vehicles",0,,
,"Petrol leaded","Passenger Vehicles",3,,
,,"Light Commercial Vehicles",0,,
,"Petrol unleaded","Passenger Vehicles",139,,
,,"Light Commercial Vehicles",21,,
,"LPG/Other gases","Passenger Vehicles",0,,
,,"Light Commercial Vehicles",0,,
,"Dual fuel","Passenger Vehicles",0,,
,,"Light Commercial Vehicles",3,,
,"Other","Passenger Vehicles",0,,
,,"Light Commercial Vehicles",0,,
,"Unknown","Passenger Vehicles",0,,
,,"Light Commercial Vehicles",0,,
"2834","Diesel","Passenger Vehicles",220,,
,,"Light Commercial Vehicles",414,,
,"Electric","Passenger Vehicles",0,,
,,"Light Commercial Vehicles",0,,
,"Petrol leaded","Passenger Vehicles",15,,
,,"Light Commercial Vehicles",16,,
,"Petrol unleaded","Passenger Vehicles",904,,
,,"Light Commercial Vehicles",230,,
,"LPG/Other gases","Passenger Vehicles",3,,
,,"Light Commercial Vehicles",6,,
,"Dual fuel","Passenger Vehicles",8,,
,,"Light Commercial Vehicles",22,,
,"Other","Passenger Vehicles",3,,
,,"Light Commercial Vehicles",0,,
,"Unknown","Passenger Vehicles",4,,
,,"Light Commercial Vehicles",3,,
"2835","Diesel","Passenger Vehicles",466,,
,,"Light Commercial Vehicles",1124,,
,"Electric","Passenger Vehicles",0,,
,,"Light Commercial Vehicles",0,,
,"Petrol leaded","Passenger Vehicles",15,,
,,"Light Commercial Vehicles",15,,
,"Petrol unleaded","Passenger Vehicles",1208,,
,,"Light Commercial Vehicles",290,,
,"LPG/Other gases","Passenger Vehicles",3,,
,,"Light Commercial Vehicles",0,,
,"Dual fuel","Passenger Vehicles",6,,
,,"Light Commercial Vehicles",9,,
,"Other","Passenger Vehicles",5,,
,,"Light Commercial Vehicles",0,,
,"Unknown","Passenger Vehicles",0,,
,,"Light Commercial Vehicles",0,,
"2836","Diesel","Passenger Vehicles",86,,
,,"Light Commercial Vehicles",164,,
,"Electric","Passenger Vehicles",0,,
,,"Light Commercial Vehicles",0,,
,"Petrol leaded","Passenger Vehicles",3,,
,,"Light Commercial Vehicles",3,,
,"Petrol unleaded","Passenger Vehicles",143,,
,,"Light Commercial Vehicles",37,,
,"LPG/Other gases","Passenger Vehicles",0,,
,,"Light Commercial Vehicles",0,,
,"Dual fuel","Passenger Vehicles",4,,
,,"Light Commercial Vehicles",5,,
,"Other","Passenger Vehicles",0,,
,,"Light Commercial Vehicles",0,,
,"Unknown","Passenger Vehicles",0,,
,,"Light Commercial Vehicles",0,,
"2838","Diesel","Passenger Vehicles",13,,
,,"Light Commercial Vehicles",20,,
,"Electric","Passenger Vehicles",0,,
,,"Light Commercial Vehicles",0,,
,"Petrol leaded","Passenger Vehicles",0,,
,,"Light Commercial Vehicles",0,,
,"Petrol unleaded","Passenger Vehicles",42,,
,,"Light Commercial Vehicles",4,,
,"LPG/Other gases","Passenger Vehicles",0,,
,,"Light Commercial Vehicles",0,,
,"Dual fuel","Passenger Vehicles",0,,
,,"Light Commercial Vehicles",0,,
,"Other","Passenger Vehicles",0,,
,,"Light Commercial Vehicles",0,,
,"Unknown","Passenger Vehicles",0,,
,,"Light Commercial Vehicles",0,,
"2839","Diesel","Passenger Vehicles",112,,
,,"Light Commercial Vehicles",223,,
,"Electric","Passenger Vehicles",0,,
,,"Light Commercial Vehicles",0,,
,"Petrol leaded","Passenger Vehicles",3,,
,,"Light Commercial Vehicles",3,,
,"Petrol unleaded","Passenger Vehicles",285,,
,,"Light Commercial Vehicles",62,,
,"LPG/Other gases","Passenger Vehicles",0,,
,,"Light Commercial Vehicles",0,,
,"Dual fuel","Passenger Vehicles",4,,
,,"Light Commercial Vehicles",5,,
,"Other","Passenger Vehicles",3,,
,,"Light Commercial Vehicles",0,,
,"Unknown","Passenger Vehicles",3,,
,,"Light Commercial Vehicles",0,,
"2840","Diesel","Passenger Vehicles",332,,
,,"Light Commercial Vehicles",574,,
,"Electric","Passenger Vehicles",0,,
,,"Light Commercial Vehicles",0,,
,"Petrol leaded","Passenger Vehicles",4,,
,,"Light Commercial Vehicles",14,,
,"Petrol unleaded","Passenger Vehicles",738,,
,,"Light Commercial Vehicles",154,,
,"LPG/Other gases","Passenger Vehicles",0,,
,,"Light Commercial Vehicles",0,,
,"Dual fuel","Passenger Vehicles",10,,
,,"Light Commercial Vehicles",6,,
,"Other","Passenger Vehicles",9,,
,,"Light Commercial Vehicles",0,,
,"Unknown","Passenger Vehicles",3,,
,,"Light Commercial Vehicles",3,,
"2842","Diesel","Passenger Vehicles",65,,
,,"Light Commercial Vehicles",191,,
,"Electric","Passenger Vehicles",0,,
,,"Light Commercial Vehicles",0,,
,"Petrol leaded","Passenger Vehicles",3,,
,,"Light Commercial Vehicles",3,,
,"Petrol unleaded","Passenger Vehicles",242,,
,,"Light Commercial Vehicles",72,,
,"LPG/Other gases","Passenger Vehicles",4,,
,,"Light Commercial Vehicles",3,,
,"Dual fuel","Passenger Vehicles",3,,
,,"Light Commercial Vehicles",4,,
,"Other","Passenger Vehicles",3,,
,,"Light Commercial Vehicles",0,,
,"Unknown","Passenger Vehicles",0,,
,,"Light Commercial Vehicles",0,,
"2843","Diesel","Passenger Vehicles",184,,
,,"Light Commercial Vehicles",371,,
,"Electric","Passenger Vehicles",0,,
,,"Light Commercial Vehicles",0,,
,"Petrol leaded","Passenger Vehicles",13,,
,,"Light Commercial Vehicles",13,,
,"Petrol unleaded","Passenger Vehicles",433,,
,,"Light Commercial Vehicles",79,,
,"LPG/Other gases","Passenger Vehicles",0,,
,,"Light Commercial Vehicles",0,,
,"Dual fuel","Passenger Vehicles",3,,
,,"Light Commercial Vehicles",9,,
,"Other","Passenger Vehicles",3,,
,,"Light Commercial Vehicles",0,,
,"Unknown","Passenger Vehicles",3,,
,,"Light Commercial Vehicles",0,,
"2844","Diesel","Passenger Vehicles",160,,
,,"Light Commercial Vehicles",332,,
,"Electric","Passenger Vehicles",0,,
,,"Light Commercial Vehicles",0,,
,"Petrol leaded","Passenger Vehicles",8,,
,,"Light Commercial Vehicles",22,,
,"Petrol unleaded","Passenger Vehicles",498,,
,,"Light Commercial Vehicles",127,,
,"LPG/Other gases","Passenger Vehicles",0,,
,,"Light Commercial Vehicles",0,,
,"Dual fuel","Passenger Vehicles",3,,
,,"Light Commercial Vehicles",3,,
,"Other","Passenger Vehicles",3,,
,,"Light Commercial Vehicles",0,,
,"Unknown","Passenger Vehicles",0,,
,,"Light Commercial Vehicles",0,,
"2845","Diesel","Passenger Vehicles",162,,
,,"Light Commercial Vehicles",373,,
,"Electric","Passenger Vehicles",0,,
,,"Light Commercial Vehicles",0,,
,"Petrol leaded","Passenger Vehicles",12,,
,,"Light Commercial Vehicles",9,,
,"Petrol unleaded","Passenger Vehicles",842,,
,,"Light Commercial Vehicles",149,,
,"LPG/Other gases","Passenger Vehicles",3,,
,,"Light Commercial Vehicles",0,,
,"Dual fuel","Passenger Vehicles",4,,
,,"Light Commercial Vehicles",10,,
,"Other","Passenger Vehicles",0,,
,,"Light Commercial Vehicles",0,,
,"Unknown","Passenger Vehicles",0,,
,,"Light Commercial Vehicles",0,,
"2846","Diesel","Passenger Vehicles",37,,
,,"Light Commercial Vehicles",94,,
,"Electric","Passenger Vehicles",0,,
,,"Light Commercial Vehicles",0,,
,"Petrol leaded","Passenger Vehicles",13,,
,,"Light Commercial Vehicles",11,,
,"Petrol unleaded","Passenger Vehicles",137,,
,,"Light Commercial Vehicles",53,,
,"LPG/Other gases","Passenger Vehicles",0,,
,,"Light Commercial Vehicles",0,,
,"Dual fuel","Passenger Vehicles",3,,
,,"Light Commercial Vehicles",6,,
,"Other","Passenger Vehicles",0,,
,,"Light Commercial Vehicles",0,,
,"Unknown","Passenger Vehicles",0,,
,,"Light Commercial Vehicles",0,,
"2847","Diesel","Passenger Vehicles",168,,
,,"Light Commercial Vehicles",482,,
,"Electric","Passenger Vehicles",0,,
,,"Light Commercial Vehicles",0,,
,"Petrol leaded","Passenger Vehicles",41,,
,,"Light Commercial Vehicles",19,,
,"Petrol unleaded","Passenger Vehicles",1071,,
,,"Light Commercial Vehicles",241,,
,"LPG/Other gases","Passenger Vehicles",3,,
,,"Light Commercial Vehicles",6,,
,"Dual fuel","Passenger Vehicles",23,,
,,"Light Commercial Vehicles",15,,
,"Other","Passenger Vehicles",4,,
,,"Light Commercial Vehicles",0,,
,"Unknown","Passenger Vehicles",0,,
,,"Light Commercial Vehicles",0,,
"2848","Diesel","Passenger Vehicles",87,,
,,"Light Commercial Vehicles",242,,
,"Electric","Passenger Vehicles",0,,
,,"Light Commercial Vehicles",0,,
,"Petrol leaded","Passenger Vehicles",29,,
,,"Light Commercial Vehicles",12,,
,"Petrol unleaded","Passenger Vehicles",759,,
,,"Light Commercial Vehicles",153,,
,"LPG/Other gases","Passenger Vehicles",0,,
,,"Light Commercial Vehicles",4,,
,"Dual fuel","Passenger Vehicles",8,,
,,"Light Commercial Vehicles",8,,
,"Other","Passenger Vehicles",3,,
,,"Light Commercial Vehicles",0,,
,"Unknown","Passenger Vehicles",0,,
,,"Light Commercial Vehicles",0,,
"2849","Diesel","Passenger Vehicles",198,,
,,"Light Commercial Vehicles",502,,
,"Electric","Passenger Vehicles",0,,
,,"Light Commercial Vehicles",0,,
,"Petrol leaded","Passenger Vehicles",24,,
,,"Light Commercial Vehicles",16,,
,"Petrol unleaded","Passenger Vehicles",640,,
,,"Light Commercial Vehicles",181,,
,"LPG/Other gases","Passenger Vehicles",0,,
,,"Light Commercial Vehicles",0,,
,"Dual fuel","Passenger Vehicles",8,,
,,"Light Commercial Vehicles",7,,
,"Other","Passenger Vehicles",0,,
,,"Light Commercial Vehicles",0,,
,"Unknown","Passenger Vehicles",0,,
,,"Light Commercial Vehicles",0,,
"2850","Diesel","Passenger Vehicles",2089,,
,,"Light Commercial Vehicles",4084,,
,"Electric","Passenger Vehicles",0,,
,,"Light Commercial Vehicles",0,,
,"Petrol leaded","Passenger Vehicles",180,,
,,"Light Commercial Vehicles",127,,
,"Petrol unleaded","Passenger Vehicles",7342,,
,,"Light Commercial Vehicles",1518,,
,"LPG/Other gases","Passenger Vehicles",11,,
,,"Light Commercial Vehicles",22,,
,"Dual fuel","Passenger Vehicles",79,,
,,"Light Commercial Vehicles",75,,
,"Other","Passenger Vehicles",27,,
,,"Light Commercial Vehicles",0,,
,"Unknown","Passenger Vehicles",3,,
,,"Light Commercial Vehicles",3,,
"2852","Diesel","Passenger Vehicles",379,,
,,"Light Commercial Vehicles",810,,
,"Electric","Passenger Vehicles",0,,
,,"Light Commercial Vehicles",0,,
,"Petrol leaded","Passenger Vehicles",22,,
,,"Light Commercial Vehicles",17,,
,"Petrol unleaded","Passenger Vehicles",1461,,
,,"Light Commercial Vehicles",346,,
,"LPG/Other gases","Passenger Vehicles",3,,
,,"Light Commercial Vehicles",5,,
,"Dual fuel","Passenger Vehicles",18,,
,,"Light Commercial Vehicles",7,,
,"Other","Passenger Vehicles",3,,
,,"Light Commercial Vehicles",0,,
,"Unknown","Passenger Vehicles",3,,
,,"Light Commercial Vehicles",0,,
"2864","Diesel","Passenger Vehicles",136,,
,,"Light Commercial Vehicles",227,,
,"Electric","Passenger Vehicles",0,,
,,"Light Commercial Vehicles",0,,
,"Petrol leaded","Passenger Vehicles",11,,
,,"Light Commercial Vehicles",4,,
,"Petrol unleaded","Passenger Vehicles",288,,
,,"Light Commercial Vehicles",84,,
,"LPG/Other gases","Passenger Vehicles",0,,
,,"Light Commercial Vehicles",0,,
,"Dual fuel","Passenger Vehicles",3,,
,,"Light Commercial Vehicles",0,,
,"Other","Passenger Vehicles",0,,
,,"Light Commercial Vehicles",0,,
,"Unknown","Passenger Vehicles",0,,
,,"Light Commercial Vehicles",0,,
"2865","Diesel","Passenger Vehicles",118,,
,,"Light Commercial Vehicles",257,,
,"Electric","Passenger Vehicles",0,,
,,"Light Commercial Vehicles",0,,
,"Petrol leaded","Passenger Vehicles",3,,
,,"Light Commercial Vehicles",4,,
,"Petrol unleaded","Passenger Vehicles",324,,
,,"Light Commercial Vehicles",80,,
,"LPG/Other gases","Passenger Vehicles",0,,
,,"Light Commercial Vehicles",0,,
,"Dual fuel","Passenger Vehicles",3,,
,,"Light Commercial Vehicles",3,,
,"Other","Passenger Vehicles",0,,
,,"Light Commercial Vehicles",0,,
,"Unknown","Passenger Vehicles",0,,
,,"Light Commercial Vehicles",0,,
"2866","Diesel","Passenger Vehicles",403,,
,,"Light Commercial Vehicles",691,,
,"Electric","Passenger Vehicles",0,,
,,"Light Commercial Vehicles",0,,
,"Petrol leaded","Passenger Vehicles",26,,
,,"Light Commercial Vehicles",10,,
,"Petrol unleaded","Passenger Vehicles",1152,,
,,"Light Commercial Vehicles",224,,
,"LPG/Other gases","Passenger Vehicles",3,,
,,"Light Commercial Vehicles",7,,
,"Dual fuel","Passenger Vehicles",9,,
,,"Light Commercial Vehicles",14,,
,"Other","Passenger Vehicles",3,,
,,"Light Commercial Vehicles",0,,
,"Unknown","Passenger Vehicles",3,,
,,"Light Commercial Vehicles",3,,
"2867","Diesel","Passenger Vehicles",60,,
,,"Light Commercial Vehicles",181,,
,"Electric","Passenger Vehicles",0,,
,,"Light Commercial Vehicles",0,,
,"Petrol leaded","Passenger Vehicles",3,,
,,"Light Commercial Vehicles",6,,
,"Petrol unleaded","Passenger Vehicles",199,,
,,"Light Commercial Vehicles",41,,
,"LPG/Other gases","Passenger Vehicles",0,,
,,"Light Commercial Vehicles",0,,
,"Dual fuel","Passenger Vehicles",0,,
,,"Light Commercial Vehicles",0,,
,"Other","Passenger Vehicles",0,,
,,"Light Commercial Vehicles",0,,
,"Unknown","Passenger Vehicles",0,,
,,"Light Commercial Vehicles",0,,
"2868","Diesel","Passenger Vehicles",83,,
,,"Light Commercial Vehicles",189,,
,"Electric","Passenger Vehicles",0,,
,,"Light Commercial Vehicles",0,,
,"Petrol leaded","Passenger Vehicles",0,,
,,"Light Commercial Vehicles",3,,
,"Petrol unleaded","Passenger Vehicles",236,,
,,"Light Commercial Vehicles",56,,
,"LPG/Other gases","Passenger Vehicles",0,,
,,"Light Commercial Vehicles",0,,
,"Dual fuel","Passenger Vehicles",4,,
,,"Light Commercial Vehicles",6,,
,"Other","Passenger Vehicles",3,,
,,"Light Commercial Vehicles",0,,
,"Unknown","Passenger Vehicles",0,,
,,"Light Commercial Vehicles",0,,
"2869","Diesel","Passenger Vehicles",143,,
,,"Light Commercial Vehicles",357,,
,"Electric","Passenger Vehicles",0,,
,,"Light Commercial Vehicles",0,,
,"Petrol leaded","Passenger Vehicles",6,,
,,"Light Commercial Vehicles",12,,
,"Petrol unleaded","Passenger Vehicles",574,,
,,"Light Commercial Vehicles",108,,
,"LPG/Other gases","Passenger Vehicles",0,,
,,"Light Commercial Vehicles",3,,
,"Dual fuel","Passenger Vehicles",9,,
,,"Light Commercial Vehicles",9,,
,"Other","Passenger Vehicles",3,,
,,"Light Commercial Vehicles",0,,
,"Unknown","Passenger Vehicles",3,,
,,"Light Commercial Vehicles",0,,
"2870","Diesel","Passenger Vehicles",1141,,
,,"Light Commercial Vehicles",2252,,
,"Electric","Passenger Vehicles",0,,
,,"Light Commercial Vehicles",0,,
,"Petrol leaded","Passenger Vehicles",93,,
,,"Light Commercial Vehicles",55,,
,"Petrol unleaded","Passenger Vehicles",4756,,
,,"Light Commercial Vehicles",858,,
,"LPG/Other gases","Passenger Vehicles",4,,
,,"Light Commercial Vehicles",13,,
,"Dual fuel","Passenger Vehicles",20,,
,,"Light Commercial Vehicles",24,,
,"Other","Passenger Vehicles",16,,
,,"Light Commercial Vehicles",0,,
,"Unknown","Passenger Vehicles",3,,
,,"Light Commercial Vehicles",0,,
"2871","Diesel","Passenger Vehicles",789,,
,,"Light Commercial Vehicles",2139,,
,"Electric","Passenger Vehicles",0,,
,,"Light Commercial Vehicles",0,,
,"Petrol leaded","Passenger Vehicles",61,,
,,"Light Commercial Vehicles",45,,
,"Petrol unleaded","Passenger Vehicles",3645,,
,,"Light Commercial Vehicles",746,,
,"LPG/Other gases","Passenger Vehicles",6,,
,,"Light Commercial Vehicles",7,,
,"Dual fuel","Passenger Vehicles",14,,
,,"Light Commercial Vehicles",30,,
,"Other","Passenger Vehicles",12,,
,,"Light Commercial Vehicles",0,,
,"Unknown","Passenger Vehicles",14,,
,,"Light Commercial Vehicles",4,,
"2873","Diesel","Passenger Vehicles",97,,
,,"Light Commercial Vehicles",240,,
,"Electric","Passenger Vehicles",0,,
,,"Light Commercial Vehicles",0,,
,"Petrol leaded","Passenger Vehicles",6,,
,,"Light Commercial Vehicles",3,,
,"Petrol unleaded","Passenger Vehicles",223,,
,,"Light Commercial Vehicles",55,,
,"LPG/Other gases","Passenger Vehicles",0,,
,,"Light Commercial Vehicles",0,,
,"Dual fuel","Passenger Vehicles",4,,
,,"Light Commercial Vehicles",0,,
,"Other","Passenger Vehicles",0,,
,,"Light Commercial Vehicles",0,,
,"Unknown","Passenger Vehicles",0,,
,,"Light Commercial Vehicles",0,,
"2874","Diesel","Passenger Vehicles",59,,
,,"Light Commercial Vehicles",143,,
,"Electric","Passenger Vehicles",0,,
,,"Light Commercial Vehicles",0,,
,"Petrol leaded","Passenger Vehicles",0,,
,,"Light Commercial Vehicles",0,,
,"Petrol unleaded","Passenger Vehicles",145,,
,,"Light Commercial Vehicles",32,,
,"LPG/Other gases","Passenger Vehicles",0,,
,,"Light Commercial Vehicles",0,,
,"Dual fuel","Passenger Vehicles",0,,
,,"Light Commercial Vehicles",0,,
,"Other","Passenger Vehicles",0,,
,,"Light Commercial Vehicles",0,,
,"Unknown","Passenger Vehicles",0,,
,,"Light Commercial Vehicles",0,,
"2875","Diesel","Passenger Vehicles",114,,
,,"Light Commercial Vehicles",260,,
,"Electric","Passenger Vehicles",0,,
,,"Light Commercial Vehicles",0,,
,"Petrol leaded","Passenger Vehicles",5,,
,,"Light Commercial Vehicles",3,,
,"Petrol unleaded","Passenger Vehicles",310,,
,,"Light Commercial Vehicles",83,,
,"LPG/Other gases","Passenger Vehicles",0,,
,,"Light Commercial Vehicles",0,,
,"Dual fuel","Passenger Vehicles",3,,
,,"Light Commercial Vehicles",0,,
,"Other","Passenger Vehicles",0,,
,,"Light Commercial Vehicles",0,,
,"Unknown","Passenger Vehicles",0,,
,,"Light Commercial Vehicles",0,,
"2876","Diesel","Passenger Vehicles",56,,
,,"Light Commercial Vehicles",143,,
,"Electric","Passenger Vehicles",0,,
,,"Light Commercial Vehicles",0,,
,"Petrol leaded","Passenger Vehicles",4,,
,,"Light Commercial Vehicles",3,,
,"Petrol unleaded","Passenger Vehicles",171,,
,,"Light Commercial Vehicles",42,,
,"LPG/Other gases","Passenger Vehicles",0,,
,,"Light Commercial Vehicles",0,,
,"Dual fuel","Passenger Vehicles",0,,
,,"Light Commercial Vehicles",3,,
,"Other","Passenger Vehicles",0,,
,,"Light Commercial Vehicles",0,,
,"Unknown","Passenger Vehicles",0,,
,,"Light Commercial Vehicles",0,,
"2877","Diesel","Passenger Vehicles",469,,
,,"Light Commercial Vehicles",972,,
,"Electric","Passenger Vehicles",0,,
,,"Light Commercial Vehicles",0,,
,"Petrol leaded","Passenger Vehicles",6,,
,,"Light Commercial Vehicles",5,,
,"Petrol unleaded","Passenger Vehicles",1237,,
,,"Light Commercial Vehicles",259,,
,"LPG/Other gases","Passenger Vehicles",0,,
,,"Light Commercial Vehicles",3,,
,"Dual fuel","Passenger Vehicles",8,,
,,"Light Commercial Vehicles",15,,
,"Other","Passenger Vehicles",0,,
,,"Light Commercial Vehicles",0,,
,"Unknown","Passenger Vehicles",6,,
,,"Light Commercial Vehicles",3,,
"2878","Diesel","Passenger Vehicles",69,,
,,"Light Commercial Vehicles",111,,
,"Electric","Passenger Vehicles",0,,
,,"Light Commercial Vehicles",0,,
,"Petrol leaded","Passenger Vehicles",0,,
,,"Light Commercial Vehicles",3,,
,"Petrol unleaded","Passenger Vehicles",76,,
,,"Light Commercial Vehicles",18,,
,"LPG/Other gases","Passenger Vehicles",0,,
,,"Light Commercial Vehicles",0,,
,"Dual fuel","Passenger Vehicles",0,,
,,"Light Commercial Vehicles",0,,
,"Other","Passenger Vehicles",0,,
,,"Light Commercial Vehicles",0,,
,"Unknown","Passenger Vehicles",3,,
,,"Light Commercial Vehicles",3,,
"2879","Diesel","Passenger Vehicles",72,,
,,"Light Commercial Vehicles",149,,
,"Electric","Passenger Vehicles",0,,
,,"Light Commercial Vehicles",0,,
,"Petrol leaded","Passenger Vehicles",0,,
,,"Light Commercial Vehicles",12,,
,"Petrol unleaded","Passenger Vehicles",165,,
,,"Light Commercial Vehicles",40,,
,"LPG/Other gases","Passenger Vehicles",0,,
,,"Light Commercial Vehicles",0,,
,"Dual fuel","Passenger Vehicles",0,,
,,"Light Commercial Vehicles",3,,
,"Other","Passenger Vehicles",0,,
,,"Light Commercial Vehicles",0,,
,"Unknown","Passenger Vehicles",3,,
,,"Light Commercial Vehicles",0,,
"2880","Diesel","Passenger Vehicles",1302,,
,,"Light Commercial Vehicles",2655,,
,"Electric","Passenger Vehicles",0,,
,,"Light Commercial Vehicles",0,,
,"Petrol leaded","Passenger Vehicles",127,,
,,"Light Commercial Vehicles",70,,
,"Petrol unleaded","Passenger Vehicles",7536,,
,,"Light Commercial Vehicles",1149,,
,"LPG/Other gases","Passenger Vehicles",22,,
,,"Light Commercial Vehicles",8,,
,"Dual fuel","Passenger Vehicles",82,,
,,"Light Commercial Vehicles",93,,
,"Other","Passenger Vehicles",15,,
,,"Light Commercial Vehicles",0,,
,"Unknown","Passenger Vehicles",6,,
,,"Light Commercial Vehicles",3,,
"2898","Diesel","Passenger Vehicles",10,,
,,"Light Commercial Vehicles",34,,
,"Electric","Passenger Vehicles",0,,
,,"Light Commercial Vehicles",0,,
,"Petrol leaded","Passenger Vehicles",0,,
,,"Light Commercial Vehicles",0,,
,"Petrol unleaded","Passenger Vehicles",100,,
,,"Light Commercial Vehicles",51,,
,"LPG/Other gases","Passenger Vehicles",0,,
,,"Light Commercial Vehicles",0,,
,"Dual fuel","Passenger Vehicles",0,,
,,"Light Commercial Vehicles",0,,
,"Other","Passenger Vehicles",0,,
,,"Light Commercial Vehicles",0,,
,"Unknown","Passenger Vehicles",0,,
,,"Light Commercial Vehicles",0,,
"2899","Diesel","Passenger Vehicles",0,,
,,"Light Commercial Vehicles",3,,
,"Electric","Passenger Vehicles",0,,
,,"Light Commercial Vehicles",0,,
,"Petrol leaded","Passenger Vehicles",0,,
,,"Light Commercial Vehicles",0,,
,"Petrol unleaded","Passenger Vehicles",5,,
,,"Light Commercial Vehicles",0,,
,"LPG/Other gases","Passenger Vehicles",0,,
,,"Light Commercial Vehicles",0,,
,"Dual fuel","Passenger Vehicles",0,,
,,"Light Commercial Vehicles",0,,
,"Other","Passenger Vehicles",0,,
,,"Light Commercial Vehicles",0,,
,"Unknown","Passenger Vehicles",0,,
,,"Light Commercial Vehicles",0,,
"3000","Diesel","Passenger Vehicles",4542,,
,,"Light Commercial Vehicles",6775,,
,"Electric","Passenger Vehicles",55,,
,,"Light Commercial Vehicles",0,,
,"Petrol leaded","Passenger Vehicles",64,,
,,"Light Commercial Vehicles",12,,
,"Petrol unleaded","Passenger Vehicles",18352,,
,,"Light Commercial Vehicles",865,,
,"LPG/Other gases","Passenger Vehicles",51,,
,,"Light Commercial Vehicles",34,,
,"Dual fuel","Passenger Vehicles",315,,
,,"Light Commercial Vehicles",16,,
,"Other","Passenger Vehicles",111,,
,,"Light Commercial Vehicles",0,,
,"Unknown","Passenger Vehicles",0,,
,,"Light Commercial Vehicles",0,,
"3001","Diesel","Passenger Vehicles",29,,
,,"Light Commercial Vehicles",34,,
,"Electric","Passenger Vehicles",0,,
,,"Light Commercial Vehicles",0,,
,"Petrol leaded","Passenger Vehicles",3,,
,,"Light Commercial Vehicles",0,,
,"Petrol unleaded","Passenger Vehicles",115,,
,,"Light Commercial Vehicles",6,,
,"LPG/Other gases","Passenger Vehicles",0,,
,,"Light Commercial Vehicles",0,,
,"Dual fuel","Passenger Vehicles",3,,
,,"Light Commercial Vehicles",0,,
,"Other","Passenger Vehicles",0,,
,,"Light Commercial Vehicles",0,,
,"Unknown","Passenger Vehicles",0,,
,,"Light Commercial Vehicles",0,,
"3002","Diesel","Passenger Vehicles",722,,
,,"Light Commercial Vehicles",435,,
,"Electric","Passenger Vehicles",9,,
,,"Light Commercial Vehicles",0,,
,"Petrol leaded","Passenger Vehicles",34,,
,,"Light Commercial Vehicles",4,,
,"Petrol unleaded","Passenger Vehicles",3879,,
,,"Light Commercial Vehicles",83,,
,"LPG/Other gases","Passenger Vehicles",4,,
,,"Light Commercial Vehicles",6,,
,"Dual fuel","Passenger Vehicles",69,,
,,"Light Commercial Vehicles",6,,
,"Other","Passenger Vehicles",21,,
,,"Light Commercial Vehicles",0,,
,"Unknown","Passenger Vehicles",0,,
,,"Light Commercial Vehicles",0,,
"3003","Diesel","Passenger Vehicles",315,,
,,"Light Commercial Vehicles",310,,
,"Electric","Passenger Vehicles",3,,
,,"Light Commercial Vehicles",0,,
,"Petrol leaded","Passenger Vehicles",25,,
,,"Light Commercial Vehicles",3,,
,"Petrol unleaded","Passenger Vehicles",2360,,
,,"Light Commercial Vehicles",242,,
,"LPG/Other gases","Passenger Vehicles",19,,
,,"Light Commercial Vehicles",21,,
,"Dual fuel","Passenger Vehicles",23,,
,,"Light Commercial Vehicles",5,,
,"Other","Passenger Vehicles",0,,
,,"Light Commercial Vehicles",0,,
,"Unknown","Passenger Vehicles",0,,
,,"Light Commercial Vehicles",0,,
"3004","Diesel","Passenger Vehicles",1643,,
,,"Light Commercial Vehicles",997,,
,"Electric","Passenger Vehicles",14,,
,,"Light Commercial Vehicles",0,,
,"Petrol leaded","Passenger Vehicles",40,,
,,"Light Commercial Vehicles",9,,
,"Petrol unleaded","Passenger Vehicles",11622,,
,,"Light Commercial Vehicles",256,,
,"LPG/Other gases","Passenger Vehicles",14,,
,,"Light Commercial Vehicles",30,,
,"Dual fuel","Passenger Vehicles",33,,
,,"Light Commercial Vehicles",8,,
,"Other","Passenger Vehicles",9,,
,,"Light Commercial Vehicles",0,,
,"Unknown","Passenger Vehicles",0,,
,,"Light Commercial Vehicles",0,,
"3005","Diesel","Passenger Vehicles",28,,
,,"Light Commercial Vehicles",69,,
,"Electric","Passenger Vehicles",0,,
,,"Light Commercial Vehicles",0,,
,"Petrol leaded","Passenger Vehicles",0,,
,,"Light Commercial Vehicles",0,,
,"Petrol unleaded","Passenger Vehicles",37,,
,,"Light Commercial Vehicles",0,,
,"LPG/Other gases","Passenger Vehicles",0,,
,,"Light Commercial Vehicles",0,,
,"Dual fuel","Passenger Vehicles",0,,
,,"Light Commercial Vehicles",0,,
,"Other","Passenger Vehicles",0,,
,,"Light Commercial Vehicles",0,,
,"Unknown","Passenger Vehicles",0,,
,,"Light Commercial Vehicles",0,,
"3006","Diesel","Passenger Vehicles",1913,,
,,"Light Commercial Vehicles",2579,,
,"Electric","Passenger Vehicles",13,,
,,"Light Commercial Vehicles",0,,
,"Petrol leaded","Passenger Vehicles",35,,
,,"Light Commercial Vehicles",13,,
,"Petrol unleaded","Passenger Vehicles",9791,,
,,"Light Commercial Vehicles",408,,
,"LPG/Other gases","Passenger Vehicles",18,,
,,"Light Commercial Vehicles",19,,
,"Dual fuel","Passenger Vehicles",67,,
,,"Light Commercial Vehicles",6,,
,"Other","Passenger Vehicles",10,,
,,"Light Commercial Vehicles",0,,
,"Unknown","Passenger Vehicles",0,,
,,"Light Commercial Vehicles",0,,
"3008","Diesel","Passenger Vehicles",1069,,
,,"Light Commercial Vehicles",739,,
,"Electric","Passenger Vehicles",16,,
,,"Light Commercial Vehicles",0,,
,"Petrol leaded","Passenger Vehicles",32,,
,,"Light Commercial Vehicles",9,,
,"Petrol unleaded","Passenger Vehicles",4888,,
,,"Light Commercial Vehicles",105,,
,"LPG/Other gases","Passenger Vehicles",14,,
,,"Light Commercial Vehicles",7,,
,"Dual fuel","Passenger Vehicles",109,,
,,"Light Commercial Vehicles",5,,
,"Other","Passenger Vehicles",5,,
,,"Light Commercial Vehicles",0,,
,"Unknown","Passenger Vehicles",0,,
,,"Light Commercial Vehicles",0,,
"3010","Diesel","Passenger Vehicles",0,,
,,"Light Commercial Vehicles",0,,
,"Electric","Passenger Vehicles",0,,
,,"Light Commercial Vehicles",0,,
,"Petrol leaded","Passenger Vehicles",0,,
,,"Light Commercial Vehicles",0,,
,"Petrol unleaded","Passenger Vehicles",0,,
,,"Light Commercial Vehicles",0,,
,"LPG/Other gases","Passenger Vehicles",0,,
,,"Light Commercial Vehicles",0,,
,"Dual fuel","Passenger Vehicles",0,,
,,"Light Commercial Vehicles",0,,
,"Other","Passenger Vehicles",0,,
,,"Light Commercial Vehicles",0,,
,"Unknown","Passenger Vehicles",0,,
,,"Light Commercial Vehicles",0,,
"3011","Diesel","Passenger Vehicles",842,,
,,"Light Commercial Vehicles",608,,
,"Electric","Passenger Vehicles",9,,
,,"Light Commercial Vehicles",0,,
,"Petrol leaded","Passenger Vehicles",87,,
,,"Light Commercial Vehicles",14,,
,"Petrol unleaded","Passenger Vehicles",9788,,
,,"Light Commercial Vehicles",427,,
,"LPG/Other gases","Passenger Vehicles",53,,
,,"Light Commercial Vehicles",27,,
,"Dual fuel","Passenger Vehicles",162,,
,,"Light Commercial Vehicles",40,,
,"Other","Passenger Vehicles",5,,
,,"Light Commercial Vehicles",0,,
,"Unknown","Passenger Vehicles",0,,
,,"Light Commercial Vehicles",0,,
"3012","Diesel","Passenger Vehicles",1402,,
,,"Light Commercial Vehicles",1233,,
,"Electric","Passenger Vehicles",7,,
,,"Light Commercial Vehicles",0,,
,"Petrol leaded","Passenger Vehicles",91,,
,,"Light Commercial Vehicles",12,,
,"Petrol unleaded","Passenger Vehicles",14811,,
,,"Light Commercial Vehicles",710,,
,"LPG/Other gases","Passenger Vehicles",99,,
,,"Light Commercial Vehicles",66,,
,"Dual fuel","Passenger Vehicles",262,,
,,"Light Commercial Vehicles",64,,
,"Other","Passenger Vehicles",0,,
,,"Light Commercial Vehicles",0,,
,"Unknown","Passenger Vehicles",0,,
,,"Light Commercial Vehicles",0,,
"3013","Diesel","Passenger Vehicles",941,,
,,"Light Commercial Vehicles",556,,
,"Electric","Passenger Vehicles",5,,
,,"Light Commercial Vehicles",0,,
,"Petrol leaded","Passenger Vehicles",78,,
,,"Light Commercial Vehicles",22,,
,"Petrol unleaded","Passenger Vehicles",7050,,
,,"Light Commercial Vehicles",358,,
,"LPG/Other gases","Passenger Vehicles",27,,
,,"Light Commercial Vehicles",26,,
,"Dual fuel","Passenger Vehicles",93,,
,,"Light Commercial Vehicles",40,,
,"Other","Passenger Vehicles",0,,
,,"Light Commercial Vehicles",0,,
,"Unknown","Passenger Vehicles",0,,
,,"Light Commercial Vehicles",0,,
"3014","Diesel","Passenger Vehicles",0,,
,,"Light Commercial Vehicles",0,,
,"Electric","Passenger Vehicles",0,,
,,"Light Commercial Vehicles",0,,
,"Petrol leaded","Passenger Vehicles",0,,
,,"Light Commercial Vehicles",0,,
,"Petrol unleaded","Passenger Vehicles",0,,
,,"Light Commercial Vehicles",0,,
,"LPG/Other gases","Passenger Vehicles",0,,
,,"Light Commercial Vehicles",0,,
,"Dual fuel","Passenger Vehicles",0,,
,,"Light Commercial Vehicles",0,,
,"Other","Passenger Vehicles",0,,
,,"Light Commercial Vehicles",0,,
,"Unknown","Passenger Vehicles",0,,
,,"Light Commercial Vehicles",0,,
"3015","Diesel","Passenger Vehicles",1198,,
,,"Light Commercial Vehicles",880,,
,"Electric","Passenger Vehicles",5,,
,,"Light Commercial Vehicles",0,,
,"Petrol leaded","Passenger Vehicles",113,,
,,"Light Commercial Vehicles",18,,
,"Petrol unleaded","Passenger Vehicles",8611,,
,,"Light Commercial Vehicles",427,,
,"LPG/Other gases","Passenger Vehicles",46,,
,,"Light Commercial Vehicles",25,,
,"Dual fuel","Passenger Vehicles",141,,
,,"Light Commercial Vehicles",41,,
,"Other","Passenger Vehicles",0,,
,,"Light Commercial Vehicles",0,,
,"Unknown","Passenger Vehicles",0,,
,,"Light Commercial Vehicles",0,,
"3016","Diesel","Passenger Vehicles",1578,,
,,"Light Commercial Vehicles",869,,
,"Electric","Passenger Vehicles",8,,
,,"Light Commercial Vehicles",0,,
,"Petrol leaded","Passenger Vehicles",131,,
,,"Light Commercial Vehicles",28,,
,"Petrol unleaded","Passenger Vehicles",8226,,
,,"Light Commercial Vehicles",445,,
,"LPG/Other gases","Passenger Vehicles",47,,
,,"Light Commercial Vehicles",50,,
,"Dual fuel","Passenger Vehicles",92,,
,,"Light Commercial Vehicles",35,,
,"Other","Passenger Vehicles",0,,
,,"Light Commercial Vehicles",0,,
,"Unknown","Passenger Vehicles",0,,
,,"Light Commercial Vehicles",0,,
"3018","Diesel","Passenger Vehicles",917,,
,,"Light Commercial Vehicles",944,,
,"Electric","Passenger Vehicles",3,,
,,"Light Commercial Vehicles",0,,
,"Petrol leaded","Passenger Vehicles",108,,
,,"Light Commercial Vehicles",18,,
,"Petrol unleaded","Passenger Vehicles",7388,,
,,"Light Commercial Vehicles",426,,
,"LPG/Other gases","Passenger Vehicles",53,,
,,"Light Commercial Vehicles",43,,
,"Dual fuel","Passenger Vehicles",147,,
,,"Light Commercial Vehicles",38,,
,"Other","Passenger Vehicles",0,,
,,"Light Commercial Vehicles",0,,
,"Unknown","Passenger Vehicles",0,,
,,"Light Commercial Vehicles",0,,
"3019","Diesel","Passenger Vehicles",342,,
,,"Light Commercial Vehicles",320,,
,"Electric","Passenger Vehicles",0,,
,,"Light Commercial Vehicles",0,,
,"Petrol leaded","Passenger Vehicles",22,,
,,"Light Commercial Vehicles",5,,
,"Petrol unleaded","Passenger Vehicles",5134,,
,,"Light Commercial Vehicles",210,,
,"LPG/Other gases","Passenger Vehicles",34,,
,,"Light Commercial Vehicles",17,,
,"Dual fuel","Passenger Vehicles",115,,
,,"Light Commercial Vehicles",44,,
,"Other","Passenger Vehicles",0,,
,,"Light Commercial Vehicles",0,,
,"Unknown","Passenger Vehicles",0,,
,,"Light Commercial Vehicles",0,,
"3020","Diesel","Passenger Vehicles",1829,,
,,"Light Commercial Vehicles",2582,,
,"Electric","Passenger Vehicles",16,,
,,"Light Commercial Vehicles",0,,
,"Petrol leaded","Passenger Vehicles",227,,
,,"Light Commercial Vehicles",50,,
,"Petrol unleaded","Passenger Vehicles",23917,,
,,"Light Commercial Vehicles",1426,,
,"LPG/Other gases","Passenger Vehicles",204,,
,,"Light Commercial Vehicles",117,,
,"Dual fuel","Passenger Vehicles",683,,
,,"Light Commercial Vehicles",141,,
,"Other","Passenger Vehicles",3,,
,,"Light Commercial Vehicles",0,,
,"Unknown","Passenger Vehicles",0,,
,,"Light Commercial Vehicles",0,,
"3021","Diesel","Passenger Vehicles",1616,,
,,"Light Commercial Vehicles",1436,,
,"Electric","Passenger Vehicles",17,,
,,"Light Commercial Vehicles",0,,
,"Petrol leaded","Passenger Vehicles",233,,
,,"Light Commercial Vehicles",39,,
,"Petrol unleaded","Passenger Vehicles",28914,,
,,"Light Commercial Vehicles",1168,,
,"LPG/Other gases","Passenger Vehicles",293,,
,,"Light Commercial Vehicles",92,,
,"Dual fuel","Passenger Vehicles",919,,
,,"Light Commercial Vehicles",170,,
,"Other","Passenger Vehicles",6,,
,,"Light Commercial Vehicles",0,,
,"Unknown","Passenger Vehicles",0,,
,,"Light Commercial Vehicles",0,,
"3022","Diesel","Passenger Vehicles",137,,
,,"Light Commercial Vehicles",162,,
,"Electric","Passenger Vehicles",0,,
,,"Light Commercial Vehicles",0,,
,"Petrol leaded","Passenger Vehicles",15,,
,,"Light Commercial Vehicles",5,,
,"Petrol unleaded","Passenger Vehicles",2242,,
,,"Light Commercial Vehicles",133,,
,"LPG/Other gases","Passenger Vehicles",12,,
,,"Light Commercial Vehicles",3,,
,"Dual fuel","Passenger Vehicles",66,,
,,"Light Commercial Vehicles",7,,
,"Other","Passenger Vehicles",3,,
,,"Light Commercial Vehicles",0,,
,"Unknown","Passenger Vehicles",0,,
,,"Light Commercial Vehicles",0,,
"3023","Diesel","Passenger Vehicles",3251,,
,,"Light Commercial Vehicles",2527,,
,"Electric","Passenger Vehicles",11,,
,,"Light Commercial Vehicles",0,,
,"Petrol leaded","Passenger Vehicles",186,,
,,"Light Commercial Vehicles",35,,
,"Petrol unleaded","Passenger Vehicles",34359,,
,,"Light Commercial Vehicles",1341,,
,"LPG/Other gases","Passenger Vehicles",304,,
,,"Light Commercial Vehicles",117,,
,"Dual fuel","Passenger Vehicles",814,,
,,"Light Commercial Vehicles",159,,
,"Other","Passenger Vehicles",6,,
,,"Light Commercial Vehicles",0,,
,"Unknown","Passenger Vehicles",0,,
,,"Light Commercial Vehicles",0,,
"3024","Diesel","Passenger Vehicles",1112,,
,,"Light Commercial Vehicles",1033,,
,"Electric","Passenger Vehicles",5,,
,,"Light Commercial Vehicles",0,,
,"Petrol leaded","Passenger Vehicles",78,,
,,"Light Commercial Vehicles",20,,
,"Petrol unleaded","Passenger Vehicles",12585,,
,,"Light Commercial Vehicles",553,,
,"LPG/Other gases","Passenger Vehicles",133,,
,,"Light Commercial Vehicles",52,,
,"Dual fuel","Passenger Vehicles",353,,
,,"Light Commercial Vehicles",65,,
,"Other","Passenger Vehicles",3,,
,,"Light Commercial Vehicles",0,,
,"Unknown","Passenger Vehicles",0,,
,,"Light Commercial Vehicles",0,,
"3025","Diesel","Passenger Vehicles",680,,
,,"Light Commercial Vehicles",830,,
,"Electric","Passenger Vehicles",0,,
,,"Light Commercial Vehicles",0,,
,"Petrol leaded","Passenger Vehicles",120,,
,,"Light Commercial Vehicles",16,,
,"Petrol unleaded","Passenger Vehicles",6575,,
,,"Light Commercial Vehicles",426,,
,"LPG/Other gases","Passenger Vehicles",47,,
,,"Light Commercial Vehicles",33,,
,"Dual fuel","Passenger Vehicles",175,,
,,"Light Commercial Vehicles",46,,
,"Other","Passenger Vehicles",3,,
,,"Light Commercial Vehicles",0,,
,"Unknown","Passenger Vehicles",0,,
,,"Light Commercial Vehicles",0,,
"3026","Diesel","Passenger Vehicles",454,,
,,"Light Commercial Vehicles",1540,,
,"Electric","Passenger Vehicles",9,,
,,"Light Commercial Vehicles",0,,
,"Petrol leaded","Passenger Vehicles",6,,
,,"Light Commercial Vehicles",3,,
,"Petrol unleaded","Passenger Vehicles",2001,,
,,"Light Commercial Vehicles",328,,
,"LPG/Other gases","Passenger Vehicles",13,,
,,"Light Commercial Vehicles",28,,
,"Dual fuel","Passenger Vehicles",22,,
,,"Light Commercial Vehicles",10,,
,"Other","Passenger Vehicles",3,,
,,"Light Commercial Vehicles",0,,
,"Unknown","Passenger Vehicles",0,,
,,"Light Commercial Vehicles",0,,
"3027","Diesel","Passenger Vehicles",468,,
,,"Light Commercial Vehicles",192,,
,"Electric","Passenger Vehicles",0,,
,,"Light Commercial Vehicles",0,,
,"Petrol leaded","Passenger Vehicles",4,,
,,"Light Commercial Vehicles",3,,
,"Petrol unleaded","Passenger Vehicles",3935,,
,,"Light Commercial Vehicles",91,,
,"LPG/Other gases","Passenger Vehicles",44,,
,,"Light Commercial Vehicles",11,,
,"Dual fuel","Passenger Vehicles",85,,
,,"Light Commercial Vehicles",8,,
,"Other","Passenger Vehicles",0,,
,,"Light Commercial Vehicles",0,,
,"Unknown","Passenger Vehicles",0,,
,,"Light Commercial Vehicles",0,,
"3028","Diesel","Passenger Vehicles",1411,,
,,"Light Commercial Vehicles",1314,,
,"Electric","Passenger Vehicles",3,,
,,"Light Commercial Vehicles",0,,
,"Petrol leaded","Passenger Vehicles",142,,
,,"Light Commercial Vehicles",31,,
,"Petrol unleaded","Passenger Vehicles",15461,,
,,"Light Commercial Vehicles",782,,
,"LPG/Other gases","Passenger Vehicles",138,,
,,"Light Commercial Vehicles",71,,
,"Dual fuel","Passenger Vehicles",453,,
,,"Light Commercial Vehicles",102,,
,"Other","Passenger Vehicles",3,,
,,"Light Commercial Vehicles",0,,
,"Unknown","Passenger Vehicles",0,,
,,"Light Commercial Vehicles",0,,
"3029","Diesel","Passenger Vehicles",5107,,
,,"Light Commercial Vehicles",4850,,
,"Electric","Passenger Vehicles",24,,
,,"Light Commercial Vehicles",0,,
,"Petrol leaded","Passenger Vehicles",310,,
,,"Light Commercial Vehicles",66,,
,"Petrol unleaded","Passenger Vehicles",55555,,
,,"Light Commercial Vehicles",2066,,
,"LPG/Other gases","Passenger Vehicles",701,,
,,"Light Commercial Vehicles",175,,
,"Dual fuel","Passenger Vehicles",1818,,
,,"Light Commercial Vehicles",294,,
,"Other","Passenger Vehicles",10,,
,,"Light Commercial Vehicles",0,,
,"Unknown","Passenger Vehicles",0,,
,,"Light Commercial Vehicles",0,,
"3030","Diesel","Passenger Vehicles",6786,,
,,"Light Commercial Vehicles",5293,,
,"Electric","Passenger Vehicles",35,,
,,"Light Commercial Vehicles",0,,
,"Petrol leaded","Passenger Vehicles",468,,
,,"Light Commercial Vehicles",102,,
,"Petrol unleaded","Passenger Vehicles",57129,,
,,"Light Commercial Vehicles",2454,,
,"LPG/Other gases","Passenger Vehicles",440,,
,,"Light Commercial Vehicles",198,,
,"Dual fuel","Passenger Vehicles",1174,,
,,"Light Commercial Vehicles",258,,
,"Other","Passenger Vehicles",10,,
,,"Light Commercial Vehicles",0,,
,"Unknown","Passenger Vehicles",0,,
,,"Light Commercial Vehicles",0,,
"3031","Diesel","Passenger Vehicles",818,,
,,"Light Commercial Vehicles",445,,
,"Electric","Passenger Vehicles",6,,
,,"Light Commercial Vehicles",0,,
,"Petrol leaded","Passenger Vehicles",54,,
,,"Light Commercial Vehicles",6,,
,"Petrol unleaded","Passenger Vehicles",7892,,
,,"Light Commercial Vehicles",278,,
,"LPG/Other gases","Passenger Vehicles",42,,
,,"Light Commercial Vehicles",34,,
,"Dual fuel","Passenger Vehicles",109,,
,,"Light Commercial Vehicles",27,,
,"Other","Passenger Vehicles",0,,
,,"Light Commercial Vehicles",0,,
,"Unknown","Passenger Vehicles",0,,
,,"Light Commercial Vehicles",0,,
"3032","Diesel","Passenger Vehicles",1554,,
,,"Light Commercial Vehicles",699,,
,"Electric","Passenger Vehicles",16,,
,,"Light Commercial Vehicles",0,,
,"Petrol leaded","Passenger Vehicles",137,,
,,"Light Commercial Vehicles",23,,
,"Petrol unleaded","Passenger Vehicles",14476,,
,,"Light Commercial Vehicles",455,,
,"LPG/Other gases","Passenger Vehicles",71,,
,,"Light Commercial Vehicles",39,,
,"Dual fuel","Passenger Vehicles",189,,
,,"Light Commercial Vehicles",42,,
,"Other","Passenger Vehicles",3,,
,,"Light Commercial Vehicles",0,,
,"Unknown","Passenger Vehicles",0,,
,,"Light Commercial Vehicles",0,,
"3033","Diesel","Passenger Vehicles",870,,
,,"Light Commercial Vehicles",756,,
,"Electric","Passenger Vehicles",4,,
,,"Light Commercial Vehicles",0,,
,"Petrol leaded","Passenger Vehicles",141,,
,,"Light Commercial Vehicles",22,,
,"Petrol unleaded","Passenger Vehicles",8402,,
,,"Light Commercial Vehicles",547,,
,"LPG/Other gases","Passenger Vehicles",57,,
,,"Light Commercial Vehicles",36,,
,"Dual fuel","Passenger Vehicles",138,,
,,"Light Commercial Vehicles",36,,
,"Other","Passenger Vehicles",0,,
,,"Light Commercial Vehicles",0,,
,"Unknown","Passenger Vehicles",0,,
,,"Light Commercial Vehicles",0,,
"3034","Diesel","Passenger Vehicles",562,,
,,"Light Commercial Vehicles",383,,
,"Electric","Passenger Vehicles",3,,
,,"Light Commercial Vehicles",0,,
,"Petrol leaded","Passenger Vehicles",93,,
,,"Light Commercial Vehicles",13,,
,"Petrol unleaded","Passenger Vehicles",6533,,
,,"Light Commercial Vehicles",280,,
,"LPG/Other gases","Passenger Vehicles",40,,
,,"Light Commercial Vehicles",29,,
,"Dual fuel","Passenger Vehicles",101,,
,,"Light Commercial Vehicles",25,,
,"Other","Passenger Vehicles",0,,
,,"Light Commercial Vehicles",0,,
,"Unknown","Passenger Vehicles",0,,
,,"Light Commercial Vehicles",0,,
"3036","Diesel","Passenger Vehicles",535,,
,,"Light Commercial Vehicles",331,,
,"Electric","Passenger Vehicles",0,,
,,"Light Commercial Vehicles",0,,
,"Petrol leaded","Passenger Vehicles",85,,
,,"Light Commercial Vehicles",7,,
,"Petrol unleaded","Passenger Vehicles",3556,,
,,"Light Commercial Vehicles",209,,
,"LPG/Other gases","Passenger Vehicles",30,,
,,"Light Commercial Vehicles",19,,
,"Dual fuel","Passenger Vehicles",65,,
,,"Light Commercial Vehicles",23,,
,"Other","Passenger Vehicles",0,,
,,"Light Commercial Vehicles",0,,
,"Unknown","Passenger Vehicles",0,,
,,"Light Commercial Vehicles",0,,
"3037","Diesel","Passenger Vehicles",2612,,
,,"Light Commercial Vehicles",2235,,
,"Electric","Passenger Vehicles",10,,
,,"Light Commercial Vehicles",0,,
,"Petrol leaded","Passenger Vehicles",231,,
,,"Light Commercial Vehicles",36,,
,"Petrol unleaded","Passenger Vehicles",27168,,
,,"Light Commercial Vehicles",1163,,
,"LPG/Other gases","Passenger Vehicles",229,,
,,"Light Commercial Vehicles",90,,
,"Dual fuel","Passenger Vehicles",624,,
,,"Light Commercial Vehicles",120,,
,"Other","Passenger Vehicles",0,,
,,"Light Commercial Vehicles",0,,
,"Unknown","Passenger Vehicles",0,,
,,"Light Commercial Vehicles",0,,
"3038","Diesel","Passenger Vehicles",1755,,
,,"Light Commercial Vehicles",1244,,
,"Electric","Passenger Vehicles",12,,
,,"Light Commercial Vehicles",0,,
,"Petrol leaded","Passenger Vehicles",183,,
,,"Light Commercial Vehicles",22,,
,"Petrol unleaded","Passenger Vehicles",16171,,
,,"Light Commercial Vehicles",788,,
,"LPG/Other gases","Passenger Vehicles",116,,
,,"Light Commercial Vehicles",65,,
,"Dual fuel","Passenger Vehicles",337,,
,,"Light Commercial Vehicles",88,,
,"Other","Passenger Vehicles",3,,
,,"Light Commercial Vehicles",0,,
,"Unknown","Passenger Vehicles",0,,
,,"Light Commercial Vehicles",0,,
"3039","Diesel","Passenger Vehicles",888,,
,,"Light Commercial Vehicles",471,,
,"Electric","Passenger Vehicles",10,,
,,"Light Commercial Vehicles",0,,
,"Petrol leaded","Passenger Vehicles",89,,
,,"Light Commercial Vehicles",28,,
,"Petrol unleaded","Passenger Vehicles",7288,,
,,"Light Commercial Vehicles",250,,
,"LPG/Other gases","Passenger Vehicles",28,,
,,"Light Commercial Vehicles",16,,
,"Dual fuel","Passenger Vehicles",81,,
,,"Light Commercial Vehicles",23,,
,"Other","Passenger Vehicles",0,,
,,"Light Commercial Vehicles",0,,
,"Unknown","Passenger Vehicles",0,,
,,"Light Commercial Vehicles",0,,
"3040","Diesel","Passenger Vehicles",1818,,
,,"Light Commercial Vehicles",948,,
,"Electric","Passenger Vehicles",11,,
,,"Light Commercial Vehicles",0,,
,"Petrol leaded","Passenger Vehicles",200,,
,,"Light Commercial Vehicles",32,,
,"Petrol unleaded","Passenger Vehicles",13815,,
,,"Light Commercial Vehicles",550,,
,"LPG/Other gases","Passenger Vehicles",63,,
,,"Light Commercial Vehicles",40,,
,"Dual fuel","Passenger Vehicles",137,,
,,"Light Commercial Vehicles",39,,
,"Other","Passenger Vehicles",3,,
,,"Light Commercial Vehicles",0,,
,"Unknown","Passenger Vehicles",0,,
,,"Light Commercial Vehicles",0,,
"3041","Diesel","Passenger Vehicles",1322,,
,,"Light Commercial Vehicles",855,,
,"Electric","Passenger Vehicles",3,,
,,"Light Commercial Vehicles",0,,
,"Petrol leaded","Passenger Vehicles",118,,
,,"Light Commercial Vehicles",10,,
,"Petrol unleaded","Passenger Vehicles",8037,,
,,"Light Commercial Vehicles",374,,
,"LPG/Other gases","Passenger Vehicles",28,,
,,"Light Commercial Vehicles",29,,
,"Dual fuel","Passenger Vehicles",109,,
,,"Light Commercial Vehicles",19,,
,"Other","Passenger Vehicles",0,,
,,"Light Commercial Vehicles",0,,
,"Unknown","Passenger Vehicles",0,,
,,"Light Commercial Vehicles",0,,
"3042","Diesel","Passenger Vehicles",1035,,
,,"Light Commercial Vehicles",1267,,
,"Electric","Passenger Vehicles",3,,
,,"Light Commercial Vehicles",0,,
,"Petrol leaded","Passenger Vehicles",131,,
,,"Light Commercial Vehicles",29,,
,"Petrol unleaded","Passenger Vehicles",9535,,
,,"Light Commercial Vehicles",948,,
,"LPG/Other gases","Passenger Vehicles",88,,
,,"Light Commercial Vehicles",59,,
,"Dual fuel","Passenger Vehicles",159,,
,,"Light Commercial Vehicles",78,,
,"Other","Passenger Vehicles",0,,
,,"Light Commercial Vehicles",0,,
,"Unknown","Passenger Vehicles",0,,
,,"Light Commercial Vehicles",0,,
"3043","Diesel","Passenger Vehicles",1977,,
,,"Light Commercial Vehicles",2767,,
,"Electric","Passenger Vehicles",5,,
,,"Light Commercial Vehicles",0,,
,"Petrol leaded","Passenger Vehicles",115,,
,,"Light Commercial Vehicles",29,,
,"Petrol unleaded","Passenger Vehicles",26614,,
,,"Light Commercial Vehicles",1046,,
,"LPG/Other gases","Passenger Vehicles",106,,
,,"Light Commercial Vehicles",109,,
,"Dual fuel","Passenger Vehicles",293,,
,,"Light Commercial Vehicles",67,,
,"Other","Passenger Vehicles",8,,
,,"Light Commercial Vehicles",0,,
,"Unknown","Passenger Vehicles",0,,
,,"Light Commercial Vehicles",0,,
"3044","Diesel","Passenger Vehicles",1325,,
,,"Light Commercial Vehicles",904,,
,"Electric","Passenger Vehicles",6,,
,,"Light Commercial Vehicles",0,,
,"Petrol leaded","Passenger Vehicles",183,,
,,"Light Commercial Vehicles",40,,
,"Petrol unleaded","Passenger Vehicles",14116,,
,,"Light Commercial Vehicles",575,,
,"LPG/Other gases","Passenger Vehicles",71,,
,,"Light Commercial Vehicles",60,,
,"Dual fuel","Passenger Vehicles",237,,
,,"Light Commercial Vehicles",63,,
,"Other","Passenger Vehicles",0,,
,,"Light Commercial Vehicles",0,,
,"Unknown","Passenger Vehicles",0,,
,,"Light Commercial Vehicles",0,,
"3045","Diesel","Passenger Vehicles",32,,
,,"Light Commercial Vehicles",73,,
,"Electric","Passenger Vehicles",0,,
,,"Light Commercial Vehicles",0,,
,"Petrol leaded","Passenger Vehicles",0,,
,,"Light Commercial Vehicles",0,,
,"Petrol unleaded","Passenger Vehicles",111,,
,,"Light Commercial Vehicles",28,,
,"LPG/Other gases","Passenger Vehicles",0,,
,,"Light Commercial Vehicles",0,,
,"Dual fuel","Passenger Vehicles",3,,
,,"Light Commercial Vehicles",0,,
,"Other","Passenger Vehicles",0,,
,,"Light Commercial Vehicles",0,,
,"Unknown","Passenger Vehicles",0,,
,,"Light Commercial Vehicles",0,,
"3046","Diesel","Passenger Vehicles",1481,,
,,"Light Commercial Vehicles",1177,,
,"Electric","Passenger Vehicles",5,,
,,"Light Commercial Vehicles",0,,
,"Petrol leaded","Passenger Vehicles",213,,
,,"Light Commercial Vehicles",36,,
,"Petrol unleaded","Passenger Vehicles",17848,,
,,"Light Commercial Vehicles",816,,
,"LPG/Other gases","Passenger Vehicles",194,,
,,"Light Commercial Vehicles",61,,
,"Dual fuel","Passenger Vehicles",493,,
,,"Light Commercial Vehicles",104,,
,"Other","Passenger Vehicles",3,,
,,"Light Commercial Vehicles",0,,
,"Unknown","Passenger Vehicles",0,,
,,"Light Commercial Vehicles",0,,
"3047","Diesel","Passenger Vehicles",842,,
,,"Light Commercial Vehicles",869,,
,"Electric","Passenger Vehicles",7,,
,,"Light Commercial Vehicles",0,,
,"Petrol leaded","Passenger Vehicles",60,,
,,"Light Commercial Vehicles",20,,
,"Petrol unleaded","Passenger Vehicles",10013,,
,,"Light Commercial Vehicles",561,,
,"LPG/Other gases","Passenger Vehicles",167,,
,,"Light Commercial Vehicles",59,,
,"Dual fuel","Passenger Vehicles",437,,
,,"Light Commercial Vehicles",79,,
,"Other","Passenger Vehicles",3,,
,,"Light Commercial Vehicles",0,,
,"Unknown","Passenger Vehicles",0,,
,,"Light Commercial Vehicles",0,,
"3048","Diesel","Passenger Vehicles",751,,
,,"Light Commercial Vehicles",652,,
,"Electric","Passenger Vehicles",6,,
,,"Light Commercial Vehicles",0,,
,"Petrol leaded","Passenger Vehicles",53,,
,,"Light Commercial Vehicles",9,,
,"Petrol unleaded","Passenger Vehicles",9079,,
,,"Light Commercial Vehicles",507,,
,"LPG/Other gases","Passenger Vehicles",136,,
,,"Light Commercial Vehicles",58,,
,"Dual fuel","Passenger Vehicles",396,,
,,"Light Commercial Vehicles",84,,
,"Other","Passenger Vehicles",0,,
,,"Light Commercial Vehicles",0,,
,"Unknown","Passenger Vehicles",0,,
,,"Light Commercial Vehicles",0,,
"3049","Diesel","Passenger Vehicles",496,,
,,"Light Commercial Vehicles",502,,
,"Electric","Passenger Vehicles",3,,
,,"Light Commercial Vehicles",0,,
,"Petrol leaded","Passenger Vehicles",64,,
,,"Light Commercial Vehicles",11,,
,"Petrol unleaded","Passenger Vehicles",5545,,
,,"Light Commercial Vehicles",352,,
,"LPG/Other gases","Passenger Vehicles",42,,
,,"Light Commercial Vehicles",30,,
,"Dual fuel","Passenger Vehicles",118,,
,,"Light Commercial Vehicles",35,,
,"Other","Passenger Vehicles",0,,
,,"Light Commercial Vehicles",0,,
,"Unknown","Passenger Vehicles",0,,
,,"Light Commercial Vehicles",0,,
"3050","Diesel","Passenger Vehicles",3,,
,,"Light Commercial Vehicles",11,,
,"Electric","Passenger Vehicles",0,,
,,"Light Commercial Vehicles",0,,
,"Petrol leaded","Passenger Vehicles",0,,
,,"Light Commercial Vehicles",0,,
,"Petrol unleaded","Passenger Vehicles",264,,
,,"Light Commercial Vehicles",3,,
,"LPG/Other gases","Passenger Vehicles",0,,
,,"Light Commercial Vehicles",0,,
,"Dual fuel","Passenger Vehicles",0,,
,,"Light Commercial Vehicles",0,,
,"Other","Passenger Vehicles",0,,
,,"Light Commercial Vehicles",0,,
,"Unknown","Passenger Vehicles",0,,
,,"Light Commercial Vehicles",0,,
"3051","Diesel","Passenger Vehicles",690,,
,,"Light Commercial Vehicles",715,,
,"Electric","Passenger Vehicles",9,,
,,"Light Commercial Vehicles",0,,
,"Petrol leaded","Passenger Vehicles",42,,
,,"Light Commercial Vehicles",18,,
,"Petrol unleaded","Passenger Vehicles",5238,,
,,"Light Commercial Vehicles",353,,
,"LPG/Other gases","Passenger Vehicles",20,,
,,"Light Commercial Vehicles",54,,
,"Dual fuel","Passenger Vehicles",96,,
,,"Light Commercial Vehicles",45,,
,"Other","Passenger Vehicles",0,,
,,"Light Commercial Vehicles",0,,
,"Unknown","Passenger Vehicles",0,,
,,"Light Commercial Vehicles",0,,
"3052","Diesel","Passenger Vehicles",277,,
,,"Light Commercial Vehicles",123,,
,"Electric","Passenger Vehicles",3,,
,,"Light Commercial Vehicles",0,,
,"Petrol leaded","Passenger Vehicles",19,,
,,"Light Commercial Vehicles",3,,
,"Petrol unleaded","Passenger Vehicles",2190,,
,,"Light Commercial Vehicles",81,,
,"LPG/Other gases","Passenger Vehicles",3,,
,,"Light Commercial Vehicles",3,,
,"Dual fuel","Passenger Vehicles",14,,
,,"Light Commercial Vehicles",0,,
,"Other","Passenger Vehicles",3,,
,,"Light Commercial Vehicles",0,,
,"Unknown","Passenger Vehicles",0,,
,,"Light Commercial Vehicles",0,,
"3053","Diesel","Passenger Vehicles",526,,
,,"Light Commercial Vehicles",243,,
,"Electric","Passenger Vehicles",6,,
,,"Light Commercial Vehicles",0,,
,"Petrol leaded","Passenger Vehicles",43,,
,,"Light Commercial Vehicles",6,,
,"Petrol unleaded","Passenger Vehicles",4239,,
,,"Light Commercial Vehicles",150,,
,"LPG/Other gases","Passenger Vehicles",53,,
,,"Light Commercial Vehicles",14,,
,"Dual fuel","Passenger Vehicles",76,,
,,"Light Commercial Vehicles",9,,
,"Other","Passenger Vehicles",0,,
,,"Light Commercial Vehicles",0,,
,"Unknown","Passenger Vehicles",0,,
,,"Light Commercial Vehicles",0,,
"3054","Diesel","Passenger Vehicles",471,,
,,"Light Commercial Vehicles",148,,
,"Electric","Passenger Vehicles",4,,
,,"Light Commercial Vehicles",0,,
,"Petrol leaded","Passenger Vehicles",53,,
,,"Light Commercial Vehicles",6,,
,"Petrol unleaded","Passenger Vehicles",3430,,
,,"Light Commercial Vehicles",103,,
,"LPG/Other gases","Passenger Vehicles",10,,
,,"Light Commercial Vehicles",5,,
,"Dual fuel","Passenger Vehicles",35,,
,,"Light Commercial Vehicles",4,,
,"Other","Passenger Vehicles",0,,
,,"Light Commercial Vehicles",0,,
,"Unknown","Passenger Vehicles",0,,
,,"Light Commercial Vehicles",0,,
"3055","Diesel","Passenger Vehicles",564,,
,,"Light Commercial Vehicles",291,,
,"Electric","Passenger Vehicles",0,,
,,"Light Commercial Vehicles",0,,
,"Petrol leaded","Passenger Vehicles",88,,
,,"Light Commercial Vehicles",10,,
,"Petrol unleaded","Passenger Vehicles",6251,,
,,"Light Commercial Vehicles",237,,
,"LPG/Other gases","Passenger Vehicles",53,,
,,"Light Commercial Vehicles",14,,
,"Dual fuel","Passenger Vehicles",117,,
,,"Light Commercial Vehicles",20,,
,"Other","Passenger Vehicles",3,,
,,"Light Commercial Vehicles",0,,
,"Unknown","Passenger Vehicles",0,,
,,"Light Commercial Vehicles",0,,
"3056","Diesel","Passenger Vehicles",1592,,
,,"Light Commercial Vehicles",1180,,
,"Electric","Passenger Vehicles",8,,
,,"Light Commercial Vehicles",0,,
,"Petrol leaded","Passenger Vehicles",113,,
,,"Light Commercial Vehicles",26,,
,"Petrol unleaded","Passenger Vehicles",12653,,
,,"Light Commercial Vehicles",506,,
,"LPG/Other gases","Passenger Vehicles",102,,
,,"Light Commercial Vehicles",40,,
,"Dual fuel","Passenger Vehicles",211,,
,,"Light Commercial Vehicles",55,,
,"Other","Passenger Vehicles",4,,
,,"Light Commercial Vehicles",0,,
,"Unknown","Passenger Vehicles",0,,
,,"Light Commercial Vehicles",0,,
"3057","Diesel","Passenger Vehicles",484,,
,,"Light Commercial Vehicles",322,,
,"Electric","Passenger Vehicles",3,,
,,"Light Commercial Vehicles",0,,
,"Petrol leaded","Passenger Vehicles",59,,
,,"Light Commercial Vehicles",20,,
,"Petrol unleaded","Passenger Vehicles",5088,,
,,"Light Commercial Vehicles",199,,
,"LPG/Other gases","Passenger Vehicles",18,,
,,"Light Commercial Vehicles",16,,
,"Dual fuel","Passenger Vehicles",75,,
,,"Light Commercial Vehicles",17,,
,"Other","Passenger Vehicles",0,,
,,"Light Commercial Vehicles",0,,
,"Unknown","Passenger Vehicles",0,,
,,"Light Commercial Vehicles",0,,
"3058","Diesel","Passenger Vehicles",1705,,
,,"Light Commercial Vehicles",1320,,
,"Electric","Passenger Vehicles",20,,
,,"Light Commercial Vehicles",3,,
,"Petrol leaded","Passenger Vehicles",211,,
,,"Light Commercial Vehicles",42,,
,"Petrol unleaded","Passenger Vehicles",17168,,
,,"Light Commercial Vehicles",985,,
,"LPG/Other gases","Passenger Vehicles",213,,
,,"Light Commercial Vehicles",112,,
,"Dual fuel","Passenger Vehicles",563,,
,,"Light Commercial Vehicles",115,,
,"Other","Passenger Vehicles",0,,
,,"Light Commercial Vehicles",0,,
,"Unknown","Passenger Vehicles",0,,
,,"Light Commercial Vehicles",0,,
"3059","Diesel","Passenger Vehicles",1288,,
,,"Light Commercial Vehicles",1000,,
,"Electric","Passenger Vehicles",3,,
,,"Light Commercial Vehicles",0,,
,"Petrol leaded","Passenger Vehicles",127,,
,,"Light Commercial Vehicles",19,,
,"Petrol unleaded","Passenger Vehicles",10145,,
,,"Light Commercial Vehicles",531,,
,"LPG/Other gases","Passenger Vehicles",63,,
,,"Light Commercial Vehicles",52,,
,"Dual fuel","Passenger Vehicles",199,,
,,"Light Commercial Vehicles",41,,
,"Other","Passenger Vehicles",0,,
,,"Light Commercial Vehicles",0,,
,"Unknown","Passenger Vehicles",0,,
,,"Light Commercial Vehicles",0,,
"3060","Diesel","Passenger Vehicles",589,,
,,"Light Commercial Vehicles",494,,
,"Electric","Passenger Vehicles",6,,
,,"Light Commercial Vehicles",0,,
,"Petrol leaded","Passenger Vehicles",94,,
,,"Light Commercial Vehicles",18,,
,"Petrol unleaded","Passenger Vehicles",7379,,
,,"Light Commercial Vehicles",361,,
,"LPG/Other gases","Passenger Vehicles",109,,
,,"Light Commercial Vehicles",36,,
,"Dual fuel","Passenger Vehicles",281,,
,,"Light Commercial Vehicles",52,,
,"Other","Passenger Vehicles",3,,
,,"Light Commercial Vehicles",0,,
,"Unknown","Passenger Vehicles",3,,
,,"Light Commercial Vehicles",0,,
"3061","Diesel","Passenger Vehicles",896,,
,,"Light Commercial Vehicles",2532,,
,"Electric","Passenger Vehicles",0,,
,,"Light Commercial Vehicles",3,,
,"Petrol leaded","Passenger Vehicles",51,,
,,"Light Commercial Vehicles",7,,
,"Petrol unleaded","Passenger Vehicles",4353,,
,,"Light Commercial Vehicles",813,,
,"LPG/Other gases","Passenger Vehicles",71,,
,,"Light Commercial Vehicles",124,,
,"Dual fuel","Passenger Vehicles",163,,
,,"Light Commercial Vehicles",69,,
,"Other","Passenger Vehicles",0,,
,,"Light Commercial Vehicles",0,,
,"Unknown","Passenger Vehicles",0,,
,,"Light Commercial Vehicles",0,,
"3062","Diesel","Passenger Vehicles",103,,
,,"Light Commercial Vehicles",339,,
,"Electric","Passenger Vehicles",0,,
,,"Light Commercial Vehicles",0,,
,"Petrol leaded","Passenger Vehicles",0,,
,,"Light Commercial Vehicles",0,,
,"Petrol unleaded","Passenger Vehicles",506,,
,,"Light Commercial Vehicles",119,,
,"LPG/Other gases","Passenger Vehicles",13,,
,,"Light Commercial Vehicles",20,,
,"Dual fuel","Passenger Vehicles",7,,
,,"Light Commercial Vehicles",3,,
,"Other","Passenger Vehicles",0,,
,,"Light Commercial Vehicles",0,,
,"Unknown","Passenger Vehicles",0,,
,,"Light Commercial Vehicles",0,,
"3063","Diesel","Passenger Vehicles",90,,
,,"Light Commercial Vehicles",77,,
,"Electric","Passenger Vehicles",0,,
,,"Light Commercial Vehicles",0,,
,"Petrol leaded","Passenger Vehicles",14,,
,,"Light Commercial Vehicles",0,,
,"Petrol unleaded","Passenger Vehicles",289,,
,,"Light Commercial Vehicles",70,,
,"LPG/Other gases","Passenger Vehicles",3,,
,,"Light Commercial Vehicles",8,,
,"Dual fuel","Passenger Vehicles",10,,
,,"Light Commercial Vehicles",7,,
,"Other","Passenger Vehicles",0,,
,,"Light Commercial Vehicles",0,,
,"Unknown","Passenger Vehicles",0,,
,,"Light Commercial Vehicles",0,,
"3064","Diesel","Passenger Vehicles",4041,,
,,"Light Commercial Vehicles",3362,,
,"Electric","Passenger Vehicles",21,,
,,"Light Commercial Vehicles",0,,
,"Petrol leaded","Passenger Vehicles",220,,
,,"Light Commercial Vehicles",46,,
,"Petrol unleaded","Passenger Vehicles",43723,,
,,"Light Commercial Vehicles",1962,,
,"LPG/Other gases","Passenger Vehicles",656,,
,,"Light Commercial Vehicles",171,,
,"Dual fuel","Passenger Vehicles",1496,,
,,"Light Commercial Vehicles",247,,
,"Other","Passenger Vehicles",7,,
,,"Light Commercial Vehicles",0,,
,"Unknown","Passenger Vehicles",0,,
,,"Light Commercial Vehicles",0,,
"3065","Diesel","Passenger Vehicles",530,,
,,"Light Commercial Vehicles",219,,
,"Electric","Passenger Vehicles",11,,
,,"Light Commercial Vehicles",0,,
,"Petrol leaded","Passenger Vehicles",48,,
,,"Light Commercial Vehicles",11,,
,"Petrol unleaded","Passenger Vehicles",4305,,
,,"Light Commercial Vehicles",158,,
,"LPG/Other gases","Passenger Vehicles",18,,
,,"Light Commercial Vehicles",8,,
,"Dual fuel","Passenger Vehicles",55,,
,,"Light Commercial Vehicles",11,,
,"Other","Passenger Vehicles",0,,
,,"Light Commercial Vehicles",0,,
,"Unknown","Passenger Vehicles",0,,
,,"Light Commercial Vehicles",0,,
"3066","Diesel","Passenger Vehicles",519,,
,,"Light Commercial Vehicles",369,,
,"Electric","Passenger Vehicles",8,,
,,"Light Commercial Vehicles",0,,
,"Petrol leaded","Passenger Vehicles",39,,
,,"Light Commercial Vehicles",8,,
,"Petrol unleaded","Passenger Vehicles",4325,,
,,"Light Commercial Vehicles",242,,
,"LPG/Other gases","Passenger Vehicles",19,,
,,"Light Commercial Vehicles",36,,
,"Dual fuel","Passenger Vehicles",56,,
,,"Light Commercial Vehicles",11,,
,"Other","Passenger Vehicles",3,,
,,"Light Commercial Vehicles",0,,
,"Unknown","Passenger Vehicles",0,,
,,"Light Commercial Vehicles",0,,
"3067","Diesel","Passenger Vehicles",443,,
,,"Light Commercial Vehicles",309,,
,"Electric","Passenger Vehicles",3,,
,,"Light Commercial Vehicles",0,,
,"Petrol leaded","Passenger Vehicles",22,,
,,"Light Commercial Vehicles",5,,
,"Petrol unleaded","Passenger Vehicles",3801,,
,,"Light Commercial Vehicles",189,,
,"LPG/Other gases","Passenger Vehicles",6,,
,,"Light Commercial Vehicles",16,,
,"Dual fuel","Passenger Vehicles",36,,
,,"Light Commercial Vehicles",5,,
,"Other","Passenger Vehicles",0,,
,,"Light Commercial Vehicles",0,,
,"Unknown","Passenger Vehicles",0,,
,,"Light Commercial Vehicles",0,,
"3068","Diesel","Passenger Vehicles",1084,,
,,"Light Commercial Vehicles",396,,
,"Electric","Passenger Vehicles",13,,
,,"Light Commercial Vehicles",0,,
,"Petrol leaded","Passenger Vehicles",126,,
,,"Light Commercial Vehicles",28,,
,"Petrol unleaded","Passenger Vehicles",7936,,
,,"Light Commercial Vehicles",258,,
,"LPG/Other gases","Passenger Vehicles",27,,
,,"Light Commercial Vehicles",16,,
,"Dual fuel","Passenger Vehicles",79,,
,,"Light Commercial Vehicles",24,,
,"Other","Passenger Vehicles",0,,
,,"Light Commercial Vehicles",0,,
,"Unknown","Passenger Vehicles",0,,
,,"Light Commercial Vehicles",0,,
"3070","Diesel","Passenger Vehicles",1210,,
,,"Light Commercial Vehicles",542,,
,"Electric","Passenger Vehicles",16,,
,,"Light Commercial Vehicles",0,,
,"Petrol leaded","Passenger Vehicles",174,,
,,"Light Commercial Vehicles",38,,
,"Petrol unleaded","Passenger Vehicles",11006,,
,,"Light Commercial Vehicles",445,,
,"LPG/Other gases","Passenger Vehicles",52,,
,,"Light Commercial Vehicles",29,,
,"Dual fuel","Passenger Vehicles",191,,
,,"Light Commercial Vehicles",57,,
,"Other","Passenger Vehicles",0,,
,,"Light Commercial Vehicles",0,,
,"Unknown","Passenger Vehicles",0,,
,,"Light Commercial Vehicles",0,,
"3071","Diesel","Passenger Vehicles",801,,
,,"Light Commercial Vehicles",515,,
,"Electric","Passenger Vehicles",8,,
,,"Light Commercial Vehicles",0,,
,"Petrol leaded","Passenger Vehicles",122,,
,,"Light Commercial Vehicles",34,,
,"Petrol unleaded","Passenger Vehicles",8820,,
,,"Light Commercial Vehicles",461,,
,"LPG/Other gases","Passenger Vehicles",49,,
,,"Light Commercial Vehicles",30,,
,"Dual fuel","Passenger Vehicles",132,,
,,"Light Commercial Vehicles",49,,
,"Other","Passenger Vehicles",0,,
,,"Light Commercial Vehicles",5,,
,"Unknown","Passenger Vehicles",0,,
,,"Light Commercial Vehicles",0,,
"3072","Diesel","Passenger Vehicles",1691,,
,,"Light Commercial Vehicles",1943,,
,"Electric","Passenger Vehicles",13,,
,,"Light Commercial Vehicles",0,,
,"Petrol leaded","Passenger Vehicles",215,,
,,"Light Commercial Vehicles",47,,
,"Petrol unleaded","Passenger Vehicles",18910,,
,,"Light Commercial Vehicles",1021,,
,"LPG/Other gases","Passenger Vehicles",120,,
,,"Light Commercial Vehicles",69,,
,"Dual fuel","Passenger Vehicles",331,,
,,"Light Commercial Vehicles",89,,
,"Other","Passenger Vehicles",6,,
,,"Light Commercial Vehicles",0,,
,"Unknown","Passenger Vehicles",0,,
,,"Light Commercial Vehicles",0,,
"3073","Diesel","Passenger Vehicles",1814,,
,,"Light Commercial Vehicles",1785,,
,"Electric","Passenger Vehicles",15,,
,,"Light Commercial Vehicles",0,,
,"Petrol leaded","Passenger Vehicles",345,,
,,"Light Commercial Vehicles",71,,
,"Petrol unleaded","Passenger Vehicles",25316,,
,,"Light Commercial Vehicles",1359,,
,"LPG/Other gases","Passenger Vehicles",224,,
,,"Light Commercial Vehicles",108,,
,"Dual fuel","Passenger Vehicles",636,,
,,"Light Commercial Vehicles",151,,
,"Other","Passenger Vehicles",3,,
,,"Light Commercial Vehicles",0,,
,"Unknown","Passenger Vehicles",0,,
,,"Light Commercial Vehicles",0,,
"3074","Diesel","Passenger Vehicles",1207,,
,,"Light Commercial Vehicles",1942,,
,"Electric","Passenger Vehicles",10,,
,,"Light Commercial Vehicles",0,,
,"Petrol leaded","Passenger Vehicles",145,,
,,"Light Commercial Vehicles",23,,
,"Petrol unleaded","Passenger Vehicles",12558,,
,,"Light Commercial Vehicles",1024,,
,"LPG/Other gases","Passenger Vehicles",144,,
,,"Light Commercial Vehicles",100,,
,"Dual fuel","Passenger Vehicles",329,,
,,"Light Commercial Vehicles",99,,
,"Other","Passenger Vehicles",3,,
,,"Light Commercial Vehicles",0,,
,"Unknown","Passenger Vehicles",0,,
,,"Light Commercial Vehicles",0,,
"3075","Diesel","Passenger Vehicles",804,,
,,"Light Commercial Vehicles",731,,
,"Electric","Passenger Vehicles",3,,
,,"Light Commercial Vehicles",0,,
,"Petrol leaded","Passenger Vehicles",144,,
,,"Light Commercial Vehicles",21,,
,"Petrol unleaded","Passenger Vehicles",12028,,
,,"Light Commercial Vehicles",515,,
,"LPG/Other gases","Passenger Vehicles",153,,
,,"Light Commercial Vehicles",28,,
,"Dual fuel","Passenger Vehicles",372,,
,,"Light Commercial Vehicles",61,,
,"Other","Passenger Vehicles",0,,
,,"Light Commercial Vehicles",0,,
,"Unknown","Passenger Vehicles",0,,
,,"Light Commercial Vehicles",0,,
"3076","Diesel","Passenger Vehicles",1760,,
,,"Light Commercial Vehicles",1971,,
,"Electric","Passenger Vehicles",13,,
,,"Light Commercial Vehicles",0,,
,"Petrol leaded","Passenger Vehicles",120,,
,,"Light Commercial Vehicles",29,,
,"Petrol unleaded","Passenger Vehicles",17960,,
,,"Light Commercial Vehicles",932,,
,"LPG/Other gases","Passenger Vehicles",190,,
,,"Light Commercial Vehicles",88,,
,"Dual fuel","Passenger Vehicles",479,,
,,"Light Commercial Vehicles",93,,
,"Other","Passenger Vehicles",3,,
,,"Light Commercial Vehicles",0,,
,"Unknown","Passenger Vehicles",0,,
,,"Light Commercial Vehicles",0,,
"3078","Diesel","Passenger Vehicles",889,,
,,"Light Commercial Vehicles",451,,
,"Electric","Passenger Vehicles",10,,
,,"Light Commercial Vehicles",0,,
,"Petrol leaded","Passenger Vehicles",73,,
,,"Light Commercial Vehicles",22,,
,"Petrol unleaded","Passenger Vehicles",6380,,
,,"Light Commercial Vehicles",310,,
,"LPG/Other gases","Passenger Vehicles",14,,
,,"Light Commercial Vehicles",22,,
,"Dual fuel","Passenger Vehicles",65,,
,,"Light Commercial Vehicles",22,,
,"Other","Passenger Vehicles",3,,
,,"Light Commercial Vehicles",0,,
,"Unknown","Passenger Vehicles",0,,
,,"Light Commercial Vehicles",0,,
"3079","Diesel","Passenger Vehicles",1255,,
,,"Light Commercial Vehicles",438,,
,"Electric","Passenger Vehicles",17,,
,,"Light Commercial Vehicles",0,,
,"Petrol leaded","Passenger Vehicles",160,,
,,"Light Commercial Vehicles",15,,
,"Petrol unleaded","Passenger Vehicles",8974,,
,,"Light Commercial Vehicles",273,,
,"LPG/Other gases","Passenger Vehicles",20,,
,,"Light Commercial Vehicles",21,,
,"Dual fuel","Passenger Vehicles",108,,
,,"Light Commercial Vehicles",17,,
,"Other","Passenger Vehicles",0,,
,,"Light Commercial Vehicles",0,,
,"Unknown","Passenger Vehicles",0,,
,,"Light Commercial Vehicles",0,,
"3081","Diesel","Passenger Vehicles",695,,
,,"Light Commercial Vehicles",783,,
,"Electric","Passenger Vehicles",4,,
,,"Light Commercial Vehicles",0,,
,"Petrol leaded","Passenger Vehicles",66,,
,,"Light Commercial Vehicles",20,,
,"Petrol unleaded","Passenger Vehicles",7349,,
,,"Light Commercial Vehicles",518,,
,"LPG/Other gases","Passenger Vehicles",60,,
,,"Light Commercial Vehicles",63,,
,"Dual fuel","Passenger Vehicles",202,,
,,"Light Commercial Vehicles",52,,
,"Other","Passenger Vehicles",3,,
,,"Light Commercial Vehicles",0,,
,"Unknown","Passenger Vehicles",0,,
,,"Light Commercial Vehicles",0,,
"3082","Diesel","Passenger Vehicles",1394,,
,,"Light Commercial Vehicles",1259,,
,"Electric","Passenger Vehicles",5,,
,,"Light Commercial Vehicles",0,,
,"Petrol leaded","Passenger Vehicles",191,,
,,"Light Commercial Vehicles",25,,
,"Petrol unleaded","Passenger Vehicles",17096,,
,,"Light Commercial Vehicles",803,,
,"LPG/Other gases","Passenger Vehicles",130,,
,,"Light Commercial Vehicles",47,,
,"Dual fuel","Passenger Vehicles",358,,
,,"Light Commercial Vehicles",66,,
,"Other","Passenger Vehicles",3,,
,,"Light Commercial Vehicles",0,,
,"Unknown","Passenger Vehicles",0,,
,,"Light Commercial Vehicles",0,,
"3083","Diesel","Passenger Vehicles",1601,,
,,"Light Commercial Vehicles",1279,,
,"Electric","Passenger Vehicles",12,,
,,"Light Commercial Vehicles",0,,
,"Petrol leaded","Passenger Vehicles",151,,
,,"Light Commercial Vehicles",25,,
,"Petrol unleaded","Passenger Vehicles",17715,,
,,"Light Commercial Vehicles",763,,
,"LPG/Other gases","Passenger Vehicles",127,,
,,"Light Commercial Vehicles",65,,
,"Dual fuel","Passenger Vehicles",320,,
,,"Light Commercial Vehicles",61,,
,"Other","Passenger Vehicles",3,,
,,"Light Commercial Vehicles",0,,
,"Unknown","Passenger Vehicles",0,,
,,"Light Commercial Vehicles",0,,
"3084","Diesel","Passenger Vehicles",1744,,
,,"Light Commercial Vehicles",836,,
,"Electric","Passenger Vehicles",12,,
,,"Light Commercial Vehicles",0,,
,"Petrol leaded","Passenger Vehicles",166,,
,,"Light Commercial Vehicles",29,,
,"Petrol unleaded","Passenger Vehicles",14497,,
,,"Light Commercial Vehicles",463,,
,"LPG/Other gases","Passenger Vehicles",51,,
,,"Light Commercial Vehicles",35,,
,"Dual fuel","Passenger Vehicles",169,,
,,"Light Commercial Vehicles",49,,
,"Other","Passenger Vehicles",0,,
,,"Light Commercial Vehicles",0,,
,"Unknown","Passenger Vehicles",0,,
,,"Light Commercial Vehicles",0,,
"3085","Diesel","Passenger Vehicles",794,,
,,"Light Commercial Vehicles",488,,
,"Electric","Passenger Vehicles",5,,
,,"Light Commercial Vehicles",0,,
,"Petrol leaded","Passenger Vehicles",75,,
,,"Light Commercial Vehicles",12,,
,"Petrol unleaded","Passenger Vehicles",7189,,
,,"Light Commercial Vehicles",272,,
,"LPG/Other gases","Passenger Vehicles",20,,
,,"Light Commercial Vehicles",12,,
,"Dual fuel","Passenger Vehicles",80,,
,,"Light Commercial Vehicles",25,,
,"Other","Passenger Vehicles",0,,
,,"Light Commercial Vehicles",0,,
,"Unknown","Passenger Vehicles",0,,
,,"Light Commercial Vehicles",0,,
"3086","Diesel","Passenger Vehicles",0,,
,,"Light Commercial Vehicles",0,,
,"Electric","Passenger Vehicles",0,,
,,"Light Commercial Vehicles",0,,
,"Petrol leaded","Passenger Vehicles",0,,
,,"Light Commercial Vehicles",0,,
,"Petrol unleaded","Passenger Vehicles",6,,
,,"Light Commercial Vehicles",0,,
,"LPG/Other gases","Passenger Vehicles",0,,
,,"Light Commercial Vehicles",0,,
,"Dual fuel","Passenger Vehicles",0,,
,,"Light Commercial Vehicles",0,,
,"Other","Passenger Vehicles",0,,
,,"Light Commercial Vehicles",0,,
,"Unknown","Passenger Vehicles",0,,
,,"Light Commercial Vehicles",0,,
"3087","Diesel","Passenger Vehicles",415,,
,,"Light Commercial Vehicles",385,,
,"Electric","Passenger Vehicles",3,,
,,"Light Commercial Vehicles",0,,
,"Petrol leaded","Passenger Vehicles",59,,
,,"Light Commercial Vehicles",11,,
,"Petrol unleaded","Passenger Vehicles",4826,,
,,"Light Commercial Vehicles",252,,
,"LPG/Other gases","Passenger Vehicles",27,,
,,"Light Commercial Vehicles",14,,
,"Dual fuel","Passenger Vehicles",85,,
,,"Light Commercial Vehicles",28,,
,"Other","Passenger Vehicles",0,,
,,"Light Commercial Vehicles",0,,
,"Unknown","Passenger Vehicles",0,,
,,"Light Commercial Vehicles",0,,
"3088","Diesel","Passenger Vehicles",1779,,
,,"Light Commercial Vehicles",1382,,
,"Electric","Passenger Vehicles",7,,
,,"Light Commercial Vehicles",3,,
,"Petrol leaded","Passenger Vehicles",174,,
,,"Light Commercial Vehicles",36,,
,"Petrol unleaded","Passenger Vehicles",15167,,
,,"Light Commercial Vehicles",728,,
,"LPG/Other gases","Passenger Vehicles",109,,
,,"Light Commercial Vehicles",72,,
,"Dual fuel","Passenger Vehicles",224,,
,,"Light Commercial Vehicles",65,,
,"Other","Passenger Vehicles",0,,
,,"Light Commercial Vehicles",0,,
,"Unknown","Passenger Vehicles",0,,
,,"Light Commercial Vehicles",0,,
"3089","Diesel","Passenger Vehicles",936,,
,,"Light Commercial Vehicles",861,,
,"Electric","Passenger Vehicles",3,,
,,"Light Commercial Vehicles",0,,
,"Petrol leaded","Passenger Vehicles",107,,
,,"Light Commercial Vehicles",18,,
,"Petrol unleaded","Passenger Vehicles",6442,,
,,"Light Commercial Vehicles",420,,
,"LPG/Other gases","Passenger Vehicles",53,,
,,"Light Commercial Vehicles",39,,
,"Dual fuel","Passenger Vehicles",101,,
,,"Light Commercial Vehicles",41,,
,"Other","Passenger Vehicles",0,,
,,"Light Commercial Vehicles",0,,
,"Unknown","Passenger Vehicles",0,,
,,"Light Commercial Vehicles",0,,
"3090","Diesel","Passenger Vehicles",256,,
,,"Light Commercial Vehicles",277,,
,"Electric","Passenger Vehicles",0,,
,,"Light Commercial Vehicles",0,,
,"Petrol leaded","Passenger Vehicles",37,,
,,"Light Commercial Vehicles",11,,
,"Petrol unleaded","Passenger Vehicles",1328,,
,,"Light Commercial Vehicles",124,,
,"LPG/Other gases","Passenger Vehicles",16,,
,,"Light Commercial Vehicles",17,,
,"Dual fuel","Passenger Vehicles",17,,
,,"Light Commercial Vehicles",9,,
,"Other","Passenger Vehicles",0,,
,,"Light Commercial Vehicles",0,,
,"Unknown","Passenger Vehicles",0,,
,,"Light Commercial Vehicles",0,,
"3091","Diesel","Passenger Vehicles",184,,
,,"Light Commercial Vehicles",224,,
,"Electric","Passenger Vehicles",3,,
,,"Light Commercial Vehicles",0,,
,"Petrol leaded","Passenger Vehicles",39,,
,,"Light Commercial Vehicles",6,,
,"Petrol unleaded","Passenger Vehicles",879,,
,,"Light Commercial Vehicles",110,,
,"LPG/Other gases","Passenger Vehicles",10,,
,,"Light Commercial Vehicles",15,,
,"Dual fuel","Passenger Vehicles",24,,
,,"Light Commercial Vehicles",13,,
,"Other","Passenger Vehicles",0,,
,,"Light Commercial Vehicles",0,,
,"Unknown","Passenger Vehicles",0,,
,,"Light Commercial Vehicles",0,,
"3092","Diesel","Passenger Vehicles",0,,
,,"Light Commercial Vehicles",0,,
,"Electric","Passenger Vehicles",0,,
,,"Light Commercial Vehicles",0,,
,"Petrol leaded","Passenger Vehicles",0,,
,,"Light Commercial Vehicles",0,,
,"Petrol unleaded","Passenger Vehicles",0,,
,,"Light Commercial Vehicles",0,,
,"LPG/Other gases","Passenger Vehicles",0,,
,,"Light Commercial Vehicles",0,,
,"Dual fuel","Passenger Vehicles",0,,
,,"Light Commercial Vehicles",0,,
,"Other","Passenger Vehicles",0,,
,,"Light Commercial Vehicles",0,,
,"Unknown","Passenger Vehicles",0,,
,,"Light Commercial Vehicles",0,,
"3093","Diesel","Passenger Vehicles",385,,
,,"Light Commercial Vehicles",205,,
,"Electric","Passenger Vehicles",3,,
,,"Light Commercial Vehicles",0,,
,"Petrol leaded","Passenger Vehicles",63,,
,,"Light Commercial Vehicles",8,,
,"Petrol unleaded","Passenger Vehicles",2234,,
,,"Light Commercial Vehicles",94,,
,"LPG/Other gases","Passenger Vehicles",16,,
,,"Light Commercial Vehicles",20,,
,"Dual fuel","Passenger Vehicles",29,,
,,"Light Commercial Vehicles",18,,
,"Other","Passenger Vehicles",0,,
,,"Light Commercial Vehicles",0,,
,"Unknown","Passenger Vehicles",0,,
,,"Light Commercial Vehicles",0,,
"3094","Diesel","Passenger Vehicles",625,,
,,"Light Commercial Vehicles",429,,
,"Electric","Passenger Vehicles",4,,
,,"Light Commercial Vehicles",0,,
,"Petrol leaded","Passenger Vehicles",71,,
,,"Light Commercial Vehicles",20,,
,"Petrol unleaded","Passenger Vehicles",4986,,
,,"Light Commercial Vehicles",256,,
,"LPG/Other gases","Passenger Vehicles",16,,
,,"Light Commercial Vehicles",33,,
,"Dual fuel","Passenger Vehicles",67,,
,,"Light Commercial Vehicles",27,,
,"Other","Passenger Vehicles",0,,
,,"Light Commercial Vehicles",0,,
,"Unknown","Passenger Vehicles",0,,
,,"Light Commercial Vehicles",0,,
"3095","Diesel","Passenger Vehicles",2567,,
,,"Light Commercial Vehicles",1676,,
,"Electric","Passenger Vehicles",17,,
,,"Light Commercial Vehicles",0,,
,"Petrol leaded","Passenger Vehicles",236,,
,,"Light Commercial Vehicles",58,,
,"Petrol unleaded","Passenger Vehicles",15951,,
,,"Light Commercial Vehicles",858,,
,"LPG/Other gases","Passenger Vehicles",93,,
,,"Light Commercial Vehicles",83,,
,"Dual fuel","Passenger Vehicles",240,,
,,"Light Commercial Vehicles",85,,
,"Other","Passenger Vehicles",0,,
,,"Light Commercial Vehicles",0,,
,"Unknown","Passenger Vehicles",0,,
,,"Light Commercial Vehicles",0,,
"3096","Diesel","Passenger Vehicles",136,,
,,"Light Commercial Vehicles",177,,
,"Electric","Passenger Vehicles",3,,
,,"Light Commercial Vehicles",0,,
,"Petrol leaded","Passenger Vehicles",13,,
,,"Light Commercial Vehicles",3,,
,"Petrol unleaded","Passenger Vehicles",971,,
,,"Light Commercial Vehicles",86,,
,"LPG/Other gases","Passenger Vehicles",8,,
,,"Light Commercial Vehicles",6,,
,"Dual fuel","Passenger Vehicles",28,,
,,"Light Commercial Vehicles",11,,
,"Other","Passenger Vehicles",0,,
,,"Light Commercial Vehicles",0,,
,"Unknown","Passenger Vehicles",0,,
,,"Light Commercial Vehicles",0,,
"3097","Diesel","Passenger Vehicles",268,,
,,"Light Commercial Vehicles",176,,
,"Electric","Passenger Vehicles",0,,
,,"Light Commercial Vehicles",0,,
,"Petrol leaded","Passenger Vehicles",30,,
,,"Light Commercial Vehicles",9,,
,"Petrol unleaded","Passenger Vehicles",782,,
,,"Light Commercial Vehicles",80,,
,"LPG/Other gases","Passenger Vehicles",5,,
,,"Light Commercial Vehicles",8,,
,"Dual fuel","Passenger Vehicles",21,,
,,"Light Commercial Vehicles",9,,
,"Other","Passenger Vehicles",0,,
,,"Light Commercial Vehicles",0,,
,"Unknown","Passenger Vehicles",0,,
,,"Light Commercial Vehicles",0,,
"3099","Diesel","Passenger Vehicles",538,,
,,"Light Commercial Vehicles",606,,
,"Electric","Passenger Vehicles",5,,
,,"Light Commercial Vehicles",0,,
,"Petrol leaded","Passenger Vehicles",58,,
,,"Light Commercial Vehicles",18,,
,"Petrol unleaded","Passenger Vehicles",2482,,
,,"Light Commercial Vehicles",298,,
,"LPG/Other gases","Passenger Vehicles",15,,
,,"Light Commercial Vehicles",23,,
,"Dual fuel","Passenger Vehicles",71,,
,,"Light Commercial Vehicles",43,,
,"Other","Passenger Vehicles",0,,
,,"Light Commercial Vehicles",0,,
,"Unknown","Passenger Vehicles",0,,
,,"Light Commercial Vehicles",0,,
"3101","Diesel","Passenger Vehicles",2426,,
,,"Light Commercial Vehicles",627,,
,"Electric","Passenger Vehicles",39,,
,,"Light Commercial Vehicles",0,,
,"Petrol leaded","Passenger Vehicles",171,,
,,"Light Commercial Vehicles",18,,
,"Petrol unleaded","Passenger Vehicles",13338,,
,,"Light Commercial Vehicles",284,,
,"LPG/Other gases","Passenger Vehicles",30,,
,,"Light Commercial Vehicles",18,,
,"Dual fuel","Passenger Vehicles",105,,
,,"Light Commercial Vehicles",16,,
,"Other","Passenger Vehicles",24,,
,,"Light Commercial Vehicles",0,,
,"Unknown","Passenger Vehicles",0,,
,,"Light Commercial Vehicles",0,,
"3102","Diesel","Passenger Vehicles",599,,
,,"Light Commercial Vehicles",196,,
,"Electric","Passenger Vehicles",8,,
,,"Light Commercial Vehicles",0,,
,"Petrol leaded","Passenger Vehicles",38,,
,,"Light Commercial Vehicles",3,,
,"Petrol unleaded","Passenger Vehicles",3626,,
,,"Light Commercial Vehicles",107,,
,"LPG/Other gases","Passenger Vehicles",6,,
,,"Light Commercial Vehicles",3,,
,"Dual fuel","Passenger Vehicles",23,,
,,"Light Commercial Vehicles",11,,
,"Other","Passenger Vehicles",3,,
,,"Light Commercial Vehicles",0,,
,"Unknown","Passenger Vehicles",0,,
,,"Light Commercial Vehicles",0,,
"3103","Diesel","Passenger Vehicles",1617,,
,,"Light Commercial Vehicles",264,,
,"Electric","Passenger Vehicles",16,,
,,"Light Commercial Vehicles",0,,
,"Petrol leaded","Passenger Vehicles",71,,
,,"Light Commercial Vehicles",9,,
,"Petrol unleaded","Passenger Vehicles",8669,,
,,"Light Commercial Vehicles",169,,
,"LPG/Other gases","Passenger Vehicles",5,,
,,"Light Commercial Vehicles",16,,
,"Dual fuel","Passenger Vehicles",75,,
,,"Light Commercial Vehicles",11,,
,"Other","Passenger Vehicles",0,,
,,"Light Commercial Vehicles",0,,
,"Unknown","Passenger Vehicles",0,,
,,"Light Commercial Vehicles",0,,
"3104","Diesel","Passenger Vehicles",1919,,
,,"Light Commercial Vehicles",397,,
,"Electric","Passenger Vehicles",20,,
,,"Light Commercial Vehicles",0,,
,"Petrol leaded","Passenger Vehicles",134,,
,,"Light Commercial Vehicles",10,,
,"Petrol unleaded","Passenger Vehicles",11333,,
,,"Light Commercial Vehicles",253,,
,"LPG/Other gases","Passenger Vehicles",28,,
,,"Light Commercial Vehicles",16,,
,"Dual fuel","Passenger Vehicles",105,,
,,"Light Commercial Vehicles",11,,
,"Other","Passenger Vehicles",0,,
,,"Light Commercial Vehicles",0,,
,"Unknown","Passenger Vehicles",0,,
,,"Light Commercial Vehicles",0,,
"3105","Diesel","Passenger Vehicles",766,,
,,"Light Commercial Vehicles",358,,
,"Electric","Passenger Vehicles",3,,
,,"Light Commercial Vehicles",0,,
,"Petrol leaded","Passenger Vehicles",84,,
,,"Light Commercial Vehicles",4,,
,"Petrol unleaded","Passenger Vehicles",6489,,
,,"Light Commercial Vehicles",283,,
,"LPG/Other gases","Passenger Vehicles",36,,
,,"Light Commercial Vehicles",30,,
,"Dual fuel","Passenger Vehicles",105,,
,,"Light Commercial Vehicles",22,,
,"Other","Passenger Vehicles",0,,
,,"Light Commercial Vehicles",0,,
,"Unknown","Passenger Vehicles",0,,
,,"Light Commercial Vehicles",0,,
"3106","Diesel","Passenger Vehicles",1571,,
,,"Light Commercial Vehicles",517,,
,"Electric","Passenger Vehicles",9,,
,,"Light Commercial Vehicles",0,,
,"Petrol leaded","Passenger Vehicles",124,,
,,"Light Commercial Vehicles",20,,
,"Petrol unleaded","Passenger Vehicles",9963,,
,,"Light Commercial Vehicles",352,,
,"LPG/Other gases","Passenger Vehicles",40,,
,,"Light Commercial Vehicles",27,,
,"Dual fuel","Passenger Vehicles",101,,
,,"Light Commercial Vehicles",21,,
,"Other","Passenger Vehicles",0,,
,,"Light Commercial Vehicles",0,,
,"Unknown","Passenger Vehicles",0,,
,,"Light Commercial Vehicles",0,,
"3107","Diesel","Passenger Vehicles",917,,
,,"Light Commercial Vehicles",376,,
,"Electric","Passenger Vehicles",3,,
,,"Light Commercial Vehicles",0,,
,"Petrol leaded","Passenger Vehicles",72,,
,,"Light Commercial Vehicles",17,,
,"Petrol unleaded","Passenger Vehicles",7715,,
,,"Light Commercial Vehicles",272,,
,"LPG/Other gases","Passenger Vehicles",38,,
,,"Light Commercial Vehicles",17,,
,"Dual fuel","Passenger Vehicles",113,,
,,"Light Commercial Vehicles",25,,
,"Other","Passenger Vehicles",0,,
,,"Light Commercial Vehicles",0,,
,"Unknown","Passenger Vehicles",0,,
,,"Light Commercial Vehicles",0,,
"3108","Diesel","Passenger Vehicles",2162,,
,,"Light Commercial Vehicles",722,,
,"Electric","Passenger Vehicles",13,,
,,"Light Commercial Vehicles",0,,
,"Petrol leaded","Passenger Vehicles",114,,
,,"Light Commercial Vehicles",9,,
,"Petrol unleaded","Passenger Vehicles",14732,,
,,"Light Commercial Vehicles",306,,
,"LPG/Other gases","Passenger Vehicles",62,,
,,"Light Commercial Vehicles",34,,
,"Dual fuel","Passenger Vehicles",150,,
,,"Light Commercial Vehicles",38,,
,"Other","Passenger Vehicles",0,,
,,"Light Commercial Vehicles",0,,
,"Unknown","Passenger Vehicles",0,,
,,"Light Commercial Vehicles",0,,
"3109","Diesel","Passenger Vehicles",1872,,
,,"Light Commercial Vehicles",599,,
,"Electric","Passenger Vehicles",6,,
,,"Light Commercial Vehicles",0,,
,"Petrol leaded","Passenger Vehicles",126,,
,,"Light Commercial Vehicles",17,,
,"Petrol unleaded","Passenger Vehicles",16580,,
,,"Light Commercial Vehicles",438,,
,"LPG/Other gases","Passenger Vehicles",53,,
,,"Light Commercial Vehicles",33,,
,"Dual fuel","Passenger Vehicles",172,,
,,"Light Commercial Vehicles",35,,
,"Other","Passenger Vehicles",5,,
,,"Light Commercial Vehicles",0,,
,"Unknown","Passenger Vehicles",0,,
,,"Light Commercial Vehicles",0,,
"3110","Diesel","Passenger Vehicles",0,,
,,"Light Commercial Vehicles",0,,
,"Electric","Passenger Vehicles",0,,
,,"Light Commercial Vehicles",0,,
,"Petrol leaded","Passenger Vehicles",0,,
,,"Light Commercial Vehicles",0,,
,"Petrol unleaded","Passenger Vehicles",0,,
,,"Light Commercial Vehicles",0,,
,"LPG/Other gases","Passenger Vehicles",0,,
,,"Light Commercial Vehicles",0,,
,"Dual fuel","Passenger Vehicles",0,,
,,"Light Commercial Vehicles",0,,
,"Other","Passenger Vehicles",0,,
,,"Light Commercial Vehicles",0,,
,"Unknown","Passenger Vehicles",0,,
,,"Light Commercial Vehicles",0,,
"3111","Diesel","Passenger Vehicles",1080,,
,,"Light Commercial Vehicles",378,,
,"Electric","Passenger Vehicles",19,,
,,"Light Commercial Vehicles",0,,
,"Petrol leaded","Passenger Vehicles",115,,
,,"Light Commercial Vehicles",22,,
,"Petrol unleaded","Passenger Vehicles",7162,,
,,"Light Commercial Vehicles",245,,
,"LPG/Other gases","Passenger Vehicles",21,,
,,"Light Commercial Vehicles",19,,
,"Dual fuel","Passenger Vehicles",99,,
,,"Light Commercial Vehicles",23,,
,"Other","Passenger Vehicles",3,,
,,"Light Commercial Vehicles",0,,
,"Unknown","Passenger Vehicles",0,,
,,"Light Commercial Vehicles",0,,
"3113","Diesel","Passenger Vehicles",1043,,
,,"Light Commercial Vehicles",578,,
,"Electric","Passenger Vehicles",3,,
,,"Light Commercial Vehicles",0,,
,"Petrol leaded","Passenger Vehicles",90,,
,,"Light Commercial Vehicles",13,,
,"Petrol unleaded","Passenger Vehicles",4792,,
,,"Light Commercial Vehicles",296,,
,"LPG/Other gases","Passenger Vehicles",28,,
,,"Light Commercial Vehicles",21,,
,"Dual fuel","Passenger Vehicles",88,,
,,"Light Commercial Vehicles",20,,
,"Other","Passenger Vehicles",0,,
,,"Light Commercial Vehicles",0,,
,"Unknown","Passenger Vehicles",0,,
,,"Light Commercial Vehicles",0,,
"3114","Diesel","Passenger Vehicles",484,,
,,"Light Commercial Vehicles",278,,
,"Electric","Passenger Vehicles",5,,
,,"Light Commercial Vehicles",0,,
,"Petrol leaded","Passenger Vehicles",79,,
,,"Light Commercial Vehicles",6,,
,"Petrol unleaded","Passenger Vehicles",2237,,
,,"Light Commercial Vehicles",138,,
,"LPG/Other gases","Passenger Vehicles",8,,
,,"Light Commercial Vehicles",7,,
,"Dual fuel","Passenger Vehicles",29,,
,,"Light Commercial Vehicles",15,,
,"Other","Passenger Vehicles",0,,
,,"Light Commercial Vehicles",0,,
,"Unknown","Passenger Vehicles",0,,
,,"Light Commercial Vehicles",0,,
"3115","Diesel","Passenger Vehicles",518,,
,,"Light Commercial Vehicles",411,,
,"Electric","Passenger Vehicles",5,,
,,"Light Commercial Vehicles",0,,
,"Petrol leaded","Passenger Vehicles",65,,
,,"Light Commercial Vehicles",15,,
,"Petrol unleaded","Passenger Vehicles",2118,,
,,"Light Commercial Vehicles",183,,
,"LPG/Other gases","Passenger Vehicles",10,,
,,"Light Commercial Vehicles",19,,
,"Dual fuel","Passenger Vehicles",47,,
,,"Light Commercial Vehicles",16,,
,"Other","Passenger Vehicles",0,,
,,"Light Commercial Vehicles",0,,
,"Unknown","Passenger Vehicles",0,,
,,"Light Commercial Vehicles",0,,
"3116","Diesel","Passenger Vehicles",846,,
,,"Light Commercial Vehicles",770,,
,"Electric","Passenger Vehicles",3,,
,,"Light Commercial Vehicles",0,,
,"Petrol leaded","Passenger Vehicles",95,,
,,"Light Commercial Vehicles",19,,
,"Petrol unleaded","Passenger Vehicles",5754,,
,,"Light Commercial Vehicles",331,,
,"LPG/Other gases","Passenger Vehicles",30,,
,,"Light Commercial Vehicles",33,,
,"Dual fuel","Passenger Vehicles",153,,
,,"Light Commercial Vehicles",53,,
,"Other","Passenger Vehicles",0,,
,,"Light Commercial Vehicles",0,,
,"Unknown","Passenger Vehicles",0,,
,,"Light Commercial Vehicles",0,,
"3120","Diesel","Passenger Vehicles",0,,
,,"Light Commercial Vehicles",0,,
,"Electric","Passenger Vehicles",0,,
,,"Light Commercial Vehicles",0,,
,"Petrol leaded","Passenger Vehicles",0,,
,,"Light Commercial Vehicles",0,,
,"Petrol unleaded","Passenger Vehicles",0,,
,,"Light Commercial Vehicles",0,,
,"LPG/Other gases","Passenger Vehicles",0,,
,,"Light Commercial Vehicles",0,,
,"Dual fuel","Passenger Vehicles",0,,
,,"Light Commercial Vehicles",0,,
,"Other","Passenger Vehicles",0,,
,,"Light Commercial Vehicles",0,,
,"Unknown","Passenger Vehicles",0,,
,,"Light Commercial Vehicles",0,,
"3121","Diesel","Passenger Vehicles",4658,,
,,"Light Commercial Vehicles",3939,,
,"Electric","Passenger Vehicles",79,,
,,"Light Commercial Vehicles",3,,
,"Petrol leaded","Passenger Vehicles",155,,
,,"Light Commercial Vehicles",31,,
,"Petrol unleaded","Passenger Vehicles",22298,,
,,"Light Commercial Vehicles",798,,
,"LPG/Other gases","Passenger Vehicles",52,,
,,"Light Commercial Vehicles",54,,
,"Dual fuel","Passenger Vehicles",170,,
,,"Light Commercial Vehicles",41,,
,"Other","Passenger Vehicles",16,,
,,"Light Commercial Vehicles",0,,
,"Unknown","Passenger Vehicles",0,,
,,"Light Commercial Vehicles",0,,
"3122","Diesel","Passenger Vehicles",1909,,
,,"Light Commercial Vehicles",511,,
,"Electric","Passenger Vehicles",24,,
,,"Light Commercial Vehicles",0,,
,"Petrol leaded","Passenger Vehicles",157,,
,,"Light Commercial Vehicles",25,,
,"Petrol unleaded","Passenger Vehicles",11059,,
,,"Light Commercial Vehicles",266,,
,"LPG/Other gases","Passenger Vehicles",23,,
,,"Light Commercial Vehicles",17,,
,"Dual fuel","Passenger Vehicles",77,,
,,"Light Commercial Vehicles",20,,
,"Other","Passenger Vehicles",3,,
,,"Light Commercial Vehicles",0,,
,"Unknown","Passenger Vehicles",0,,
,,"Light Commercial Vehicles",0,,
"3123","Diesel","Passenger Vehicles",1278,,
,,"Light Commercial Vehicles",453,,
,"Electric","Passenger Vehicles",20,,
,,"Light Commercial Vehicles",0,,
,"Petrol leaded","Passenger Vehicles",85,,
,,"Light Commercial Vehicles",12,,
,"Petrol unleaded","Passenger Vehicles",7558,,
,,"Light Commercial Vehicles",173,,
,"LPG/Other gases","Passenger Vehicles",8,,
,,"Light Commercial Vehicles",17,,
,"Dual fuel","Passenger Vehicles",57,,
,,"Light Commercial Vehicles",14,,
,"Other","Passenger Vehicles",3,,
,,"Light Commercial Vehicles",0,,
,"Unknown","Passenger Vehicles",0,,
,,"Light Commercial Vehicles",0,,
"3124","Diesel","Passenger Vehicles",2095,,
,,"Light Commercial Vehicles",496,,
,"Electric","Passenger Vehicles",30,,
,,"Light Commercial Vehicles",0,,
,"Petrol leaded","Passenger Vehicles",180,,
,,"Light Commercial Vehicles",13,,
,"Petrol unleaded","Passenger Vehicles",12051,,
,,"Light Commercial Vehicles",237,,
,"LPG/Other gases","Passenger Vehicles",20,,
,,"Light Commercial Vehicles",17,,
,"Dual fuel","Passenger Vehicles",90,,
,,"Light Commercial Vehicles",18,,
,"Other","Passenger Vehicles",0,,
,,"Light Commercial Vehicles",0,,
,"Unknown","Passenger Vehicles",0,,
,,"Light Commercial Vehicles",0,,
"3125","Diesel","Passenger Vehicles",1158,,
,,"Light Commercial Vehicles",745,,
,"Electric","Passenger Vehicles",6,,
,,"Light Commercial Vehicles",0,,
,"Petrol leaded","Passenger Vehicles",61,,
,,"Light Commercial Vehicles",12,,
,"Petrol unleaded","Passenger Vehicles",8230,,
,,"Light Commercial Vehicles",265,,
,"LPG/Other gases","Passenger Vehicles",45,,
,,"Light Commercial Vehicles",15,,
,"Dual fuel","Passenger Vehicles",97,,
,,"Light Commercial Vehicles",16,,
,"Other","Passenger Vehicles",0,,
,,"Light Commercial Vehicles",0,,
,"Unknown","Passenger Vehicles",0,,
,,"Light Commercial Vehicles",0,,
"3126","Diesel","Passenger Vehicles",964,,
,,"Light Commercial Vehicles",248,,
,"Electric","Passenger Vehicles",13,,
,,"Light Commercial Vehicles",0,,
,"Petrol leaded","Passenger Vehicles",69,,
,,"Light Commercial Vehicles",10,,
,"Petrol unleaded","Passenger Vehicles",4453,,
,,"Light Commercial Vehicles",96,,
,"LPG/Other gases","Passenger Vehicles",14,,
,,"Light Commercial Vehicles",4,,
,"Dual fuel","Passenger Vehicles",35,,
,,"Light Commercial Vehicles",4,,
,"Other","Passenger Vehicles",0,,
,,"Light Commercial Vehicles",0,,
,"Unknown","Passenger Vehicles",0,,
,,"Light Commercial Vehicles",0,,
"3127","Diesel","Passenger Vehicles",1722,,
,,"Light Commercial Vehicles",405,,
,"Electric","Passenger Vehicles",15,,
,,"Light Commercial Vehicles",0,,
,"Petrol leaded","Passenger Vehicles",138,,
,,"Light Commercial Vehicles",16,,
,"Petrol unleaded","Passenger Vehicles",10190,,
,,"Light Commercial Vehicles",252,,
,"LPG/Other gases","Passenger Vehicles",25,,
,,"Light Commercial Vehicles",18,,
,"Dual fuel","Passenger Vehicles",66,,
,,"Light Commercial Vehicles",13,,
,"Other","Passenger Vehicles",0,,
,,"Light Commercial Vehicles",0,,
,"Unknown","Passenger Vehicles",0,,
,,"Light Commercial Vehicles",0,,
"3128","Diesel","Passenger Vehicles",1258,,
,,"Light Commercial Vehicles",460,,
,"Electric","Passenger Vehicles",10,,
,,"Light Commercial Vehicles",0,,
,"Petrol leaded","Passenger Vehicles",103,,
,,"Light Commercial Vehicles",17,,
,"Petrol unleaded","Passenger Vehicles",10610,,
,,"Light Commercial Vehicles",340,,
,"LPG/Other gases","Passenger Vehicles",26,,
,,"Light Commercial Vehicles",11,,
,"Dual fuel","Passenger Vehicles",120,,
,,"Light Commercial Vehicles",25,,
,"Other","Passenger Vehicles",3,,
,,"Light Commercial Vehicles",0,,
,"Unknown","Passenger Vehicles",0,,
,,"Light Commercial Vehicles",0,,
"3129","Diesel","Passenger Vehicles",1014,,
,,"Light Commercial Vehicles",378,,
,"Electric","Passenger Vehicles",10,,
,,"Light Commercial Vehicles",0,,
,"Petrol leaded","Passenger Vehicles",76,,
,,"Light Commercial Vehicles",14,,
,"Petrol unleaded","Passenger Vehicles",9130,,
,,"Light Commercial Vehicles",227,,
,"LPG/Other gases","Passenger Vehicles",35,,
,,"Light Commercial Vehicles",14,,
,"Dual fuel","Passenger Vehicles",93,,
,,"Light Commercial Vehicles",11,,
,"Other","Passenger Vehicles",0,,
,,"Light Commercial Vehicles",0,,
,"Unknown","Passenger Vehicles",0,,
,,"Light Commercial Vehicles",0,,
"3130","Diesel","Passenger Vehicles",2255,,
,,"Light Commercial Vehicles",1089,,
,"Electric","Passenger Vehicles",19,,
,,"Light Commercial Vehicles",0,,
,"Petrol leaded","Passenger Vehicles",197,,
,,"Light Commercial Vehicles",24,,
,"Petrol unleaded","Passenger Vehicles",18556,,
,,"Light Commercial Vehicles",570,,
,"LPG/Other gases","Passenger Vehicles",67,,
,,"Light Commercial Vehicles",39,,
,"Dual fuel","Passenger Vehicles",246,,
,,"Light Commercial Vehicles",48,,
,"Other","Passenger Vehicles",6,,
,,"Light Commercial Vehicles",3,,
,"Unknown","Passenger Vehicles",0,,
,,"Light Commercial Vehicles",0,,
"3131","Diesel","Passenger Vehicles",1374,,
,,"Light Commercial Vehicles",921,,
,"Electric","Passenger Vehicles",11,,
,,"Light Commercial Vehicles",0,,
,"Petrol leaded","Passenger Vehicles",102,,
,,"Light Commercial Vehicles",14,,
,"Petrol unleaded","Passenger Vehicles",12867,,
,,"Light Commercial Vehicles",426,,
,"LPG/Other gases","Passenger Vehicles",62,,
,,"Light Commercial Vehicles",40,,
,"Dual fuel","Passenger Vehicles",211,,
,,"Light Commercial Vehicles",55,,
,"Other","Passenger Vehicles",3,,
,,"Light Commercial Vehicles",0,,
,"Unknown","Passenger Vehicles",0,,
,,"Light Commercial Vehicles",0,,
"3132","Diesel","Passenger Vehicles",1107,,
,,"Light Commercial Vehicles",702,,
,"Electric","Passenger Vehicles",9,,
,,"Light Commercial Vehicles",0,,
,"Petrol leaded","Passenger Vehicles",86,,
,,"Light Commercial Vehicles",23,,
,"Petrol unleaded","Passenger Vehicles",9321,,
,,"Light Commercial Vehicles",309,,
,"LPG/Other gases","Passenger Vehicles",49,,
,,"Light Commercial Vehicles",39,,
,"Dual fuel","Passenger Vehicles",131,,
,,"Light Commercial Vehicles",27,,
,"Other","Passenger Vehicles",3,,
,,"Light Commercial Vehicles",0,,
,"Unknown","Passenger Vehicles",0,,
,,"Light Commercial Vehicles",0,,
"3133","Diesel","Passenger Vehicles",1543,,
,,"Light Commercial Vehicles",767,,
,"Electric","Passenger Vehicles",9,,
,,"Light Commercial Vehicles",0,,
,"Petrol leaded","Passenger Vehicles",106,,
,,"Light Commercial Vehicles",18,,
,"Petrol unleaded","Passenger Vehicles",13099,,
,,"Light Commercial Vehicles",396,,
,"LPG/Other gases","Passenger Vehicles",69,,
,,"Light Commercial Vehicles",57,,
,"Dual fuel","Passenger Vehicles",179,,
,,"Light Commercial Vehicles",50,,
,"Other","Passenger Vehicles",0,,
,,"Light Commercial Vehicles",0,,
,"Unknown","Passenger Vehicles",0,,
,,"Light Commercial Vehicles",0,,
"3134","Diesel","Passenger Vehicles",2704,,
,,"Light Commercial Vehicles",1894,,
,"Electric","Passenger Vehicles",10,,
,,"Light Commercial Vehicles",3,,
,"Petrol leaded","Passenger Vehicles",187,,
,,"Light Commercial Vehicles",34,,
,"Petrol unleaded","Passenger Vehicles",19788,,
,,"Light Commercial Vehicles",909,,
,"LPG/Other gases","Passenger Vehicles",98,,
,,"Light Commercial Vehicles",91,,
,"Dual fuel","Passenger Vehicles",312,,
,,"Light Commercial Vehicles",86,,
,"Other","Passenger Vehicles",0,,
,,"Light Commercial Vehicles",0,,
,"Unknown","Passenger Vehicles",0,,
,,"Light Commercial Vehicles",0,,
"3135","Diesel","Passenger Vehicles",1259,,
,,"Light Commercial Vehicles",746,,
,"Electric","Passenger Vehicles",7,,
,,"Light Commercial Vehicles",0,,
,"Petrol leaded","Passenger Vehicles",131,,
,,"Light Commercial Vehicles",18,,
,"Petrol unleaded","Passenger Vehicles",10416,,
,,"Light Commercial Vehicles",415,,
,"LPG/Other gases","Passenger Vehicles",59,,
,,"Light Commercial Vehicles",45,,
,"Dual fuel","Passenger Vehicles",230,,
,,"Light Commercial Vehicles",55,,
,"Other","Passenger Vehicles",0,,
,,"Light Commercial Vehicles",0,,
,"Unknown","Passenger Vehicles",0,,
,,"Light Commercial Vehicles",0,,
"3136","Diesel","Passenger Vehicles",2981,,
,,"Light Commercial Vehicles",2520,,
,"Electric","Passenger Vehicles",8,,
,,"Light Commercial Vehicles",0,,
,"Petrol leaded","Passenger Vehicles",298,,
,,"Light Commercial Vehicles",55,,
,"Petrol unleaded","Passenger Vehicles",25280,,
,,"Light Commercial Vehicles",1274,,
,"LPG/Other gases","Passenger Vehicles",129,,
,,"Light Commercial Vehicles",118,,
,"Dual fuel","Passenger Vehicles",516,,
,,"Light Commercial Vehicles",140,,
,"Other","Passenger Vehicles",0,,
,,"Light Commercial Vehicles",0,,
,"Unknown","Passenger Vehicles",0,,
,,"Light Commercial Vehicles",0,,
"3137","Diesel","Passenger Vehicles",1020,,
,,"Light Commercial Vehicles",1300,,
,"Electric","Passenger Vehicles",0,,
,,"Light Commercial Vehicles",0,,
,"Petrol leaded","Passenger Vehicles",131,,
,,"Light Commercial Vehicles",33,,
,"Petrol unleaded","Passenger Vehicles",7773,,
,,"Light Commercial Vehicles",608,,
,"LPG/Other gases","Passenger Vehicles",73,,
,,"Light Commercial Vehicles",47,,
,"Dual fuel","Passenger Vehicles",244,,
,,"Light Commercial Vehicles",77,,
,"Other","Passenger Vehicles",0,,
,,"Light Commercial Vehicles",0,,
,"Unknown","Passenger Vehicles",0,,
,,"Light Commercial Vehicles",0,,
"3138","Diesel","Passenger Vehicles",1360,,
,,"Light Commercial Vehicles",1319,,
,"Electric","Passenger Vehicles",5,,
,,"Light Commercial Vehicles",0,,
,"Petrol leaded","Passenger Vehicles",166,,
,,"Light Commercial Vehicles",32,,
,"Petrol unleaded","Passenger Vehicles",11585,,
,,"Light Commercial Vehicles",630,,
,"LPG/Other gases","Passenger Vehicles",99,,
,,"Light Commercial Vehicles",56,,
,"Dual fuel","Passenger Vehicles",338,,
,,"Light Commercial Vehicles",81,,
,"Other","Passenger Vehicles",0,,
,,"Light Commercial Vehicles",0,,
,"Unknown","Passenger Vehicles",0,,
,,"Light Commercial Vehicles",0,,
"3139","Diesel","Passenger Vehicles",1576,,
,,"Light Commercial Vehicles",2166,,
,"Electric","Passenger Vehicles",3,,
,,"Light Commercial Vehicles",0,,
,"Petrol leaded","Passenger Vehicles",189,,
,,"Light Commercial Vehicles",92,,
,"Petrol unleaded","Passenger Vehicles",6632,,
,,"Light Commercial Vehicles",914,,
,"LPG/Other gases","Passenger Vehicles",79,,
,,"Light Commercial Vehicles",80,,
,"Dual fuel","Passenger Vehicles",340,,
,,"Light Commercial Vehicles",169,,
,"Other","Passenger Vehicles",0,,
,,"Light Commercial Vehicles",0,,
,"Unknown","Passenger Vehicles",0,,
,,"Light Commercial Vehicles",0,,
"3140","Diesel","Passenger Vehicles",1519,,
,,"Light Commercial Vehicles",2011,,
,"Electric","Passenger Vehicles",6,,
,,"Light Commercial Vehicles",0,,
,"Petrol leaded","Passenger Vehicles",165,,
,,"Light Commercial Vehicles",45,,
,"Petrol unleaded","Passenger Vehicles",9551,,
,,"Light Commercial Vehicles",693,,
,"LPG/Other gases","Passenger Vehicles",50,,
,,"Light Commercial Vehicles",80,,
,"Dual fuel","Passenger Vehicles",272,,
,,"Light Commercial Vehicles",105,,
,"Other","Passenger Vehicles",0,,
,,"Light Commercial Vehicles",0,,
,"Unknown","Passenger Vehicles",0,,
,,"Light Commercial Vehicles",0,,
"3141","Diesel","Passenger Vehicles",1706,,
,,"Light Commercial Vehicles",400,,
,"Electric","Passenger Vehicles",39,,
,,"Light Commercial Vehicles",0,,
,"Petrol leaded","Passenger Vehicles",179,,
,,"Light Commercial Vehicles",25,,
,"Petrol unleaded","Passenger Vehicles",10590,,
,,"Light Commercial Vehicles",201,,
,"LPG/Other gases","Passenger Vehicles",16,,
,,"Light Commercial Vehicles",9,,
,"Dual fuel","Passenger Vehicles",49,,
,,"Light Commercial Vehicles",10,,
,"Other","Passenger Vehicles",3,,
,,"Light Commercial Vehicles",0,,
,"Unknown","Passenger Vehicles",0,,
,,"Light Commercial Vehicles",0,,
"3142","Diesel","Passenger Vehicles",1683,,
,,"Light Commercial Vehicles",239,,
,"Electric","Passenger Vehicles",56,,
,,"Light Commercial Vehicles",0,,
,"Petrol leaded","Passenger Vehicles",215,,
,,"Light Commercial Vehicles",26,,
,"Petrol unleaded","Passenger Vehicles",8021,,
,,"Light Commercial Vehicles",129,,
,"LPG/Other gases","Passenger Vehicles",7,,
,,"Light Commercial Vehicles",6,,
,"Dual fuel","Passenger Vehicles",39,,
,,"Light Commercial Vehicles",12,,
,"Other","Passenger Vehicles",0,,
,,"Light Commercial Vehicles",0,,
,"Unknown","Passenger Vehicles",0,,
,,"Light Commercial Vehicles",0,,
"3143","Diesel","Passenger Vehicles",888,,
,,"Light Commercial Vehicles",129,,
,"Electric","Passenger Vehicles",17,,
,,"Light Commercial Vehicles",0,,
,"Petrol leaded","Passenger Vehicles",66,,
,,"Light Commercial Vehicles",6,,
,"Petrol unleaded","Passenger Vehicles",4825,,
,,"Light Commercial Vehicles",77,,
,"LPG/Other gases","Passenger Vehicles",4,,
,,"Light Commercial Vehicles",5,,
,"Dual fuel","Passenger Vehicles",32,,
,,"Light Commercial Vehicles",6,,
,"Other","Passenger Vehicles",3,,
,,"Light Commercial Vehicles",0,,
,"Unknown","Passenger Vehicles",0,,
,,"Light Commercial Vehicles",0,,
"3144","Diesel","Passenger Vehicles",1592,,
,,"Light Commercial Vehicles",371,,
,"Electric","Passenger Vehicles",21,,
,,"Light Commercial Vehicles",0,,
,"Petrol leaded","Passenger Vehicles",62,,
,,"Light Commercial Vehicles",13,,
,"Petrol unleaded","Passenger Vehicles",6440,,
,,"Light Commercial Vehicles",188,,
,"LPG/Other gases","Passenger Vehicles",15,,
,,"Light Commercial Vehicles",18,,
,"Dual fuel","Passenger Vehicles",25,,
,,"Light Commercial Vehicles",9,,
,"Other","Passenger Vehicles",0,,
,,"Light Commercial Vehicles",0,,
,"Unknown","Passenger Vehicles",0,,
,,"Light Commercial Vehicles",0,,
"3145","Diesel","Passenger Vehicles",1848,,
,,"Light Commercial Vehicles",553,,
,"Electric","Passenger Vehicles",14,,
,,"Light Commercial Vehicles",0,,
,"Petrol leaded","Passenger Vehicles",131,,
,,"Light Commercial Vehicles",23,,
,"Petrol unleaded","Passenger Vehicles",11302,,
,,"Light Commercial Vehicles",300,,
,"LPG/Other gases","Passenger Vehicles",30,,
,,"Light Commercial Vehicles",27,,
,"Dual fuel","Passenger Vehicles",101,,
,,"Light Commercial Vehicles",27,,
,"Other","Passenger Vehicles",3,,
,,"Light Commercial Vehicles",0,,
,"Unknown","Passenger Vehicles",0,,
,,"Light Commercial Vehicles",0,,
"3146","Diesel","Passenger Vehicles",2182,,
,,"Light Commercial Vehicles",454,,
,"Electric","Passenger Vehicles",25,,
,,"Light Commercial Vehicles",0,,
,"Petrol leaded","Passenger Vehicles",185,,
,,"Light Commercial Vehicles",16,,
,"Petrol unleaded","Passenger Vehicles",13231,,
,,"Light Commercial Vehicles",261,,
,"LPG/Other gases","Passenger Vehicles",26,,
,,"Light Commercial Vehicles",17,,
,"Dual fuel","Passenger Vehicles",106,,
,,"Light Commercial Vehicles",16,,
,"Other","Passenger Vehicles",3,,
,,"Light Commercial Vehicles",0,,
,"Unknown","Passenger Vehicles",0,,
,,"Light Commercial Vehicles",0,,
"3147","Diesel","Passenger Vehicles",1014,,
,,"Light Commercial Vehicles",314,,
,"Electric","Passenger Vehicles",7,,
,,"Light Commercial Vehicles",0,,
,"Petrol leaded","Passenger Vehicles",75,,
,,"Light Commercial Vehicles",15,,
,"Petrol unleaded","Passenger Vehicles",7591,,
,,"Light Commercial Vehicles",196,,
,"LPG/Other gases","Passenger Vehicles",29,,
,,"Light Commercial Vehicles",19,,
,"Dual fuel","Passenger Vehicles",101,,
,,"Light Commercial Vehicles",16,,
,"Other","Passenger Vehicles",6,,
,,"Light Commercial Vehicles",0,,
,"Unknown","Passenger Vehicles",0,,
,,"Light Commercial Vehicles",0,,
"3148","Diesel","Passenger Vehicles",500,,
,,"Light Commercial Vehicles",252,,
,"Electric","Passenger Vehicles",0,,
,,"Light Commercial Vehicles",0,,
,"Petrol leaded","Passenger Vehicles",45,,
,,"Light Commercial Vehicles",11,,
,"Petrol unleaded","Passenger Vehicles",5310,,
,,"Light Commercial Vehicles",186,,
,"LPG/Other gases","Passenger Vehicles",27,,
,,"Light Commercial Vehicles",13,,
,"Dual fuel","Passenger Vehicles",66,,
,,"Light Commercial Vehicles",22,,
,"Other","Passenger Vehicles",0,,
,,"Light Commercial Vehicles",0,,
,"Unknown","Passenger Vehicles",0,,
,,"Light Commercial Vehicles",0,,
"3149","Diesel","Passenger Vehicles",2721,,
,,"Light Commercial Vehicles",1259,,
,"Electric","Passenger Vehicles",30,,
,,"Light Commercial Vehicles",0,,
,"Petrol leaded","Passenger Vehicles",219,,
,,"Light Commercial Vehicles",34,,
,"Petrol unleaded","Passenger Vehicles",19988,,
,,"Light Commercial Vehicles",609,,
,"LPG/Other gases","Passenger Vehicles",93,,
,,"Light Commercial Vehicles",50,,
,"Dual fuel","Passenger Vehicles",262,,
,,"Light Commercial Vehicles",57,,
,"Other","Passenger Vehicles",11,,
,,"Light Commercial Vehicles",0,,
,"Unknown","Passenger Vehicles",0,,
,,"Light Commercial Vehicles",0,,
"3150","Diesel","Passenger Vehicles",4448,,
,,"Light Commercial Vehicles",1334,,
,"Electric","Passenger Vehicles",42,,
,,"Light Commercial Vehicles",0,,
,"Petrol leaded","Passenger Vehicles",302,,
,,"Light Commercial Vehicles",32,,
,"Petrol unleaded","Passenger Vehicles",35093,,
,,"Light Commercial Vehicles",811,,
,"LPG/Other gases","Passenger Vehicles",130,,
,,"Light Commercial Vehicles",73,,
,"Dual fuel","Passenger Vehicles",444,,
,,"Light Commercial Vehicles",79,,
,"Other","Passenger Vehicles",16,,
,,"Light Commercial Vehicles",0,,
,"Unknown","Passenger Vehicles",0,,
,,"Light Commercial Vehicles",0,,
"3151","Diesel","Passenger Vehicles",814,,
,,"Light Commercial Vehicles",725,,
,"Electric","Passenger Vehicles",5,,
,,"Light Commercial Vehicles",0,,
,"Petrol leaded","Passenger Vehicles",53,,
,,"Light Commercial Vehicles",10,,
,"Petrol unleaded","Passenger Vehicles",6074,,
,,"Light Commercial Vehicles",155,,
,"LPG/Other gases","Passenger Vehicles",23,,
,,"Light Commercial Vehicles",9,,
,"Dual fuel","Passenger Vehicles",80,,
,,"Light Commercial Vehicles",14,,
,"Other","Passenger Vehicles",0,,
,,"Light Commercial Vehicles",0,,
,"Unknown","Passenger Vehicles",0,,
,,"Light Commercial Vehicles",0,,
"3152","Diesel","Passenger Vehicles",2211,,
,,"Light Commercial Vehicles",1034,,
,"Electric","Passenger Vehicles",18,,
,,"Light Commercial Vehicles",0,,
,"Petrol leaded","Passenger Vehicles",133,,
,,"Light Commercial Vehicles",23,,
,"Petrol unleaded","Passenger Vehicles",20243,,
,,"Light Commercial Vehicles",640,,
,"LPG/Other gases","Passenger Vehicles",110,,
,,"Light Commercial Vehicles",72,,
,"Dual fuel","Passenger Vehicles",349,,
,,"Light Commercial Vehicles",69,,
,"Other","Passenger Vehicles",3,,
,,"Light Commercial Vehicles",0,,
,"Unknown","Passenger Vehicles",3,,
,,"Light Commercial Vehicles",0,,
"3153","Diesel","Passenger Vehicles",1678,,
,,"Light Commercial Vehicles",2567,,
,"Electric","Passenger Vehicles",5,,
,,"Light Commercial Vehicles",0,,
,"Petrol leaded","Passenger Vehicles",130,,
,,"Light Commercial Vehicles",29,,
,"Petrol unleaded","Passenger Vehicles",13055,,
,,"Light Commercial Vehicles",1190,,
,"LPG/Other gases","Passenger Vehicles",104,,
,,"Light Commercial Vehicles",131,,
,"Dual fuel","Passenger Vehicles",338,,
,,"Light Commercial Vehicles",121,,
,"Other","Passenger Vehicles",0,,
,,"Light Commercial Vehicles",3,,
,"Unknown","Passenger Vehicles",0,,
,,"Light Commercial Vehicles",0,,
"3154","Diesel","Passenger Vehicles",311,,
,,"Light Commercial Vehicles",311,,
,"Electric","Passenger Vehicles",0,,
,,"Light Commercial Vehicles",0,,
,"Petrol leaded","Passenger Vehicles",47,,
,,"Light Commercial Vehicles",15,,
,"Petrol unleaded","Passenger Vehicles",2316,,
,,"Light Commercial Vehicles",160,,
,"LPG/Other gases","Passenger Vehicles",22,,
,,"Light Commercial Vehicles",21,,
,"Dual fuel","Passenger Vehicles",78,,
,,"Light Commercial Vehicles",24,,
,"Other","Passenger Vehicles",0,,
,,"Light Commercial Vehicles",0,,
,"Unknown","Passenger Vehicles",0,,
,,"Light Commercial Vehicles",0,,
"3155","Diesel","Passenger Vehicles",1219,,
,,"Light Commercial Vehicles",1222,,
,"Electric","Passenger Vehicles",5,,
,,"Light Commercial Vehicles",0,,
,"Petrol leaded","Passenger Vehicles",151,,
,,"Light Commercial Vehicles",37,,
,"Petrol unleaded","Passenger Vehicles",12519,,
,,"Light Commercial Vehicles",724,,
,"LPG/Other gases","Passenger Vehicles",93,,
,,"Light Commercial Vehicles",73,,
,"Dual fuel","Passenger Vehicles",314,,
,,"Light Commercial Vehicles",97,,
,"Other","Passenger Vehicles",0,,
,,"Light Commercial Vehicles",0,,
,"Unknown","Passenger Vehicles",0,,
,,"Light Commercial Vehicles",0,,
"3156","Diesel","Passenger Vehicles",2887,,
,,"Light Commercial Vehicles",2870,,
,"Electric","Passenger Vehicles",10,,
,,"Light Commercial Vehicles",0,,
,"Petrol leaded","Passenger Vehicles",312,,
,,"Light Commercial Vehicles",95,,
,"Petrol unleaded","Passenger Vehicles",22112,,
,,"Light Commercial Vehicles",1265,,
,"LPG/Other gases","Passenger Vehicles",145,,
,,"Light Commercial Vehicles",152,,
,"Dual fuel","Passenger Vehicles",519,,
,,"Light Commercial Vehicles",163,,
,"Other","Passenger Vehicles",3,,
,,"Light Commercial Vehicles",0,,
,"Unknown","Passenger Vehicles",0,,
,,"Light Commercial Vehicles",0,,
"3158","Diesel","Passenger Vehicles",544,,
,,"Light Commercial Vehicles",428,,
,"Electric","Passenger Vehicles",0,,
,,"Light Commercial Vehicles",0,,
,"Petrol leaded","Passenger Vehicles",65,,
,,"Light Commercial Vehicles",17,,
,"Petrol unleaded","Passenger Vehicles",3721,,
,,"Light Commercial Vehicles",210,,
,"LPG/Other gases","Passenger Vehicles",30,,
,,"Light Commercial Vehicles",20,,
,"Dual fuel","Passenger Vehicles",95,,
,,"Light Commercial Vehicles",36,,
,"Other","Passenger Vehicles",3,,
,,"Light Commercial Vehicles",0,,
,"Unknown","Passenger Vehicles",0,,
,,"Light Commercial Vehicles",0,,
"3159","Diesel","Passenger Vehicles",253,,
,,"Light Commercial Vehicles",258,,
,"Electric","Passenger Vehicles",3,,
,,"Light Commercial Vehicles",0,,
,"Petrol leaded","Passenger Vehicles",32,,
,,"Light Commercial Vehicles",7,,
,"Petrol unleaded","Passenger Vehicles",1385,,
,,"Light Commercial Vehicles",117,,
,"LPG/Other gases","Passenger Vehicles",7,,
,,"Light Commercial Vehicles",10,,
,"Dual fuel","Passenger Vehicles",42,,
,,"Light Commercial Vehicles",18,,
,"Other","Passenger Vehicles",0,,
,,"Light Commercial Vehicles",0,,
,"Unknown","Passenger Vehicles",0,,
,,"Light Commercial Vehicles",0,,
"3160","Diesel","Passenger Vehicles",837,,
,,"Light Commercial Vehicles",661,,
,"Electric","Passenger Vehicles",0,,
,,"Light Commercial Vehicles",0,,
,"Petrol leaded","Passenger Vehicles",98,,
,,"Light Commercial Vehicles",29,,
,"Petrol unleaded","Passenger Vehicles",4758,,
,,"Light Commercial Vehicles",352,,
,"LPG/Other gases","Passenger Vehicles",48,,
,,"Light Commercial Vehicles",27,,
,"Dual fuel","Passenger Vehicles",122,,
,,"Light Commercial Vehicles",53,,
,"Other","Passenger Vehicles",0,,
,,"Light Commercial Vehicles",0,,
,"Unknown","Passenger Vehicles",0,,
,,"Light Commercial Vehicles",0,,
"3161","Diesel","Passenger Vehicles",872,,
,,"Light Commercial Vehicles",175,,
,"Electric","Passenger Vehicles",17,,
,,"Light Commercial Vehicles",0,,
,"Petrol leaded","Passenger Vehicles",70,,
,,"Light Commercial Vehicles",3,,
,"Petrol unleaded","Passenger Vehicles",8006,,
,,"Light Commercial Vehicles",146,,
,"LPG/Other gases","Passenger Vehicles",16,,
,,"Light Commercial Vehicles",8,,
,"Dual fuel","Passenger Vehicles",70,,
,,"Light Commercial Vehicles",9,,
,"Other","Passenger Vehicles",3,,
,,"Light Commercial Vehicles",0,,
,"Unknown","Passenger Vehicles",0,,
,,"Light Commercial Vehicles",0,,
"3162","Diesel","Passenger Vehicles",1013,,
,,"Light Commercial Vehicles",421,,
,"Electric","Passenger Vehicles",7,,
,,"Light Commercial Vehicles",0,,
,"Petrol leaded","Passenger Vehicles",96,,
,,"Light Commercial Vehicles",13,,
,"Petrol unleaded","Passenger Vehicles",10684,,
,,"Light Commercial Vehicles",273,,
,"LPG/Other gases","Passenger Vehicles",37,,
,,"Light Commercial Vehicles",3,,
,"Dual fuel","Passenger Vehicles",91,,
,,"Light Commercial Vehicles",20,,
,"Other","Passenger Vehicles",3,,
,,"Light Commercial Vehicles",0,,
,"Unknown","Passenger Vehicles",0,,
,,"Light Commercial Vehicles",0,,
"3163","Diesel","Passenger Vehicles",1479,,
,,"Light Commercial Vehicles",609,,
,"Electric","Passenger Vehicles",21,,
,,"Light Commercial Vehicles",0,,
,"Petrol leaded","Passenger Vehicles",143,,
,,"Light Commercial Vehicles",21,,
,"Petrol unleaded","Passenger Vehicles",16187,,
,,"Light Commercial Vehicles",386,,
,"LPG/Other gases","Passenger Vehicles",68,,
,,"Light Commercial Vehicles",27,,
,"Dual fuel","Passenger Vehicles",177,,
,,"Light Commercial Vehicles",58,,
,"Other","Passenger Vehicles",9,,
,,"Light Commercial Vehicles",0,,
,"Unknown","Passenger Vehicles",0,,
,,"Light Commercial Vehicles",0,,
"3164","Diesel","Passenger Vehicles",61,,
,,"Light Commercial Vehicles",154,,
,"Electric","Passenger Vehicles",0,,
,,"Light Commercial Vehicles",0,,
,"Petrol leaded","Passenger Vehicles",0,,
,,"Light Commercial Vehicles",3,,
,"Petrol unleaded","Passenger Vehicles",150,,
,,"Light Commercial Vehicles",60,,
,"LPG/Other gases","Passenger Vehicles",4,,
,,"Light Commercial Vehicles",20,,
,"Dual fuel","Passenger Vehicles",0,,
,,"Light Commercial Vehicles",3,,
,"Other","Passenger Vehicles",0,,
,,"Light Commercial Vehicles",0,,
,"Unknown","Passenger Vehicles",0,,
,,"Light Commercial Vehicles",0,,
"3165","Diesel","Passenger Vehicles",1548,,
,,"Light Commercial Vehicles",813,,
,"Electric","Passenger Vehicles",23,,
,,"Light Commercial Vehicles",0,,
,"Petrol leaded","Passenger Vehicles",134,,
,,"Light Commercial Vehicles",30,,
,"Petrol unleaded","Passenger Vehicles",15245,,
,,"Light Commercial Vehicles",568,,
,"LPG/Other gases","Passenger Vehicles",59,,
,,"Light Commercial Vehicles",38,,
,"Dual fuel","Passenger Vehicles",164,,
,,"Light Commercial Vehicles",58,,
,"Other","Passenger Vehicles",0,,
,,"Light Commercial Vehicles",0,,
,"Unknown","Passenger Vehicles",0,,
,,"Light Commercial Vehicles",0,,
"3166","Diesel","Passenger Vehicles",1381,,
,,"Light Commercial Vehicles",947,,
,"Electric","Passenger Vehicles",10,,
,,"Light Commercial Vehicles",0,,
,"Petrol leaded","Passenger Vehicles",161,,
,,"Light Commercial Vehicles",23,,
,"Petrol unleaded","Passenger Vehicles",13258,,
,,"Light Commercial Vehicles",614,,
,"LPG/Other gases","Passenger Vehicles",118,,
,,"Light Commercial Vehicles",59,,
,"Dual fuel","Passenger Vehicles",333,,
,,"Light Commercial Vehicles",58,,
,"Other","Passenger Vehicles",9,,
,,"Light Commercial Vehicles",0,,
,"Unknown","Passenger Vehicles",0,,
,,"Light Commercial Vehicles",0,,
"3167","Diesel","Passenger Vehicles",533,,
,,"Light Commercial Vehicles",443,,
,"Electric","Passenger Vehicles",0,,
,,"Light Commercial Vehicles",0,,
,"Petrol leaded","Passenger Vehicles",73,,
,,"Light Commercial Vehicles",14,,
,"Petrol unleaded","Passenger Vehicles",5707,,
,,"Light Commercial Vehicles",318,,
,"LPG/Other gases","Passenger Vehicles",47,,
,,"Light Commercial Vehicles",27,,
,"Dual fuel","Passenger Vehicles",125,,
,,"Light Commercial Vehicles",36,,
,"Other","Passenger Vehicles",0,,
,,"Light Commercial Vehicles",0,,
,"Unknown","Passenger Vehicles",0,,
,,"Light Commercial Vehicles",0,,
"3168","Diesel","Passenger Vehicles",926,,
,,"Light Commercial Vehicles",1420,,
,"Electric","Passenger Vehicles",9,,
,,"Light Commercial Vehicles",0,,
,"Petrol leaded","Passenger Vehicles",63,,
,,"Light Commercial Vehicles",6,,
,"Petrol unleaded","Passenger Vehicles",10184,,
,,"Light Commercial Vehicles",630,,
,"LPG/Other gases","Passenger Vehicles",66,,
,,"Light Commercial Vehicles",54,,
,"Dual fuel","Passenger Vehicles",175,,
,,"Light Commercial Vehicles",35,,
,"Other","Passenger Vehicles",3,,
,,"Light Commercial Vehicles",0,,
,"Unknown","Passenger Vehicles",0,,
,,"Light Commercial Vehicles",0,,
"3169","Diesel","Passenger Vehicles",791,,
,,"Light Commercial Vehicles",742,,
,"Electric","Passenger Vehicles",3,,
,,"Light Commercial Vehicles",3,,
,"Petrol leaded","Passenger Vehicles",81,,
,,"Light Commercial Vehicles",15,,
,"Petrol unleaded","Passenger Vehicles",11264,,
,,"Light Commercial Vehicles",432,,
,"LPG/Other gases","Passenger Vehicles",130,,
,,"Light Commercial Vehicles",34,,
,"Dual fuel","Passenger Vehicles",296,,
,,"Light Commercial Vehicles",63,,
,"Other","Passenger Vehicles",3,,
,,"Light Commercial Vehicles",0,,
,"Unknown","Passenger Vehicles",0,,
,,"Light Commercial Vehicles",0,,
"3170","Diesel","Passenger Vehicles",2445,,
,,"Light Commercial Vehicles",1406,,
,"Electric","Passenger Vehicles",36,,
,,"Light Commercial Vehicles",0,,
,"Petrol leaded","Passenger Vehicles",121,,
,,"Light Commercial Vehicles",20,,
,"Petrol unleaded","Passenger Vehicles",15605,,
,,"Light Commercial Vehicles",620,,
,"LPG/Other gases","Passenger Vehicles",83,,
,,"Light Commercial Vehicles",43,,
,"Dual fuel","Passenger Vehicles",215,,
,,"Light Commercial Vehicles",52,,
,"Other","Passenger Vehicles",5,,
,,"Light Commercial Vehicles",0,,
,"Unknown","Passenger Vehicles",0,,
,,"Light Commercial Vehicles",0,,
"3171","Diesel","Passenger Vehicles",722,,
,,"Light Commercial Vehicles",702,,
,"Electric","Passenger Vehicles",10,,
,,"Light Commercial Vehicles",0,,
,"Petrol leaded","Passenger Vehicles",70,,
,,"Light Commercial Vehicles",11,,
,"Petrol unleaded","Passenger Vehicles",12191,,
,,"Light Commercial Vehicles",603,,
,"LPG/Other gases","Passenger Vehicles",86,,
,,"Light Commercial Vehicles",41,,
,"Dual fuel","Passenger Vehicles",294,,
,,"Light Commercial Vehicles",67,,
,"Other","Passenger Vehicles",0,,
,,"Light Commercial Vehicles",0,,
,"Unknown","Passenger Vehicles",0,,
,,"Light Commercial Vehicles",0,,
"3172","Diesel","Passenger Vehicles",1063,,
,,"Light Commercial Vehicles",844,,
,"Electric","Passenger Vehicles",4,,
,,"Light Commercial Vehicles",0,,
,"Petrol leaded","Passenger Vehicles",108,,
,,"Light Commercial Vehicles",16,,
,"Petrol unleaded","Passenger Vehicles",13456,,
,,"Light Commercial Vehicles",555,,
,"LPG/Other gases","Passenger Vehicles",78,,
,,"Light Commercial Vehicles",61,,
,"Dual fuel","Passenger Vehicles",239,,
,,"Light Commercial Vehicles",54,,
,"Other","Passenger Vehicles",0,,
,,"Light Commercial Vehicles",0,,
,"Unknown","Passenger Vehicles",0,,
,,"Light Commercial Vehicles",0,,
"3173","Diesel","Passenger Vehicles",1596,,
,,"Light Commercial Vehicles",1219,,
,"Electric","Passenger Vehicles",14,,
,,"Light Commercial Vehicles",0,,
,"Petrol leaded","Passenger Vehicles",84,,
,,"Light Commercial Vehicles",13,,
,"Petrol unleaded","Passenger Vehicles",16336,,
,,"Light Commercial Vehicles",649,,
,"LPG/Other gases","Passenger Vehicles",74,,
,,"Light Commercial Vehicles",54,,
,"Dual fuel","Passenger Vehicles",279,,
,,"Light Commercial Vehicles",63,,
,"Other","Passenger Vehicles",3,,
,,"Light Commercial Vehicles",0,,
,"Unknown","Passenger Vehicles",0,,
,,"Light Commercial Vehicles",0,,
"3174","Diesel","Passenger Vehicles",1185,,
,,"Light Commercial Vehicles",1171,,
,"Electric","Passenger Vehicles",22,,
,,"Light Commercial Vehicles",0,,
,"Petrol leaded","Passenger Vehicles",149,,
,,"Light Commercial Vehicles",30,,
,"Petrol unleaded","Passenger Vehicles",21135,,
,,"Light Commercial Vehicles",758,,
,"LPG/Other gases","Passenger Vehicles",201,,
,,"Light Commercial Vehicles",51,,
,"Dual fuel","Passenger Vehicles",542,,
,,"Light Commercial Vehicles",117,,
,"Other","Passenger Vehicles",6,,
,,"Light Commercial Vehicles",0,,
,"Unknown","Passenger Vehicles",0,,
,,"Light Commercial Vehicles",3,,
"3175","Diesel","Passenger Vehicles",3554,,
,,"Light Commercial Vehicles",5990,,
,"Electric","Passenger Vehicles",54,,
,,"Light Commercial Vehicles",3,,
,"Petrol leaded","Passenger Vehicles",216,,
,,"Light Commercial Vehicles",56,,
,"Petrol unleaded","Passenger Vehicles",34771,,
,,"Light Commercial Vehicles",2458,,
,"LPG/Other gases","Passenger Vehicles",345,,
,,"Light Commercial Vehicles",287,,
,"Dual fuel","Passenger Vehicles",903,,
,,"Light Commercial Vehicles",251,,
,"Other","Passenger Vehicles",19,,
,,"Light Commercial Vehicles",0,,
,"Unknown","Passenger Vehicles",0,,
,,"Light Commercial Vehicles",0,,
"3177","Diesel","Passenger Vehicles",380,,
,,"Light Commercial Vehicles",437,,
,"Electric","Passenger Vehicles",4,,
,,"Light Commercial Vehicles",0,,
,"Petrol leaded","Passenger Vehicles",58,,
,,"Light Commercial Vehicles",24,,
,"Petrol unleaded","Passenger Vehicles",5805,,
,,"Light Commercial Vehicles",304,,
,"LPG/Other gases","Passenger Vehicles",75,,
,,"Light Commercial Vehicles",43,,
,"Dual fuel","Passenger Vehicles",230,,
,,"Light Commercial Vehicles",62,,
,"Other","Passenger Vehicles",4,,
,,"Light Commercial Vehicles",0,,
,"Unknown","Passenger Vehicles",0,,
,,"Light Commercial Vehicles",0,,
"3178","Diesel","Passenger Vehicles",2436,,
,,"Light Commercial Vehicles",1951,,
,"Electric","Passenger Vehicles",15,,
,,"Light Commercial Vehicles",0,,
,"Petrol leaded","Passenger Vehicles",179,,
,,"Light Commercial Vehicles",32,,
,"Petrol unleaded","Passenger Vehicles",20561,,
,,"Light Commercial Vehicles",929,,
,"LPG/Other gases","Passenger Vehicles",132,,
,,"Light Commercial Vehicles",95,,
,"Dual fuel","Passenger Vehicles",339,,
,,"Light Commercial Vehicles",84,,
,"Other","Passenger Vehicles",3,,
,,"Light Commercial Vehicles",0,,
,"Unknown","Passenger Vehicles",0,,
,,"Light Commercial Vehicles",0,,
"3179","Diesel","Passenger Vehicles",416,,
,,"Light Commercial Vehicles",593,,
,"Electric","Passenger Vehicles",3,,
,,"Light Commercial Vehicles",0,,
,"Petrol leaded","Passenger Vehicles",47,,
,,"Light Commercial Vehicles",9,,
,"Petrol unleaded","Passenger Vehicles",3812,,
,,"Light Commercial Vehicles",217,,
,"LPG/Other gases","Passenger Vehicles",18,,
,,"Light Commercial Vehicles",21,,
,"Dual fuel","Passenger Vehicles",69,,
,,"Light Commercial Vehicles",18,,
,"Other","Passenger Vehicles",3,,
,,"Light Commercial Vehicles",0,,
,"Unknown","Passenger Vehicles",0,,
,,"Light Commercial Vehicles",0,,
"3180","Diesel","Passenger Vehicles",601,,
,,"Light Commercial Vehicles",701,,
,"Electric","Passenger Vehicles",5,,
,,"Light Commercial Vehicles",0,,
,"Petrol leaded","Passenger Vehicles",52,,
,,"Light Commercial Vehicles",12,,
,"Petrol unleaded","Passenger Vehicles",5119,,
,,"Light Commercial Vehicles",323,,
,"LPG/Other gases","Passenger Vehicles",29,,
,,"Light Commercial Vehicles",37,,
,"Dual fuel","Passenger Vehicles",101,,
,,"Light Commercial Vehicles",39,,
,"Other","Passenger Vehicles",11,,
,,"Light Commercial Vehicles",0,,
,"Unknown","Passenger Vehicles",0,,
,,"Light Commercial Vehicles",0,,
"3181","Diesel","Passenger Vehicles",1159,,
,,"Light Commercial Vehicles",364,,
,"Electric","Passenger Vehicles",7,,
,,"Light Commercial Vehicles",0,,
,"Petrol leaded","Passenger Vehicles",94,,
,,"Light Commercial Vehicles",15,,
,"Petrol unleaded","Passenger Vehicles",8577,,
,,"Light Commercial Vehicles",221,,
,"LPG/Other gases","Passenger Vehicles",18,,
,,"Light Commercial Vehicles",14,,
,"Dual fuel","Passenger Vehicles",70,,
,,"Light Commercial Vehicles",24,,
,"Other","Passenger Vehicles",0,,
,,"Light Commercial Vehicles",0,,
,"Unknown","Passenger Vehicles",0,,
,,"Light Commercial Vehicles",0,,
"3182","Diesel","Passenger Vehicles",1172,,
,,"Light Commercial Vehicles",517,,
,"Electric","Passenger Vehicles",11,,
,,"Light Commercial Vehicles",0,,
,"Petrol leaded","Passenger Vehicles",144,,
,,"Light Commercial Vehicles",19,,
,"Petrol unleaded","Passenger Vehicles",10689,,
,,"Light Commercial Vehicles",399,,
,"LPG/Other gases","Passenger Vehicles",39,,
,,"Light Commercial Vehicles",24,,
,"Dual fuel","Passenger Vehicles",100,,
,,"Light Commercial Vehicles",21,,
,"Other","Passenger Vehicles",0,,
,,"Light Commercial Vehicles",0,,
,"Unknown","Passenger Vehicles",0,,
,,"Light Commercial Vehicles",0,,
"3183","Diesel","Passenger Vehicles",698,,
,,"Light Commercial Vehicles",280,,
,"Electric","Passenger Vehicles",10,,
,,"Light Commercial Vehicles",0,,
,"Petrol leaded","Passenger Vehicles",89,,
,,"Light Commercial Vehicles",12,,
,"Petrol unleaded","Passenger Vehicles",8036,,
,,"Light Commercial Vehicles",195,,
,"LPG/Other gases","Passenger Vehicles",19,,
,,"Light Commercial Vehicles",16,,
,"Dual fuel","Passenger Vehicles",82,,
,,"Light Commercial Vehicles",15,,
,"Other","Passenger Vehicles",3,,
,,"Light Commercial Vehicles",0,,
,"Unknown","Passenger Vehicles",0,,
,,"Light Commercial Vehicles",0,,
"3184","Diesel","Passenger Vehicles",1014,,
,,"Light Commercial Vehicles",389,,
,"Electric","Passenger Vehicles",14,,
,,"Light Commercial Vehicles",0,,
,"Petrol leaded","Passenger Vehicles",82,,
,,"Light Commercial Vehicles",9,,
,"Petrol unleaded","Passenger Vehicles",7595,,
,,"Light Commercial Vehicles",192,,
,"LPG/Other gases","Passenger Vehicles",24,,
,,"Light Commercial Vehicles",12,,
,"Dual fuel","Passenger Vehicles",68,,
,,"Light Commercial Vehicles",17,,
,"Other","Passenger Vehicles",3,,
,,"Light Commercial Vehicles",0,,
,"Unknown","Passenger Vehicles",0,,
,,"Light Commercial Vehicles",0,,
"3185","Diesel","Passenger Vehicles",1016,,
,,"Light Commercial Vehicles",348,,
,"Electric","Passenger Vehicles",5,,
,,"Light Commercial Vehicles",0,,
,"Petrol leaded","Passenger Vehicles",63,,
,,"Light Commercial Vehicles",11,,
,"Petrol unleaded","Passenger Vehicles",7241,,
,,"Light Commercial Vehicles",177,,
,"LPG/Other gases","Passenger Vehicles",20,,
,,"Light Commercial Vehicles",19,,
,"Dual fuel","Passenger Vehicles",66,,
,,"Light Commercial Vehicles",10,,
,"Other","Passenger Vehicles",0,,
,,"Light Commercial Vehicles",0,,
,"Unknown","Passenger Vehicles",0,,
,,"Light Commercial Vehicles",0,,
"3186","Diesel","Passenger Vehicles",2893,,
,,"Light Commercial Vehicles",527,,
,"Electric","Passenger Vehicles",49,,
,,"Light Commercial Vehicles",0,,
,"Petrol leaded","Passenger Vehicles",249,,
,,"Light Commercial Vehicles",20,,
,"Petrol unleaded","Passenger Vehicles",13594,,
,,"Light Commercial Vehicles",282,,
,"LPG/Other gases","Passenger Vehicles",29,,
,,"Light Commercial Vehicles",20,,
,"Dual fuel","Passenger Vehicles",76,,
,,"Light Commercial Vehicles",13,,
,"Other","Passenger Vehicles",3,,
,,"Light Commercial Vehicles",0,,
,"Unknown","Passenger Vehicles",0,,
,,"Light Commercial Vehicles",0,,
"3187","Diesel","Passenger Vehicles",1550,,
,,"Light Commercial Vehicles",377,,
,"Electric","Passenger Vehicles",17,,
,,"Light Commercial Vehicles",0,,
,"Petrol leaded","Passenger Vehicles",107,,
,,"Light Commercial Vehicles",7,,
,"Petrol unleaded","Passenger Vehicles",9033,,
,,"Light Commercial Vehicles",225,,
,"LPG/Other gases","Passenger Vehicles",17,,
,,"Light Commercial Vehicles",14,,
,"Dual fuel","Passenger Vehicles",80,,
,,"Light Commercial Vehicles",12,,
,"Other","Passenger Vehicles",0,,
,,"Light Commercial Vehicles",0,,
,"Unknown","Passenger Vehicles",0,,
,,"Light Commercial Vehicles",0,,
"3188","Diesel","Passenger Vehicles",1568,,
,,"Light Commercial Vehicles",424,,
,"Electric","Passenger Vehicles",9,,
,,"Light Commercial Vehicles",0,,
,"Petrol leaded","Passenger Vehicles",118,,
,,"Light Commercial Vehicles",12,,
,"Petrol unleaded","Passenger Vehicles",9409,,
,,"Light Commercial Vehicles",233,,
,"LPG/Other gases","Passenger Vehicles",19,,
,,"Light Commercial Vehicles",25,,
,"Dual fuel","Passenger Vehicles",90,,
,,"Light Commercial Vehicles",25,,
,"Other","Passenger Vehicles",3,,
,,"Light Commercial Vehicles",0,,
,"Unknown","Passenger Vehicles",0,,
,,"Light Commercial Vehicles",0,,
"3189","Diesel","Passenger Vehicles",872,,
,,"Light Commercial Vehicles",1032,,
,"Electric","Passenger Vehicles",3,,
,,"Light Commercial Vehicles",0,,
,"Petrol leaded","Passenger Vehicles",53,,
,,"Light Commercial Vehicles",15,,
,"Petrol unleaded","Passenger Vehicles",5264,,
,,"Light Commercial Vehicles",497,,
,"LPG/Other gases","Passenger Vehicles",35,,
,,"Light Commercial Vehicles",44,,
,"Dual fuel","Passenger Vehicles",124,,
,,"Light Commercial Vehicles",35,,
,"Other","Passenger Vehicles",3,,
,,"Light Commercial Vehicles",0,,
,"Unknown","Passenger Vehicles",0,,
,,"Light Commercial Vehicles",0,,
"3190","Diesel","Passenger Vehicles",674,,
,,"Light Commercial Vehicles",435,,
,"Electric","Passenger Vehicles",3,,
,,"Light Commercial Vehicles",0,,
,"Petrol leaded","Passenger Vehicles",59,,
,,"Light Commercial Vehicles",10,,
,"Petrol unleaded","Passenger Vehicles",5781,,
,,"Light Commercial Vehicles",224,,
,"LPG/Other gases","Passenger Vehicles",25,,
,,"Light Commercial Vehicles",16,,
,"Dual fuel","Passenger Vehicles",78,,
,,"Light Commercial Vehicles",10,,
,"Other","Passenger Vehicles",0,,
,,"Light Commercial Vehicles",0,,
,"Unknown","Passenger Vehicles",0,,
,,"Light Commercial Vehicles",0,,
"3191","Diesel","Passenger Vehicles",1050,,
,,"Light Commercial Vehicles",308,,
,"Electric","Passenger Vehicles",3,,
,,"Light Commercial Vehicles",0,,
,"Petrol leaded","Passenger Vehicles",71,,
,,"Light Commercial Vehicles",14,,
,"Petrol unleaded","Passenger Vehicles",5619,,
,,"Light Commercial Vehicles",154,,
,"LPG/Other gases","Passenger Vehicles",8,,
,,"Light Commercial Vehicles",21,,
,"Dual fuel","Passenger Vehicles",56,,
,,"Light Commercial Vehicles",15,,
,"Other","Passenger Vehicles",3,,
,,"Light Commercial Vehicles",0,,
,"Unknown","Passenger Vehicles",0,,
,,"Light Commercial Vehicles",0,,
"3192","Diesel","Passenger Vehicles",1598,,
,,"Light Commercial Vehicles",1239,,
,"Electric","Passenger Vehicles",6,,
,,"Light Commercial Vehicles",0,,
,"Petrol leaded","Passenger Vehicles",124,,
,,"Light Commercial Vehicles",41,,
,"Petrol unleaded","Passenger Vehicles",13898,,
,,"Light Commercial Vehicles",661,,
,"LPG/Other gases","Passenger Vehicles",77,,
,,"Light Commercial Vehicles",60,,
,"Dual fuel","Passenger Vehicles",281,,
,,"Light Commercial Vehicles",66,,
,"Other","Passenger Vehicles",0,,
,,"Light Commercial Vehicles",0,,
,"Unknown","Passenger Vehicles",0,,
,,"Light Commercial Vehicles",0,,
"3193","Diesel","Passenger Vehicles",2092,,
,,"Light Commercial Vehicles",577,,
,"Electric","Passenger Vehicles",22,,
,,"Light Commercial Vehicles",0,,
,"Petrol leaded","Passenger Vehicles",168,,
,,"Light Commercial Vehicles",14,,
,"Petrol unleaded","Passenger Vehicles",11557,,
,,"Light Commercial Vehicles",330,,
,"LPG/Other gases","Passenger Vehicles",33,,
,,"Light Commercial Vehicles",17,,
,"Dual fuel","Passenger Vehicles",90,,
,,"Light Commercial Vehicles",25,,
,"Other","Passenger Vehicles",0,,
,,"Light Commercial Vehicles",0,,
,"Unknown","Passenger Vehicles",0,,
,,"Light Commercial Vehicles",0,,
"3194","Diesel","Passenger Vehicles",1000,,
,,"Light Commercial Vehicles",561,,
,"Electric","Passenger Vehicles",5,,
,,"Light Commercial Vehicles",0,,
,"Petrol leaded","Passenger Vehicles",86,,
,,"Light Commercial Vehicles",14,,
,"Petrol unleaded","Passenger Vehicles",7911,,
,,"Light Commercial Vehicles",344,,
,"LPG/Other gases","Passenger Vehicles",41,,
,,"Light Commercial Vehicles",33,,
,"Dual fuel","Passenger Vehicles",84,,
,,"Light Commercial Vehicles",37,,
,"Other","Passenger Vehicles",3,,
,,"Light Commercial Vehicles",0,,
,"Unknown","Passenger Vehicles",0,,
,,"Light Commercial Vehicles",0,,
"3195","Diesel","Passenger Vehicles",2866,,
,,"Light Commercial Vehicles",2491,,
,"Electric","Passenger Vehicles",12,,
,,"Light Commercial Vehicles",0,,
,"Petrol leaded","Passenger Vehicles",206,,
,,"Light Commercial Vehicles",34,,
,"Petrol unleaded","Passenger Vehicles",20738,,
,,"Light Commercial Vehicles",1226,,
,"LPG/Other gases","Passenger Vehicles",110,,
,,"Light Commercial Vehicles",140,,
,"Dual fuel","Passenger Vehicles",294,,
,,"Light Commercial Vehicles",93,,
,"Other","Passenger Vehicles",3,,
,,"Light Commercial Vehicles",0,,
,"Unknown","Passenger Vehicles",0,,
,,"Light Commercial Vehicles",0,,
"3196","Diesel","Passenger Vehicles",1563,,
,,"Light Commercial Vehicles",1139,,
,"Electric","Passenger Vehicles",7,,
,,"Light Commercial Vehicles",0,,
,"Petrol leaded","Passenger Vehicles",128,,
,,"Light Commercial Vehicles",29,,
,"Petrol unleaded","Passenger Vehicles",13467,,
,,"Light Commercial Vehicles",618,,
,"LPG/Other gases","Passenger Vehicles",85,,
,,"Light Commercial Vehicles",50,,
,"Dual fuel","Passenger Vehicles",228,,
,,"Light Commercial Vehicles",58,,
,"Other","Passenger Vehicles",0,,
,,"Light Commercial Vehicles",0,,
,"Unknown","Passenger Vehicles",0,,
,,"Light Commercial Vehicles",0,,
"3197","Diesel","Passenger Vehicles",939,,
,,"Light Commercial Vehicles",672,,
,"Electric","Passenger Vehicles",9,,
,,"Light Commercial Vehicles",0,,
,"Petrol leaded","Passenger Vehicles",86,,
,,"Light Commercial Vehicles",19,,
,"Petrol unleaded","Passenger Vehicles",6632,,
,,"Light Commercial Vehicles",323,,
,"LPG/Other gases","Passenger Vehicles",39,,
,,"Light Commercial Vehicles",34,,
,"Dual fuel","Passenger Vehicles",126,,
,,"Light Commercial Vehicles",43,,
,"Other","Passenger Vehicles",0,,
,,"Light Commercial Vehicles",0,,
,"Unknown","Passenger Vehicles",0,,
,,"Light Commercial Vehicles",0,,
"3198","Diesel","Passenger Vehicles",1042,,
,,"Light Commercial Vehicles",1734,,
,"Electric","Passenger Vehicles",3,,
,,"Light Commercial Vehicles",0,,
,"Petrol leaded","Passenger Vehicles",107,,
,,"Light Commercial Vehicles",28,,
,"Petrol unleaded","Passenger Vehicles",9506,,
,,"Light Commercial Vehicles",749,,
,"LPG/Other gases","Passenger Vehicles",69,,
,,"Light Commercial Vehicles",92,,
,"Dual fuel","Passenger Vehicles",256,,
,,"Light Commercial Vehicles",98,,
,"Other","Passenger Vehicles",3,,
,,"Light Commercial Vehicles",0,,
,"Unknown","Passenger Vehicles",0,,
,,"Light Commercial Vehicles",0,,
"3199","Diesel","Passenger Vehicles",3763,,
,,"Light Commercial Vehicles",3027,,
,"Electric","Passenger Vehicles",8,,
,,"Light Commercial Vehicles",0,,
,"Petrol leaded","Passenger Vehicles",326,,
,,"Light Commercial Vehicles",61,,
,"Petrol unleaded","Passenger Vehicles",30397,,
,,"Light Commercial Vehicles",1661,,
,"LPG/Other gases","Passenger Vehicles",261,,
,,"Light Commercial Vehicles",158,,
,"Dual fuel","Passenger Vehicles",817,,
,,"Light Commercial Vehicles",213,,
,"Other","Passenger Vehicles",7,,
,,"Light Commercial Vehicles",0,,
,"Unknown","Passenger Vehicles",0,,
,,"Light Commercial Vehicles",0,,
"3200","Diesel","Passenger Vehicles",155,,
,,"Light Commercial Vehicles",200,,
,"Electric","Passenger Vehicles",0,,
,,"Light Commercial Vehicles",0,,
,"Petrol leaded","Passenger Vehicles",23,,
,,"Light Commercial Vehicles",13,,
,"Petrol unleaded","Passenger Vehicles",2480,,
,,"Light Commercial Vehicles",179,,
,"LPG/Other gases","Passenger Vehicles",33,,
,,"Light Commercial Vehicles",24,,
,"Dual fuel","Passenger Vehicles",141,,
,,"Light Commercial Vehicles",28,,
,"Other","Passenger Vehicles",0,,
,,"Light Commercial Vehicles",0,,
,"Unknown","Passenger Vehicles",0,,
,,"Light Commercial Vehicles",0,,
"3201","Diesel","Passenger Vehicles",1305,,
,,"Light Commercial Vehicles",2330,,
,"Electric","Passenger Vehicles",4,,
,,"Light Commercial Vehicles",0,,
,"Petrol leaded","Passenger Vehicles",93,,
,,"Light Commercial Vehicles",17,,
,"Petrol unleaded","Passenger Vehicles",12047,,
,,"Light Commercial Vehicles",973,,
,"LPG/Other gases","Passenger Vehicles",113,,
,,"Light Commercial Vehicles",136,,
,"Dual fuel","Passenger Vehicles",346,,
,,"Light Commercial Vehicles",112,,
,"Other","Passenger Vehicles",3,,
,,"Light Commercial Vehicles",0,,
,"Unknown","Passenger Vehicles",0,,
,,"Light Commercial Vehicles",0,,
"3202","Diesel","Passenger Vehicles",220,,
,,"Light Commercial Vehicles",231,,
,"Electric","Passenger Vehicles",3,,
,,"Light Commercial Vehicles",0,,
,"Petrol leaded","Passenger Vehicles",22,,
,,"Light Commercial Vehicles",3,,
,"Petrol unleaded","Passenger Vehicles",1606,,
,,"Light Commercial Vehicles",107,,
,"LPG/Other gases","Passenger Vehicles",13,,
,,"Light Commercial Vehicles",8,,
,"Dual fuel","Passenger Vehicles",31,,
,,"Light Commercial Vehicles",6,,
,"Other","Passenger Vehicles",0,,
,,"Light Commercial Vehicles",0,,
,"Unknown","Passenger Vehicles",0,,
,,"Light Commercial Vehicles",0,,
"3204","Diesel","Passenger Vehicles",1983,,
,,"Light Commercial Vehicles",714,,
,"Electric","Passenger Vehicles",15,,
,,"Light Commercial Vehicles",0,,
,"Petrol leaded","Passenger Vehicles",155,,
,,"Light Commercial Vehicles",15,,
,"Petrol unleaded","Passenger Vehicles",16871,,
,,"Light Commercial Vehicles",448,,
,"LPG/Other gases","Passenger Vehicles",65,,
,,"Light Commercial Vehicles",26,,
,"Dual fuel","Passenger Vehicles",167,,
,,"Light Commercial Vehicles",43,,
,"Other","Passenger Vehicles",3,,
,,"Light Commercial Vehicles",0,,
,"Unknown","Passenger Vehicles",0,,
,,"Light Commercial Vehicles",0,,
"3205","Diesel","Passenger Vehicles",1575,,
,,"Light Commercial Vehicles",985,,
,"Electric","Passenger Vehicles",18,,
,,"Light Commercial Vehicles",0,,
,"Petrol leaded","Passenger Vehicles",61,,
,,"Light Commercial Vehicles",14,,
,"Petrol unleaded","Passenger Vehicles",7529,,
,,"Light Commercial Vehicles",332,,
,"LPG/Other gases","Passenger Vehicles",11,,
,,"Light Commercial Vehicles",26,,
,"Dual fuel","Passenger Vehicles",39,,
,,"Light Commercial Vehicles",20,,
,"Other","Passenger Vehicles",0,,
,,"Light Commercial Vehicles",0,,
,"Unknown","Passenger Vehicles",0,,
,,"Light Commercial Vehicles",0,,
"3206","Diesel","Passenger Vehicles",1143,,
,,"Light Commercial Vehicles",245,,
,"Electric","Passenger Vehicles",11,,
,,"Light Commercial Vehicles",0,,
,"Petrol leaded","Passenger Vehicles",84,,
,,"Light Commercial Vehicles",17,,
,"Petrol unleaded","Passenger Vehicles",4957,,
,,"Light Commercial Vehicles",132,,
,"LPG/Other gases","Passenger Vehicles",16,,
,,"Light Commercial Vehicles",10,,
,"Dual fuel","Passenger Vehicles",42,,
,,"Light Commercial Vehicles",14,,
,"Other","Passenger Vehicles",3,,
,,"Light Commercial Vehicles",0,,
,"Unknown","Passenger Vehicles",0,,
,,"Light Commercial Vehicles",0,,
"3207","Diesel","Passenger Vehicles",3308,,
,,"Light Commercial Vehicles",3084,,
,"Electric","Passenger Vehicles",28,,
,,"Light Commercial Vehicles",0,,
,"Petrol leaded","Passenger Vehicles",78,,
,,"Light Commercial Vehicles",20,,
,"Petrol unleaded","Passenger Vehicles",14531,,
,,"Light Commercial Vehicles",834,,
,"LPG/Other gases","Passenger Vehicles",52,,
,,"Light Commercial Vehicles",58,,
,"Dual fuel","Passenger Vehicles",92,,
,,"Light Commercial Vehicles",37,,
,"Other","Passenger Vehicles",5,,
,,"Light Commercial Vehicles",0,,
,"Unknown","Passenger Vehicles",0,,
,,"Light Commercial Vehicles",0,,
"3211","Diesel","Passenger Vehicles",188,,
,,"Light Commercial Vehicles",239,,
,"Electric","Passenger Vehicles",0,,
,,"Light Commercial Vehicles",0,,
,"Petrol leaded","Passenger Vehicles",35,,
,,"Light Commercial Vehicles",18,,
,"Petrol unleaded","Passenger Vehicles",632,,
,,"Light Commercial Vehicles",98,,
,"LPG/Other gases","Passenger Vehicles",11,,
,,"Light Commercial Vehicles",16,,
,"Dual fuel","Passenger Vehicles",29,,
,,"Light Commercial Vehicles",17,,
,"Other","Passenger Vehicles",0,,
,,"Light Commercial Vehicles",0,,
,"Unknown","Passenger Vehicles",0,,
,,"Light Commercial Vehicles",0,,
"3212","Diesel","Passenger Vehicles",1471,,
,,"Light Commercial Vehicles",1691,,
,"Electric","Passenger Vehicles",0,,
,,"Light Commercial Vehicles",0,,
,"Petrol leaded","Passenger Vehicles",178,,
,,"Light Commercial Vehicles",37,,
,"Petrol unleaded","Passenger Vehicles",8552,,
,,"Light Commercial Vehicles",710,,
,"LPG/Other gases","Passenger Vehicles",135,,
,,"Light Commercial Vehicles",94,,
,"Dual fuel","Passenger Vehicles",249,,
,,"Light Commercial Vehicles",96,,
,"Other","Passenger Vehicles",6,,
,,"Light Commercial Vehicles",0,,
,"Unknown","Passenger Vehicles",0,,
,,"Light Commercial Vehicles",0,,
"3213","Diesel","Passenger Vehicles",292,,
,,"Light Commercial Vehicles",363,,
,"Electric","Passenger Vehicles",3,,
,,"Light Commercial Vehicles",0,,
,"Petrol leaded","Passenger Vehicles",45,,
,,"Light Commercial Vehicles",14,,
,"Petrol unleaded","Passenger Vehicles",1229,,
,,"Light Commercial Vehicles",133,,
,"LPG/Other gases","Passenger Vehicles",14,,
,,"Light Commercial Vehicles",19,,
,"Dual fuel","Passenger Vehicles",34,,
,,"Light Commercial Vehicles",21,,
,"Other","Passenger Vehicles",0,,
,,"Light Commercial Vehicles",0,,
,"Unknown","Passenger Vehicles",0,,
,,"Light Commercial Vehicles",0,,
"3214","Diesel","Passenger Vehicles",887,,
,,"Light Commercial Vehicles",1182,,
,"Electric","Passenger Vehicles",3,,
,,"Light Commercial Vehicles",0,,
,"Petrol leaded","Passenger Vehicles",167,,
,,"Light Commercial Vehicles",41,,
,"Petrol unleaded","Passenger Vehicles",11619,,
,,"Light Commercial Vehicles",917,,
,"LPG/Other gases","Passenger Vehicles",162,,
,,"Light Commercial Vehicles",78,,
,"Dual fuel","Passenger Vehicles",520,,
,,"Light Commercial Vehicles",127,,
,"Other","Passenger Vehicles",0,,
,,"Light Commercial Vehicles",0,,
,"Unknown","Passenger Vehicles",0,,
,,"Light Commercial Vehicles",0,,
"3215","Diesel","Passenger Vehicles",1438,,
,,"Light Commercial Vehicles",1593,,
,"Electric","Passenger Vehicles",0,,
,,"Light Commercial Vehicles",0,,
,"Petrol leaded","Passenger Vehicles",246,,
,,"Light Commercial Vehicles",64,,
,"Petrol unleaded","Passenger Vehicles",11781,,
,,"Light Commercial Vehicles",916,,
,"LPG/Other gases","Passenger Vehicles",178,,
,,"Light Commercial Vehicles",141,,
,"Dual fuel","Passenger Vehicles",322,,
,,"Light Commercial Vehicles",118,,
,"Other","Passenger Vehicles",0,,
,,"Light Commercial Vehicles",0,,
,"Unknown","Passenger Vehicles",0,,
,,"Light Commercial Vehicles",0,,
"3216","Diesel","Passenger Vehicles",4228,,
,,"Light Commercial Vehicles",3313,,
,"Electric","Passenger Vehicles",9,,
,,"Light Commercial Vehicles",3,,
,"Petrol leaded","Passenger Vehicles",407,,
,,"Light Commercial Vehicles",108,,
,"Petrol unleaded","Passenger Vehicles",30620,,
,,"Light Commercial Vehicles",1844,,
,"LPG/Other gases","Passenger Vehicles",303,,
,,"Light Commercial Vehicles",186,,
,"Dual fuel","Passenger Vehicles",616,,
,,"Light Commercial Vehicles",195,,
,"Other","Passenger Vehicles",24,,
,,"Light Commercial Vehicles",0,,
,"Unknown","Passenger Vehicles",0,,
,,"Light Commercial Vehicles",0,,
"3217","Diesel","Passenger Vehicles",740,,
,,"Light Commercial Vehicles",668,,
,"Electric","Passenger Vehicles",3,,
,,"Light Commercial Vehicles",0,,
,"Petrol leaded","Passenger Vehicles",41,,
,,"Light Commercial Vehicles",9,,
,"Petrol unleaded","Passenger Vehicles",5229,,
,,"Light Commercial Vehicles",286,,
,"LPG/Other gases","Passenger Vehicles",47,,
,,"Light Commercial Vehicles",25,,
,"Dual fuel","Passenger Vehicles",82,,
,,"Light Commercial Vehicles",19,,
,"Other","Passenger Vehicles",0,,
,,"Light Commercial Vehicles",0,,
,"Unknown","Passenger Vehicles",0,,
,,"Light Commercial Vehicles",0,,
"3218","Diesel","Passenger Vehicles",914,,
,,"Light Commercial Vehicles",773,,
,"Electric","Passenger Vehicles",3,,
,,"Light Commercial Vehicles",0,,
,"Petrol leaded","Passenger Vehicles",96,,
,,"Light Commercial Vehicles",27,,
,"Petrol unleaded","Passenger Vehicles",6962,,
,,"Light Commercial Vehicles",462,,
,"LPG/Other gases","Passenger Vehicles",58,,
,,"Light Commercial Vehicles",49,,
,"Dual fuel","Passenger Vehicles",108,,
,,"Light Commercial Vehicles",38,,
,"Other","Passenger Vehicles",5,,
,,"Light Commercial Vehicles",0,,
,"Unknown","Passenger Vehicles",0,,
,,"Light Commercial Vehicles",0,,
"3219","Diesel","Passenger Vehicles",1052,,
,,"Light Commercial Vehicles",1304,,
,"Electric","Passenger Vehicles",3,,
,,"Light Commercial Vehicles",0,,
,"Petrol leaded","Passenger Vehicles",207,,
,,"Light Commercial Vehicles",55,,
,"Petrol unleaded","Passenger Vehicles",10494,,
,,"Light Commercial Vehicles",839,,
,"LPG/Other gases","Passenger Vehicles",115,,
,,"Light Commercial Vehicles",97,,
,"Dual fuel","Passenger Vehicles",337,,
,,"Light Commercial Vehicles",130,,
,"Other","Passenger Vehicles",0,,
,,"Light Commercial Vehicles",0,,
,"Unknown","Passenger Vehicles",0,,
,,"Light Commercial Vehicles",0,,
"3220","Diesel","Passenger Vehicles",2334,,
,,"Light Commercial Vehicles",2073,,
,"Electric","Passenger Vehicles",11,,
,,"Light Commercial Vehicles",0,,
,"Petrol leaded","Passenger Vehicles",141,,
,,"Light Commercial Vehicles",43,,
,"Petrol unleaded","Passenger Vehicles",12419,,
,,"Light Commercial Vehicles",878,,
,"LPG/Other gases","Passenger Vehicles",66,,
,,"Light Commercial Vehicles",130,,
,"Dual fuel","Passenger Vehicles",137,,
,,"Light Commercial Vehicles",67,,
,"Other","Passenger Vehicles",3,,
,,"Light Commercial Vehicles",0,,
,"Unknown","Passenger Vehicles",0,,
,,"Light Commercial Vehicles",0,,
"3221","Diesel","Passenger Vehicles",708,,
,,"Light Commercial Vehicles",988,,
,"Electric","Passenger Vehicles",0,,
,,"Light Commercial Vehicles",0,,
,"Petrol leaded","Passenger Vehicles",126,,
,,"Light Commercial Vehicles",44,,
,"Petrol unleaded","Passenger Vehicles",2601,,
,,"Light Commercial Vehicles",448,,
,"LPG/Other gases","Passenger Vehicles",43,,
,,"Light Commercial Vehicles",81,,
,"Dual fuel","Passenger Vehicles",81,,
,,"Light Commercial Vehicles",59,,
,"Other","Passenger Vehicles",0,,
,,"Light Commercial Vehicles",0,,
,"Unknown","Passenger Vehicles",0,,
,,"Light Commercial Vehicles",0,,
"3222","Diesel","Passenger Vehicles",1401,,
,,"Light Commercial Vehicles",1293,,
,"Electric","Passenger Vehicles",0,,
,,"Light Commercial Vehicles",0,,
,"Petrol leaded","Passenger Vehicles",179,,
,,"Light Commercial Vehicles",56,,
,"Petrol unleaded","Passenger Vehicles",8748,,
,,"Light Commercial Vehicles",725,,
,"LPG/Other gases","Passenger Vehicles",105,,
,,"Light Commercial Vehicles",94,,
,"Dual fuel","Passenger Vehicles",241,,
,,"Light Commercial Vehicles",107,,
,"Other","Passenger Vehicles",3,,
,,"Light Commercial Vehicles",0,,
,"Unknown","Passenger Vehicles",0,,
,,"Light Commercial Vehicles",0,,
"3223","Diesel","Passenger Vehicles",842,,
,,"Light Commercial Vehicles",785,,
,"Electric","Passenger Vehicles",5,,
,,"Light Commercial Vehicles",0,,
,"Petrol leaded","Passenger Vehicles",111,,
,,"Light Commercial Vehicles",25,,
,"Petrol unleaded","Passenger Vehicles",4925,,
,,"Light Commercial Vehicles",426,,
,"LPG/Other gases","Passenger Vehicles",54,,
,,"Light Commercial Vehicles",59,,
,"Dual fuel","Passenger Vehicles",182,,
,,"Light Commercial Vehicles",53,,
,"Other","Passenger Vehicles",0,,
,,"Light Commercial Vehicles",3,,
,"Unknown","Passenger Vehicles",0,,
,,"Light Commercial Vehicles",0,,
"3224","Diesel","Passenger Vehicles",1028,,
,,"Light Commercial Vehicles",1090,,
,"Electric","Passenger Vehicles",0,,
,,"Light Commercial Vehicles",0,,
,"Petrol leaded","Passenger Vehicles",137,,
,,"Light Commercial Vehicles",40,,
,"Petrol unleaded","Passenger Vehicles",7525,,
,,"Light Commercial Vehicles",547,,
,"LPG/Other gases","Passenger Vehicles",101,,
,,"Light Commercial Vehicles",76,,
,"Dual fuel","Passenger Vehicles",183,,
,,"Light Commercial Vehicles",69,,
,"Other","Passenger Vehicles",0,,
,,"Light Commercial Vehicles",0,,
,"Unknown","Passenger Vehicles",0,,
,,"Light Commercial Vehicles",0,,
"3225","Diesel","Passenger Vehicles",584,,
,,"Light Commercial Vehicles",331,,
,"Electric","Passenger Vehicles",0,,
,,"Light Commercial Vehicles",0,,
,"Petrol leaded","Passenger Vehicles",62,,
,,"Light Commercial Vehicles",22,,
,"Petrol unleaded","Passenger Vehicles",2785,,
,,"Light Commercial Vehicles",158,,
,"LPG/Other gases","Passenger Vehicles",12,,
,,"Light Commercial Vehicles",11,,
,"Dual fuel","Passenger Vehicles",57,,
,,"Light Commercial Vehicles",23,,
,"Other","Passenger Vehicles",0,,
,,"Light Commercial Vehicles",0,,
,"Unknown","Passenger Vehicles",0,,
,,"Light Commercial Vehicles",0,,
"3226","Diesel","Passenger Vehicles",1618,,
,,"Light Commercial Vehicles",1146,,
,"Electric","Passenger Vehicles",0,,
,,"Light Commercial Vehicles",0,,
,"Petrol leaded","Passenger Vehicles",142,,
,,"Light Commercial Vehicles",56,,
,"Petrol unleaded","Passenger Vehicles",8430,,
,,"Light Commercial Vehicles",558,,
,"LPG/Other gases","Passenger Vehicles",82,,
,,"Light Commercial Vehicles",82,,
,"Dual fuel","Passenger Vehicles",143,,
,,"Light Commercial Vehicles",58,,
,"Other","Passenger Vehicles",0,,
,,"Light Commercial Vehicles",0,,
,"Unknown","Passenger Vehicles",0,,
,,"Light Commercial Vehicles",0,,
"3227","Diesel","Passenger Vehicles",743,,
,,"Light Commercial Vehicles",436,,
,"Electric","Passenger Vehicles",3,,
,,"Light Commercial Vehicles",0,,
,"Petrol leaded","Passenger Vehicles",47,,
,,"Light Commercial Vehicles",13,,
,"Petrol unleaded","Passenger Vehicles",2472,,
,,"Light Commercial Vehicles",207,,
,"LPG/Other gases","Passenger Vehicles",31,,
,,"Light Commercial Vehicles",32,,
,"Dual fuel","Passenger Vehicles",40,,
,,"Light Commercial Vehicles",23,,
,"Other","Passenger Vehicles",0,,
,,"Light Commercial Vehicles",0,,
,"Unknown","Passenger Vehicles",0,,
,,"Light Commercial Vehicles",0,,
"3228","Diesel","Passenger Vehicles",2585,,
,,"Light Commercial Vehicles",1826,,
,"Electric","Passenger Vehicles",4,,
,,"Light Commercial Vehicles",0,,
,"Petrol leaded","Passenger Vehicles",187,,
,,"Light Commercial Vehicles",56,,
,"Petrol unleaded","Passenger Vehicles",10211,,
,,"Light Commercial Vehicles",675,,
,"LPG/Other gases","Passenger Vehicles",98,,
,,"Light Commercial Vehicles",70,,
,"Dual fuel","Passenger Vehicles",178,,
,,"Light Commercial Vehicles",78,,
,"Other","Passenger Vehicles",0,,
,,"Light Commercial Vehicles",0,,
,"Unknown","Passenger Vehicles",0,,
,,"Light Commercial Vehicles",0,,
"3230","Diesel","Passenger Vehicles",405,,
,,"Light Commercial Vehicles",269,,
,"Electric","Passenger Vehicles",0,,
,,"Light Commercial Vehicles",0,,
,"Petrol leaded","Passenger Vehicles",34,,
,,"Light Commercial Vehicles",12,,
,"Petrol unleaded","Passenger Vehicles",1542,,
,,"Light Commercial Vehicles",148,,
,"LPG/Other gases","Passenger Vehicles",6,,
,,"Light Commercial Vehicles",22,,
,"Dual fuel","Passenger Vehicles",29,,
,,"Light Commercial Vehicles",15,,
,"Other","Passenger Vehicles",0,,
,,"Light Commercial Vehicles",0,,
,"Unknown","Passenger Vehicles",0,,
,,"Light Commercial Vehicles",0,,
"3231","Diesel","Passenger Vehicles",257,,
,,"Light Commercial Vehicles",122,,
,"Electric","Passenger Vehicles",0,,
,,"Light Commercial Vehicles",0,,
,"Petrol leaded","Passenger Vehicles",13,,
,,"Light Commercial Vehicles",10,,
,"Petrol unleaded","Passenger Vehicles",788,,
,,"Light Commercial Vehicles",84,,
,"LPG/Other gases","Passenger Vehicles",8,,
,,"Light Commercial Vehicles",3,,
,"Dual fuel","Passenger Vehicles",19,,
,,"Light Commercial Vehicles",5,,
,"Other","Passenger Vehicles",0,,
,,"Light Commercial Vehicles",0,,
,"Unknown","Passenger Vehicles",0,,
,,"Light Commercial Vehicles",0,,
"3232","Diesel","Passenger Vehicles",200,,
,,"Light Commercial Vehicles",138,,
,"Electric","Passenger Vehicles",0,,
,,"Light Commercial Vehicles",0,,
,"Petrol leaded","Passenger Vehicles",21,,
,,"Light Commercial Vehicles",13,,
,"Petrol unleaded","Passenger Vehicles",675,,
,,"Light Commercial Vehicles",72,,
,"LPG/Other gases","Passenger Vehicles",3,,
,,"Light Commercial Vehicles",3,,
,"Dual fuel","Passenger Vehicles",5,,
,,"Light Commercial Vehicles",6,,
,"Other","Passenger Vehicles",0,,
,,"Light Commercial Vehicles",0,,
,"Unknown","Passenger Vehicles",0,,
,,"Light Commercial Vehicles",0,,
"3233","Diesel","Passenger Vehicles",302,,
,,"Light Commercial Vehicles",283,,
,"Electric","Passenger Vehicles",0,,
,,"Light Commercial Vehicles",0,,
,"Petrol leaded","Passenger Vehicles",19,,
,,"Light Commercial Vehicles",3,,
,"Petrol unleaded","Passenger Vehicles",1122,,
,,"Light Commercial Vehicles",118,,
,"LPG/Other gases","Passenger Vehicles",15,,
,,"Light Commercial Vehicles",9,,
,"Dual fuel","Passenger Vehicles",24,,
,,"Light Commercial Vehicles",31,,
,"Other","Passenger Vehicles",0,,
,,"Light Commercial Vehicles",0,,
,"Unknown","Passenger Vehicles",0,,
,,"Light Commercial Vehicles",0,,
"3234","Diesel","Passenger Vehicles",15,,
,,"Light Commercial Vehicles",11,,
,"Electric","Passenger Vehicles",0,,
,,"Light Commercial Vehicles",0,,
,"Petrol leaded","Passenger Vehicles",0,,
,,"Light Commercial Vehicles",3,,
,"Petrol unleaded","Passenger Vehicles",70,,
,,"Light Commercial Vehicles",4,,
,"LPG/Other gases","Passenger Vehicles",0,,
,,"Light Commercial Vehicles",0,,
,"Dual fuel","Passenger Vehicles",0,,
,,"Light Commercial Vehicles",0,,
,"Other","Passenger Vehicles",0,,
,,"Light Commercial Vehicles",0,,
,"Unknown","Passenger Vehicles",0,,
,,"Light Commercial Vehicles",0,,
"3235","Diesel","Passenger Vehicles",78,,
,,"Light Commercial Vehicles",102,,
,"Electric","Passenger Vehicles",0,,
,,"Light Commercial Vehicles",0,,
,"Petrol leaded","Passenger Vehicles",8,,
,,"Light Commercial Vehicles",5,,
,"Petrol unleaded","Passenger Vehicles",183,,
,,"Light Commercial Vehicles",40,,
,"LPG/Other gases","Passenger Vehicles",0,,
,,"Light Commercial Vehicles",3,,
,"Dual fuel","Passenger Vehicles",3,,
,,"Light Commercial Vehicles",3,,
,"Other","Passenger Vehicles",0,,
,,"Light Commercial Vehicles",0,,
,"Unknown","Passenger Vehicles",0,,
,,"Light Commercial Vehicles",0,,
"3236","Diesel","Passenger Vehicles",32,,
,,"Light Commercial Vehicles",62,,
,"Electric","Passenger Vehicles",0,,
,,"Light Commercial Vehicles",0,,
,"Petrol leaded","Passenger Vehicles",3,,
,,"Light Commercial Vehicles",0,,
,"Petrol unleaded","Passenger Vehicles",121,,
,,"Light Commercial Vehicles",12,,
,"LPG/Other gases","Passenger Vehicles",6,,
,,"Light Commercial Vehicles",3,,
,"Dual fuel","Passenger Vehicles",3,,
,,"Light Commercial Vehicles",0,,
,"Other","Passenger Vehicles",0,,
,,"Light Commercial Vehicles",0,,
,"Unknown","Passenger Vehicles",0,,
,,"Light Commercial Vehicles",0,,
"3237","Diesel","Passenger Vehicles",32,,
,,"Light Commercial Vehicles",51,,
,"Electric","Passenger Vehicles",0,,
,,"Light Commercial Vehicles",0,,
,"Petrol leaded","Passenger Vehicles",0,,
,,"Light Commercial Vehicles",4,,
,"Petrol unleaded","Passenger Vehicles",99,,
,,"Light Commercial Vehicles",21,,
,"LPG/Other gases","Passenger Vehicles",0,,
,,"Light Commercial Vehicles",0,,
,"Dual fuel","Passenger Vehicles",10,,
,,"Light Commercial Vehicles",0,,
,"Other","Passenger Vehicles",0,,
,,"Light Commercial Vehicles",0,,
,"Unknown","Passenger Vehicles",0,,
,,"Light Commercial Vehicles",0,,
"3238","Diesel","Passenger Vehicles",31,,
,,"Light Commercial Vehicles",55,,
,"Electric","Passenger Vehicles",0,,
,,"Light Commercial Vehicles",0,,
,"Petrol leaded","Passenger Vehicles",3,,
,,"Light Commercial Vehicles",0,,
,"Petrol unleaded","Passenger Vehicles",121,,
,,"Light Commercial Vehicles",23,,
,"LPG/Other gases","Passenger Vehicles",0,,
,,"Light Commercial Vehicles",0,,
,"Dual fuel","Passenger Vehicles",3,,
,,"Light Commercial Vehicles",6,,
,"Other","Passenger Vehicles",0,,
,,"Light Commercial Vehicles",0,,
,"Unknown","Passenger Vehicles",0,,
,,"Light Commercial Vehicles",0,,
"3239","Diesel","Passenger Vehicles",57,,
,,"Light Commercial Vehicles",119,,
,"Electric","Passenger Vehicles",0,,
,,"Light Commercial Vehicles",0,,
,"Petrol leaded","Passenger Vehicles",7,,
,,"Light Commercial Vehicles",6,,
,"Petrol unleaded","Passenger Vehicles",215,,
,,"Light Commercial Vehicles",40,,
,"LPG/Other gases","Passenger Vehicles",4,,
,,"Light Commercial Vehicles",5,,
,"Dual fuel","Passenger Vehicles",7,,
,,"Light Commercial Vehicles",5,,
,"Other","Passenger Vehicles",0,,
,,"Light Commercial Vehicles",0,,
,"Unknown","Passenger Vehicles",0,,
,,"Light Commercial Vehicles",0,,
"3240","Diesel","Passenger Vehicles",341,,
,,"Light Commercial Vehicles",381,,
,"Electric","Passenger Vehicles",3,,
,,"Light Commercial Vehicles",0,,
,"Petrol leaded","Passenger Vehicles",35,,
,,"Light Commercial Vehicles",21,,
,"Petrol unleaded","Passenger Vehicles",898,,
,,"Light Commercial Vehicles",142,,
,"LPG/Other gases","Passenger Vehicles",14,,
,,"Light Commercial Vehicles",22,,
,"Dual fuel","Passenger Vehicles",41,,
,,"Light Commercial Vehicles",16,,
,"Other","Passenger Vehicles",0,,
,,"Light Commercial Vehicles",0,,
,"Unknown","Passenger Vehicles",0,,
,,"Light Commercial Vehicles",0,,
"3241","Diesel","Passenger Vehicles",330,,
,,"Light Commercial Vehicles",479,,
,"Electric","Passenger Vehicles",3,,
,,"Light Commercial Vehicles",0,,
,"Petrol leaded","Passenger Vehicles",38,,
,,"Light Commercial Vehicles",19,,
,"Petrol unleaded","Passenger Vehicles",1357,,
,,"Light Commercial Vehicles",228,,
,"LPG/Other gases","Passenger Vehicles",27,,
,,"Light Commercial Vehicles",19,,
,"Dual fuel","Passenger Vehicles",49,,
,,"Light Commercial Vehicles",38,,
,"Other","Passenger Vehicles",0,,
,,"Light Commercial Vehicles",0,,
,"Unknown","Passenger Vehicles",0,,
,,"Light Commercial Vehicles",0,,
"3242","Diesel","Passenger Vehicles",117,,
,,"Light Commercial Vehicles",219,,
,"Electric","Passenger Vehicles",0,,
,,"Light Commercial Vehicles",0,,
,"Petrol leaded","Passenger Vehicles",15,,
,,"Light Commercial Vehicles",7,,
,"Petrol unleaded","Passenger Vehicles",438,,
,,"Light Commercial Vehicles",88,,
,"LPG/Other gases","Passenger Vehicles",5,,
,,"Light Commercial Vehicles",4,,
,"Dual fuel","Passenger Vehicles",14,,
,,"Light Commercial Vehicles",10,,
,"Other","Passenger Vehicles",0,,
,,"Light Commercial Vehicles",0,,
,"Unknown","Passenger Vehicles",0,,
,,"Light Commercial Vehicles",0,,
"3243","Diesel","Passenger Vehicles",58,,
,,"Light Commercial Vehicles",106,,
,"Electric","Passenger Vehicles",0,,
,,"Light Commercial Vehicles",0,,
,"Petrol leaded","Passenger Vehicles",10,,
,,"Light Commercial Vehicles",8,,
,"Petrol unleaded","Passenger Vehicles",179,,
,,"Light Commercial Vehicles",46,,
,"LPG/Other gases","Passenger Vehicles",0,,
,,"Light Commercial Vehicles",3,,
,"Dual fuel","Passenger Vehicles",3,,
,,"Light Commercial Vehicles",3,,
,"Other","Passenger Vehicles",0,,
,,"Light Commercial Vehicles",0,,
,"Unknown","Passenger Vehicles",0,,
,,"Light Commercial Vehicles",0,,
"3249","Diesel","Passenger Vehicles",372,,
,,"Light Commercial Vehicles",718,,
,"Electric","Passenger Vehicles",0,,
,,"Light Commercial Vehicles",0,,
,"Petrol leaded","Passenger Vehicles",57,,
,,"Light Commercial Vehicles",39,,
,"Petrol unleaded","Passenger Vehicles",1509,,
,,"Light Commercial Vehicles",260,,
,"LPG/Other gases","Passenger Vehicles",11,,
,,"Light Commercial Vehicles",21,,
,"Dual fuel","Passenger Vehicles",70,,
,,"Light Commercial Vehicles",45,,
,"Other","Passenger Vehicles",0,,
,,"Light Commercial Vehicles",0,,
,"Unknown","Passenger Vehicles",0,,
,,"Light Commercial Vehicles",0,,
"3250","Diesel","Passenger Vehicles",954,,
,,"Light Commercial Vehicles",1547,,
,"Electric","Passenger Vehicles",3,,
,,"Light Commercial Vehicles",0,,
,"Petrol leaded","Passenger Vehicles",101,,
,,"Light Commercial Vehicles",57,,
,"Petrol unleaded","Passenger Vehicles",6515,,
,,"Light Commercial Vehicles",761,,
,"LPG/Other gases","Passenger Vehicles",43,,
,,"Light Commercial Vehicles",57,,
,"Dual fuel","Passenger Vehicles",195,,
,,"Light Commercial Vehicles",75,,
,"Other","Passenger Vehicles",0,,
,,"Light Commercial Vehicles",0,,
,"Unknown","Passenger Vehicles",0,,
,,"Light Commercial Vehicles",0,,
"3251","Diesel","Passenger Vehicles",57,,
,,"Light Commercial Vehicles",124,,
,"Electric","Passenger Vehicles",0,,
,,"Light Commercial Vehicles",0,,
,"Petrol leaded","Passenger Vehicles",9,,
,,"Light Commercial Vehicles",7,,
,"Petrol unleaded","Passenger Vehicles",267,,
,,"Light Commercial Vehicles",52,,
,"LPG/Other gases","Passenger Vehicles",3,,
,,"Light Commercial Vehicles",3,,
,"Dual fuel","Passenger Vehicles",23,,
,,"Light Commercial Vehicles",13,,
,"Other","Passenger Vehicles",0,,
,,"Light Commercial Vehicles",0,,
,"Unknown","Passenger Vehicles",0,,
,,"Light Commercial Vehicles",0,,
"3254","Diesel","Passenger Vehicles",38,,
,,"Light Commercial Vehicles",52,,
,"Electric","Passenger Vehicles",0,,
,,"Light Commercial Vehicles",0,,
,"Petrol leaded","Passenger Vehicles",3,,
,,"Light Commercial Vehicles",3,,
,"Petrol unleaded","Passenger Vehicles",161,,
,,"Light Commercial Vehicles",39,,
,"LPG/Other gases","Passenger Vehicles",3,,
,,"Light Commercial Vehicles",3,,
,"Dual fuel","Passenger Vehicles",8,,
,,"Light Commercial Vehicles",6,,
,"Other","Passenger Vehicles",0,,
,,"Light Commercial Vehicles",0,,
,"Unknown","Passenger Vehicles",0,,
,,"Light Commercial Vehicles",0,,
"3260","Diesel","Passenger Vehicles",469,,
,,"Light Commercial Vehicles",851,,
,"Electric","Passenger Vehicles",0,,
,,"Light Commercial Vehicles",0,,
,"Petrol leaded","Passenger Vehicles",64,,
,,"Light Commercial Vehicles",40,,
,"Petrol unleaded","Passenger Vehicles",2405,,
,,"Light Commercial Vehicles",365,,
,"LPG/Other gases","Passenger Vehicles",21,,
,,"Light Commercial Vehicles",27,,
,"Dual fuel","Passenger Vehicles",97,,
,,"Light Commercial Vehicles",40,,
,"Other","Passenger Vehicles",0,,
,,"Light Commercial Vehicles",0,,
,"Unknown","Passenger Vehicles",0,,
,,"Light Commercial Vehicles",0,,
"3264","Diesel","Passenger Vehicles",219,,
,,"Light Commercial Vehicles",395,,
,"Electric","Passenger Vehicles",3,,
,,"Light Commercial Vehicles",0,,
,"Petrol leaded","Passenger Vehicles",28,,
,,"Light Commercial Vehicles",14,,
,"Petrol unleaded","Passenger Vehicles",1196,,
,,"Light Commercial Vehicles",184,,
,"LPG/Other gases","Passenger Vehicles",11,,
,,"Light Commercial Vehicles",6,,
,"Dual fuel","Passenger Vehicles",66,,
,,"Light Commercial Vehicles",21,,
,"Other","Passenger Vehicles",0,,
,,"Light Commercial Vehicles",0,,
,"Unknown","Passenger Vehicles",0,,
,,"Light Commercial Vehicles",0,,
"3265","Diesel","Passenger Vehicles",311,,
,,"Light Commercial Vehicles",576,,
,"Electric","Passenger Vehicles",0,,
,,"Light Commercial Vehicles",0,,
,"Petrol leaded","Passenger Vehicles",33,,
,,"Light Commercial Vehicles",27,,
,"Petrol unleaded","Passenger Vehicles",1178,,
,,"Light Commercial Vehicles",217,,
,"LPG/Other gases","Passenger Vehicles",11,,
,,"Light Commercial Vehicles",7,,
,"Dual fuel","Passenger Vehicles",37,,
,,"Light Commercial Vehicles",29,,
,"Other","Passenger Vehicles",0,,
,,"Light Commercial Vehicles",0,,
,"Unknown","Passenger Vehicles",0,,
,,"Light Commercial Vehicles",0,,
"3266","Diesel","Passenger Vehicles",298,,
,,"Light Commercial Vehicles",617,,
,"Electric","Passenger Vehicles",0,,
,,"Light Commercial Vehicles",0,,
,"Petrol leaded","Passenger Vehicles",43,,
,,"Light Commercial Vehicles",22,,
,"Petrol unleaded","Passenger Vehicles",1518,,
,,"Light Commercial Vehicles",253,,
,"LPG/Other gases","Passenger Vehicles",13,,
,,"Light Commercial Vehicles",9,,
,"Dual fuel","Passenger Vehicles",45,,
,,"Light Commercial Vehicles",34,,
,"Other","Passenger Vehicles",0,,
,,"Light Commercial Vehicles",0,,
,"Unknown","Passenger Vehicles",0,,
,,"Light Commercial Vehicles",0,,
"3267","Diesel","Passenger Vehicles",44,,
,,"Light Commercial Vehicles",68,,
,"Electric","Passenger Vehicles",0,,
,,"Light Commercial Vehicles",0,,
,"Petrol leaded","Passenger Vehicles",8,,
,,"Light Commercial Vehicles",3,,
,"Petrol unleaded","Passenger Vehicles",123,,
,,"Light Commercial Vehicles",20,,
,"LPG/Other gases","Passenger Vehicles",0,,
,,"Light Commercial Vehicles",0,,
,"Dual fuel","Passenger Vehicles",3,,
,,"Light Commercial Vehicles",3,,
,"Other","Passenger Vehicles",0,,
,,"Light Commercial Vehicles",0,,
,"Unknown","Passenger Vehicles",0,,
,,"Light Commercial Vehicles",0,,
"3268","Diesel","Passenger Vehicles",313,,
,,"Light Commercial Vehicles",673,,
,"Electric","Passenger Vehicles",0,,
,,"Light Commercial Vehicles",0,,
,"Petrol leaded","Passenger Vehicles",32,,
,,"Light Commercial Vehicles",25,,
,"Petrol unleaded","Passenger Vehicles",1352,,
,,"Light Commercial Vehicles",200,,
,"LPG/Other gases","Passenger Vehicles",3,,
,,"Light Commercial Vehicles",5,,
,"Dual fuel","Passenger Vehicles",23,,
,,"Light Commercial Vehicles",12,,
,"Other","Passenger Vehicles",0,,
,,"Light Commercial Vehicles",0,,
,"Unknown","Passenger Vehicles",0,,
,,"Light Commercial Vehicles",0,,
"3269","Diesel","Passenger Vehicles",104,,
,,"Light Commercial Vehicles",146,,
,"Electric","Passenger Vehicles",0,,
,,"Light Commercial Vehicles",0,,
,"Petrol leaded","Passenger Vehicles",15,,
,,"Light Commercial Vehicles",3,,
,"Petrol unleaded","Passenger Vehicles",310,,
,,"Light Commercial Vehicles",32,,
,"LPG/Other gases","Passenger Vehicles",3,,
,,"Light Commercial Vehicles",0,,
,"Dual fuel","Passenger Vehicles",11,,
,,"Light Commercial Vehicles",3,,
,"Other","Passenger Vehicles",0,,
,,"Light Commercial Vehicles",0,,
,"Unknown","Passenger Vehicles",0,,
,,"Light Commercial Vehicles",0,,
"3270","Diesel","Passenger Vehicles",26,,
,,"Light Commercial Vehicles",56,,
,"Electric","Passenger Vehicles",0,,
,,"Light Commercial Vehicles",0,,
,"Petrol leaded","Passenger Vehicles",3,,
,,"Light Commercial Vehicles",0,,
,"Petrol unleaded","Passenger Vehicles",126,,
,,"Light Commercial Vehicles",17,,
,"LPG/Other gases","Passenger Vehicles",0,,
,,"Light Commercial Vehicles",3,,
,"Dual fuel","Passenger Vehicles",9,,
,,"Light Commercial Vehicles",0,,
,"Other","Passenger Vehicles",0,,
,,"Light Commercial Vehicles",0,,
,"Unknown","Passenger Vehicles",0,,
,,"Light Commercial Vehicles",0,,
"3271","Diesel","Passenger Vehicles",37,,
,,"Light Commercial Vehicles",77,,
,"Electric","Passenger Vehicles",0,,
,,"Light Commercial Vehicles",0,,
,"Petrol leaded","Passenger Vehicles",4,,
,,"Light Commercial Vehicles",3,,
,"Petrol unleaded","Passenger Vehicles",71,,
,,"Light Commercial Vehicles",21,,
,"LPG/Other gases","Passenger Vehicles",0,,
,,"Light Commercial Vehicles",0,,
,"Dual fuel","Passenger Vehicles",3,,
,,"Light Commercial Vehicles",3,,
,"Other","Passenger Vehicles",0,,
,,"Light Commercial Vehicles",0,,
,"Unknown","Passenger Vehicles",0,,
,,"Light Commercial Vehicles",0,,
"3272","Diesel","Passenger Vehicles",174,,
,,"Light Commercial Vehicles",303,,
,"Electric","Passenger Vehicles",0,,
,,"Light Commercial Vehicles",0,,
,"Petrol leaded","Passenger Vehicles",16,,
,,"Light Commercial Vehicles",17,,
,"Petrol unleaded","Passenger Vehicles",737,,
,,"Light Commercial Vehicles",133,,
,"LPG/Other gases","Passenger Vehicles",7,,
,,"Light Commercial Vehicles",5,,
,"Dual fuel","Passenger Vehicles",25,,
,,"Light Commercial Vehicles",24,,
,"Other","Passenger Vehicles",0,,
,,"Light Commercial Vehicles",0,,
,"Unknown","Passenger Vehicles",0,,
,,"Light Commercial Vehicles",0,,
"3273","Diesel","Passenger Vehicles",19,,
,,"Light Commercial Vehicles",39,,
,"Electric","Passenger Vehicles",0,,
,,"Light Commercial Vehicles",0,,
,"Petrol leaded","Passenger Vehicles",3,,
,,"Light Commercial Vehicles",0,,
,"Petrol unleaded","Passenger Vehicles",46,,
,,"Light Commercial Vehicles",10,,
,"LPG/Other gases","Passenger Vehicles",3,,
,,"Light Commercial Vehicles",0,,
,"Dual fuel","Passenger Vehicles",3,,
,,"Light Commercial Vehicles",5,,
,"Other","Passenger Vehicles",0,,
,,"Light Commercial Vehicles",0,,
,"Unknown","Passenger Vehicles",0,,
,,"Light Commercial Vehicles",0,,
"3274","Diesel","Passenger Vehicles",37,,
,,"Light Commercial Vehicles",83,,
,"Electric","Passenger Vehicles",0,,
,,"Light Commercial Vehicles",0,,
,"Petrol leaded","Passenger Vehicles",5,,
,,"Light Commercial Vehicles",3,,
,"Petrol unleaded","Passenger Vehicles",102,,
,,"Light Commercial Vehicles",33,,
,"LPG/Other gases","Passenger Vehicles",3,,
,,"Light Commercial Vehicles",3,,
,"Dual fuel","Passenger Vehicles",5,,
,,"Light Commercial Vehicles",5,,
,"Other","Passenger Vehicles",0,,
,,"Light Commercial Vehicles",0,,
,"Unknown","Passenger Vehicles",0,,
,,"Light Commercial Vehicles",0,,
"3275","Diesel","Passenger Vehicles",48,,
,,"Light Commercial Vehicles",77,,
,"Electric","Passenger Vehicles",0,,
,,"Light Commercial Vehicles",0,,
,"Petrol leaded","Passenger Vehicles",12,,
,,"Light Commercial Vehicles",3,,
,"Petrol unleaded","Passenger Vehicles",204,,
,,"Light Commercial Vehicles",40,,
,"LPG/Other gases","Passenger Vehicles",3,,
,,"Light Commercial Vehicles",0,,
,"Dual fuel","Passenger Vehicles",7,,
,,"Light Commercial Vehicles",8,,
,"Other","Passenger Vehicles",0,,
,,"Light Commercial Vehicles",0,,
,"Unknown","Passenger Vehicles",0,,
,,"Light Commercial Vehicles",0,,
"3276","Diesel","Passenger Vehicles",54,,
,,"Light Commercial Vehicles",121,,
,"Electric","Passenger Vehicles",0,,
,,"Light Commercial Vehicles",0,,
,"Petrol leaded","Passenger Vehicles",4,,
,,"Light Commercial Vehicles",3,,
,"Petrol unleaded","Passenger Vehicles",205,,
,,"Light Commercial Vehicles",46,,
,"LPG/Other gases","Passenger Vehicles",3,,
,,"Light Commercial Vehicles",3,,
,"Dual fuel","Passenger Vehicles",10,,
,,"Light Commercial Vehicles",5,,
,"Other","Passenger Vehicles",0,,
,,"Light Commercial Vehicles",0,,
,"Unknown","Passenger Vehicles",0,,
,,"Light Commercial Vehicles",0,,
"3277","Diesel","Passenger Vehicles",193,,
,,"Light Commercial Vehicles",359,,
,"Electric","Passenger Vehicles",0,,
,,"Light Commercial Vehicles",0,,
,"Petrol leaded","Passenger Vehicles",32,,
,,"Light Commercial Vehicles",23,,
,"Petrol unleaded","Passenger Vehicles",843,,
,,"Light Commercial Vehicles",137,,
,"LPG/Other gases","Passenger Vehicles",4,,
,,"Light Commercial Vehicles",10,,
,"Dual fuel","Passenger Vehicles",9,,
,,"Light Commercial Vehicles",11,,
,"Other","Passenger Vehicles",0,,
,,"Light Commercial Vehicles",0,,
,"Unknown","Passenger Vehicles",0,,
,,"Light Commercial Vehicles",0,,
"3278","Diesel","Passenger Vehicles",34,,
,,"Light Commercial Vehicles",59,,
,"Electric","Passenger Vehicles",0,,
,,"Light Commercial Vehicles",0,,
,"Petrol leaded","Passenger Vehicles",12,,
,,"Light Commercial Vehicles",3,,
,"Petrol unleaded","Passenger Vehicles",156,,
,,"Light Commercial Vehicles",25,,
,"LPG/Other gases","Passenger Vehicles",0,,
,,"Light Commercial Vehicles",3,,
,"Dual fuel","Passenger Vehicles",4,,
,,"Light Commercial Vehicles",4,,
,"Other","Passenger Vehicles",0,,
,,"Light Commercial Vehicles",0,,
,"Unknown","Passenger Vehicles",0,,
,,"Light Commercial Vehicles",0,,
"3279","Diesel","Passenger Vehicles",26,,
,,"Light Commercial Vehicles",71,,
,"Electric","Passenger Vehicles",0,,
,,"Light Commercial Vehicles",0,,
,"Petrol leaded","Passenger Vehicles",5,,
,,"Light Commercial Vehicles",3,,
,"Petrol unleaded","Passenger Vehicles",133,,
,,"Light Commercial Vehicles",23,,
,"LPG/Other gases","Passenger Vehicles",0,,
,,"Light Commercial Vehicles",0,,
,"Dual fuel","Passenger Vehicles",3,,
,,"Light Commercial Vehicles",4,,
,"Other","Passenger Vehicles",0,,
,,"Light Commercial Vehicles",0,,
,"Unknown","Passenger Vehicles",0,,
,,"Light Commercial Vehicles",0,,
"3280","Diesel","Passenger Vehicles",2441,,
,,"Light Commercial Vehicles",3128,,
,"Electric","Passenger Vehicles",6,,
,,"Light Commercial Vehicles",0,,
,"Petrol leaded","Passenger Vehicles",241,,
,,"Light Commercial Vehicles",64,,
,"Petrol unleaded","Passenger Vehicles",17878,,
,,"Light Commercial Vehicles",1648,,
,"LPG/Other gases","Passenger Vehicles",81,,
,,"Light Commercial Vehicles",85,,
,"Dual fuel","Passenger Vehicles",348,,
,,"Light Commercial Vehicles",162,,
,"Other","Passenger Vehicles",0,,
,,"Light Commercial Vehicles",3,,
,"Unknown","Passenger Vehicles",0,,
,,"Light Commercial Vehicles",0,,
"3281","Diesel","Passenger Vehicles",227,,
,,"Light Commercial Vehicles",357,,
,"Electric","Passenger Vehicles",0,,
,,"Light Commercial Vehicles",0,,
,"Petrol leaded","Passenger Vehicles",23,,
,,"Light Commercial Vehicles",7,,
,"Petrol unleaded","Passenger Vehicles",776,,
,,"Light Commercial Vehicles",124,,
,"LPG/Other gases","Passenger Vehicles",6,,
,,"Light Commercial Vehicles",4,,
,"Dual fuel","Passenger Vehicles",17,,
,,"Light Commercial Vehicles",17,,
,"Other","Passenger Vehicles",0,,
,,"Light Commercial Vehicles",0,,
,"Unknown","Passenger Vehicles",0,,
,,"Light Commercial Vehicles",0,,
"3282","Diesel","Passenger Vehicles",241,,
,,"Light Commercial Vehicles",383,,
,"Electric","Passenger Vehicles",0,,
,,"Light Commercial Vehicles",0,,
,"Petrol leaded","Passenger Vehicles",32,,
,,"Light Commercial Vehicles",6,,
,"Petrol unleaded","Passenger Vehicles",1277,,
,,"Light Commercial Vehicles",185,,
,"LPG/Other gases","Passenger Vehicles",12,,
,,"Light Commercial Vehicles",13,,
,"Dual fuel","Passenger Vehicles",33,,
,,"Light Commercial Vehicles",31,,
,"Other","Passenger Vehicles",0,,
,,"Light Commercial Vehicles",0,,
,"Unknown","Passenger Vehicles",0,,
,,"Light Commercial Vehicles",0,,
"3283","Diesel","Passenger Vehicles",118,,
,,"Light Commercial Vehicles",240,,
,"Electric","Passenger Vehicles",0,,
,,"Light Commercial Vehicles",0,,
,"Petrol leaded","Passenger Vehicles",15,,
,,"Light Commercial Vehicles",3,,
,"Petrol unleaded","Passenger Vehicles",581,,
,,"Light Commercial Vehicles",99,,
,"LPG/Other gases","Passenger Vehicles",7,,
,,"Light Commercial Vehicles",5,,
,"Dual fuel","Passenger Vehicles",12,,
,,"Light Commercial Vehicles",11,,
,"Other","Passenger Vehicles",3,,
,,"Light Commercial Vehicles",0,,
,"Unknown","Passenger Vehicles",0,,
,,"Light Commercial Vehicles",0,,
"3284","Diesel","Passenger Vehicles",406,,
,,"Light Commercial Vehicles",495,,
,"Electric","Passenger Vehicles",0,,
,,"Light Commercial Vehicles",0,,
,"Petrol leaded","Passenger Vehicles",40,,
,,"Light Commercial Vehicles",15,,
,"Petrol unleaded","Passenger Vehicles",1786,,
,,"Light Commercial Vehicles",213,,
,"LPG/Other gases","Passenger Vehicles",14,,
,,"Light Commercial Vehicles",16,,
,"Dual fuel","Passenger Vehicles",39,,
,,"Light Commercial Vehicles",23,,
,"Other","Passenger Vehicles",0,,
,,"Light Commercial Vehicles",0,,
,"Unknown","Passenger Vehicles",0,,
,,"Light Commercial Vehicles",0,,
"3285","Diesel","Passenger Vehicles",159,,
,,"Light Commercial Vehicles",306,,
,"Electric","Passenger Vehicles",0,,
,,"Light Commercial Vehicles",0,,
,"Petrol leaded","Passenger Vehicles",8,,
,,"Light Commercial Vehicles",7,,
,"Petrol unleaded","Passenger Vehicles",552,,
,,"Light Commercial Vehicles",84,,
,"LPG/Other gases","Passenger Vehicles",7,,
,,"Light Commercial Vehicles",9,,
,"Dual fuel","Passenger Vehicles",13,,
,,"Light Commercial Vehicles",15,,
,"Other","Passenger Vehicles",0,,
,,"Light Commercial Vehicles",0,,
,"Unknown","Passenger Vehicles",0,,
,,"Light Commercial Vehicles",0,,
"3286","Diesel","Passenger Vehicles",82,,
,,"Light Commercial Vehicles",178,,
,"Electric","Passenger Vehicles",0,,
,,"Light Commercial Vehicles",0,,
,"Petrol leaded","Passenger Vehicles",5,,
,,"Light Commercial Vehicles",3,,
,"Petrol unleaded","Passenger Vehicles",255,,
,,"Light Commercial Vehicles",56,,
,"LPG/Other gases","Passenger Vehicles",0,,
,,"Light Commercial Vehicles",3,,
,"Dual fuel","Passenger Vehicles",15,,
,,"Light Commercial Vehicles",3,,
,"Other","Passenger Vehicles",0,,
,,"Light Commercial Vehicles",0,,
,"Unknown","Passenger Vehicles",0,,
,,"Light Commercial Vehicles",0,,
"3287","Diesel","Passenger Vehicles",67,,
,,"Light Commercial Vehicles",140,,
,"Electric","Passenger Vehicles",0,,
,,"Light Commercial Vehicles",0,,
,"Petrol leaded","Passenger Vehicles",3,,
,,"Light Commercial Vehicles",4,,
,"Petrol unleaded","Passenger Vehicles",177,,
,,"Light Commercial Vehicles",26,,
,"LPG/Other gases","Passenger Vehicles",0,,
,,"Light Commercial Vehicles",0,,
,"Dual fuel","Passenger Vehicles",4,,
,,"Light Commercial Vehicles",5,,
,"Other","Passenger Vehicles",0,,
,,"Light Commercial Vehicles",0,,
,"Unknown","Passenger Vehicles",0,,
,,"Light Commercial Vehicles",0,,
"3289","Diesel","Passenger Vehicles",86,,
,,"Light Commercial Vehicles",230,,
,"Electric","Passenger Vehicles",0,,
,,"Light Commercial Vehicles",0,,
,"Petrol leaded","Passenger Vehicles",6,,
,,"Light Commercial Vehicles",6,,
,"Petrol unleaded","Passenger Vehicles",348,,
,,"Light Commercial Vehicles",73,,
,"LPG/Other gases","Passenger Vehicles",3,,
,,"Light Commercial Vehicles",5,,
,"Dual fuel","Passenger Vehicles",20,,
,,"Light Commercial Vehicles",4,,
,"Other","Passenger Vehicles",0,,
,,"Light Commercial Vehicles",0,,
,"Unknown","Passenger Vehicles",0,,
,,"Light Commercial Vehicles",0,,
"3292","Diesel","Passenger Vehicles",22,,
,,"Light Commercial Vehicles",45,,
,"Electric","Passenger Vehicles",0,,
,,"Light Commercial Vehicles",0,,
,"Petrol leaded","Passenger Vehicles",8,,
,,"Light Commercial Vehicles",0,,
,"Petrol unleaded","Passenger Vehicles",86,,
,,"Light Commercial Vehicles",20,,
,"LPG/Other gases","Passenger Vehicles",0,,
,,"Light Commercial Vehicles",0,,
,"Dual fuel","Passenger Vehicles",3,,
,,"Light Commercial Vehicles",3,,
,"Other","Passenger Vehicles",0,,
,,"Light Commercial Vehicles",0,,
,"Unknown","Passenger Vehicles",0,,
,,"Light Commercial Vehicles",0,,
"3293","Diesel","Passenger Vehicles",59,,
,,"Light Commercial Vehicles",125,,
,"Electric","Passenger Vehicles",0,,
,,"Light Commercial Vehicles",0,,
,"Petrol leaded","Passenger Vehicles",0,,
,,"Light Commercial Vehicles",3,,
,"Petrol unleaded","Passenger Vehicles",164,,
,,"Light Commercial Vehicles",41,,
,"LPG/Other gases","Passenger Vehicles",3,,
,,"Light Commercial Vehicles",3,,
,"Dual fuel","Passenger Vehicles",4,,
,,"Light Commercial Vehicles",4,,
,"Other","Passenger Vehicles",0,,
,,"Light Commercial Vehicles",0,,
,"Unknown","Passenger Vehicles",0,,
,,"Light Commercial Vehicles",0,,
"3294","Diesel","Passenger Vehicles",149,,
,,"Light Commercial Vehicles",283,,
,"Electric","Passenger Vehicles",0,,
,,"Light Commercial Vehicles",0,,
,"Petrol leaded","Passenger Vehicles",12,,
,,"Light Commercial Vehicles",15,,
,"Petrol unleaded","Passenger Vehicles",424,,
,,"Light Commercial Vehicles",76,,
,"LPG/Other gases","Passenger Vehicles",0,,
,,"Light Commercial Vehicles",3,,
,"Dual fuel","Passenger Vehicles",8,,
,,"Light Commercial Vehicles",10,,
,"Other","Passenger Vehicles",0,,
,,"Light Commercial Vehicles",0,,
,"Unknown","Passenger Vehicles",0,,
,,"Light Commercial Vehicles",0,,
"3300","Diesel","Passenger Vehicles",1072,,
,,"Light Commercial Vehicles",1539,,
,"Electric","Passenger Vehicles",0,,
,,"Light Commercial Vehicles",0,,
,"Petrol leaded","Passenger Vehicles",161,,
,,"Light Commercial Vehicles",61,,
,"Petrol unleaded","Passenger Vehicles",5203,,
,,"Light Commercial Vehicles",623,,
,"LPG/Other gases","Passenger Vehicles",32,,
,,"Light Commercial Vehicles",44,,
,"Dual fuel","Passenger Vehicles",114,,
,,"Light Commercial Vehicles",59,,
,"Other","Passenger Vehicles",0,,
,,"Light Commercial Vehicles",0,,
,"Unknown","Passenger Vehicles",0,,
,,"Light Commercial Vehicles",0,,
"3301","Diesel","Passenger Vehicles",197,,
,,"Light Commercial Vehicles",379,,
,"Electric","Passenger Vehicles",0,,
,,"Light Commercial Vehicles",0,,
,"Petrol leaded","Passenger Vehicles",15,,
,,"Light Commercial Vehicles",17,,
,"Petrol unleaded","Passenger Vehicles",485,,
,,"Light Commercial Vehicles",68,,
,"LPG/Other gases","Passenger Vehicles",5,,
,,"Light Commercial Vehicles",4,,
,"Dual fuel","Passenger Vehicles",17,,
,,"Light Commercial Vehicles",4,,
,"Other","Passenger Vehicles",0,,
,,"Light Commercial Vehicles",0,,
,"Unknown","Passenger Vehicles",0,,
,,"Light Commercial Vehicles",0,,
"3302","Diesel","Passenger Vehicles",47,,
,,"Light Commercial Vehicles",116,,
,"Electric","Passenger Vehicles",0,,
,,"Light Commercial Vehicles",0,,
,"Petrol leaded","Passenger Vehicles",8,,
,,"Light Commercial Vehicles",3,,
,"Petrol unleaded","Passenger Vehicles",167,,
,,"Light Commercial Vehicles",22,,
,"LPG/Other gases","Passenger Vehicles",3,,
,,"Light Commercial Vehicles",0,,
,"Dual fuel","Passenger Vehicles",5,,
,,"Light Commercial Vehicles",3,,
,"Other","Passenger Vehicles",0,,
,,"Light Commercial Vehicles",0,,
,"Unknown","Passenger Vehicles",0,,
,,"Light Commercial Vehicles",0,,
"3303","Diesel","Passenger Vehicles",50,,
,,"Light Commercial Vehicles",109,,
,"Electric","Passenger Vehicles",0,,
,,"Light Commercial Vehicles",0,,
,"Petrol leaded","Passenger Vehicles",3,,
,,"Light Commercial Vehicles",6,,
,"Petrol unleaded","Passenger Vehicles",123,,
,,"Light Commercial Vehicles",25,,
,"LPG/Other gases","Passenger Vehicles",0,,
,,"Light Commercial Vehicles",0,,
,"Dual fuel","Passenger Vehicles",4,,
,,"Light Commercial Vehicles",3,,
,"Other","Passenger Vehicles",0,,
,,"Light Commercial Vehicles",0,,
,"Unknown","Passenger Vehicles",0,,
,,"Light Commercial Vehicles",0,,
"3304","Diesel","Passenger Vehicles",354,,
,,"Light Commercial Vehicles",728,,
,"Electric","Passenger Vehicles",0,,
,,"Light Commercial Vehicles",0,,
,"Petrol leaded","Passenger Vehicles",40,,
,,"Light Commercial Vehicles",19,,
,"Petrol unleaded","Passenger Vehicles",1267,,
,,"Light Commercial Vehicles",185,,
,"LPG/Other gases","Passenger Vehicles",8,,
,,"Light Commercial Vehicles",13,,
,"Dual fuel","Passenger Vehicles",35,,
,,"Light Commercial Vehicles",26,,
,"Other","Passenger Vehicles",0,,
,,"Light Commercial Vehicles",0,,
,"Unknown","Passenger Vehicles",0,,
,,"Light Commercial Vehicles",0,,
"3305","Diesel","Passenger Vehicles",1414,,
,,"Light Commercial Vehicles",2230,,
,"Electric","Passenger Vehicles",0,,
,,"Light Commercial Vehicles",0,,
,"Petrol leaded","Passenger Vehicles",134,,
,,"Light Commercial Vehicles",48,,
,"Petrol unleaded","Passenger Vehicles",6475,,
,,"Light Commercial Vehicles",865,,
,"LPG/Other gases","Passenger Vehicles",43,,
,,"Light Commercial Vehicles",35,,
,"Dual fuel","Passenger Vehicles",200,,
,,"Light Commercial Vehicles",92,,
,"Other","Passenger Vehicles",0,,
,,"Light Commercial Vehicles",0,,
,"Unknown","Passenger Vehicles",0,,
,,"Light Commercial Vehicles",0,,
"3306","Diesel","Passenger Vehicles",0,,
,,"Light Commercial Vehicles",0,,
,"Electric","Passenger Vehicles",0,,
,,"Light Commercial Vehicles",0,,
,"Petrol leaded","Passenger Vehicles",0,,
,,"Light Commercial Vehicles",0,,
,"Petrol unleaded","Passenger Vehicles",0,,
,,"Light Commercial Vehicles",0,,
,"LPG/Other gases","Passenger Vehicles",0,,
,,"Light Commercial Vehicles",0,,
,"Dual fuel","Passenger Vehicles",0,,
,,"Light Commercial Vehicles",0,,
,"Other","Passenger Vehicles",0,,
,,"Light Commercial Vehicles",0,,
,"Unknown","Passenger Vehicles",0,,
,,"Light Commercial Vehicles",0,,
"3308","Diesel","Passenger Vehicles",0,,
,,"Light Commercial Vehicles",0,,
,"Electric","Passenger Vehicles",0,,
,,"Light Commercial Vehicles",0,,
,"Petrol leaded","Passenger Vehicles",0,,
,,"Light Commercial Vehicles",0,,
,"Petrol unleaded","Passenger Vehicles",3,,
,,"Light Commercial Vehicles",0,,
,"LPG/Other gases","Passenger Vehicles",0,,
,,"Light Commercial Vehicles",0,,
,"Dual fuel","Passenger Vehicles",0,,
,,"Light Commercial Vehicles",0,,
,"Other","Passenger Vehicles",0,,
,,"Light Commercial Vehicles",0,,
,"Unknown","Passenger Vehicles",0,,
,,"Light Commercial Vehicles",0,,
"3309","Diesel","Passenger Vehicles",16,,
,,"Light Commercial Vehicles",37,,
,"Electric","Passenger Vehicles",0,,
,,"Light Commercial Vehicles",0,,
,"Petrol leaded","Passenger Vehicles",0,,
,,"Light Commercial Vehicles",0,,
,"Petrol unleaded","Passenger Vehicles",55,,
,,"Light Commercial Vehicles",5,,
,"LPG/Other gases","Passenger Vehicles",0,,
,,"Light Commercial Vehicles",0,,
,"Dual fuel","Passenger Vehicles",0,,
,,"Light Commercial Vehicles",0,,
,"Other","Passenger Vehicles",0,,
,,"Light Commercial Vehicles",0,,
,"Unknown","Passenger Vehicles",0,,
,,"Light Commercial Vehicles",0,,
"3310","Diesel","Passenger Vehicles",30,,
,,"Light Commercial Vehicles",74,,
,"Electric","Passenger Vehicles",0,,
,,"Light Commercial Vehicles",0,,
,"Petrol leaded","Passenger Vehicles",3,,
,,"Light Commercial Vehicles",5,,
,"Petrol unleaded","Passenger Vehicles",154,,
,,"Light Commercial Vehicles",28,,
,"LPG/Other gases","Passenger Vehicles",0,,
,,"Light Commercial Vehicles",3,,
,"Dual fuel","Passenger Vehicles",8,,
,,"Light Commercial Vehicles",0,,
,"Other","Passenger Vehicles",0,,
,,"Light Commercial Vehicles",0,,
,"Unknown","Passenger Vehicles",0,,
,,"Light Commercial Vehicles",0,,
"3311","Diesel","Passenger Vehicles",193,,
,,"Light Commercial Vehicles",459,,
,"Electric","Passenger Vehicles",0,,
,,"Light Commercial Vehicles",0,,
,"Petrol leaded","Passenger Vehicles",50,,
,,"Light Commercial Vehicles",17,,
,"Petrol unleaded","Passenger Vehicles",803,,
,,"Light Commercial Vehicles",129,,
,"LPG/Other gases","Passenger Vehicles",5,,
,,"Light Commercial Vehicles",3,,
,"Dual fuel","Passenger Vehicles",14,,
,,"Light Commercial Vehicles",11,,
,"Other","Passenger Vehicles",0,,
,,"Light Commercial Vehicles",0,,
,"Unknown","Passenger Vehicles",0,,
,,"Light Commercial Vehicles",0,,
"3312","Diesel","Passenger Vehicles",143,,
,,"Light Commercial Vehicles",347,,
,"Electric","Passenger Vehicles",0,,
,,"Light Commercial Vehicles",0,,
,"Petrol leaded","Passenger Vehicles",10,,
,,"Light Commercial Vehicles",12,,
,"Petrol unleaded","Passenger Vehicles",335,,
,,"Light Commercial Vehicles",72,,
,"LPG/Other gases","Passenger Vehicles",3,,
,,"Light Commercial Vehicles",3,,
,"Dual fuel","Passenger Vehicles",13,,
,,"Light Commercial Vehicles",4,,
,"Other","Passenger Vehicles",0,,
,,"Light Commercial Vehicles",0,,
,"Unknown","Passenger Vehicles",0,,
,,"Light Commercial Vehicles",0,,
"3314","Diesel","Passenger Vehicles",77,,
,,"Light Commercial Vehicles",187,,
,"Electric","Passenger Vehicles",0,,
,,"Light Commercial Vehicles",0,,
,"Petrol leaded","Passenger Vehicles",4,,
,,"Light Commercial Vehicles",3,,
,"Petrol unleaded","Passenger Vehicles",229,,
,,"Light Commercial Vehicles",40,,
,"LPG/Other gases","Passenger Vehicles",0,,
,,"Light Commercial Vehicles",0,,
,"Dual fuel","Passenger Vehicles",4,,
,,"Light Commercial Vehicles",10,,
,"Other","Passenger Vehicles",0,,
,,"Light Commercial Vehicles",0,,
,"Unknown","Passenger Vehicles",0,,
,,"Light Commercial Vehicles",0,,
"3315","Diesel","Passenger Vehicles",242,,
,,"Light Commercial Vehicles",528,,
,"Electric","Passenger Vehicles",0,,
,,"Light Commercial Vehicles",0,,
,"Petrol leaded","Passenger Vehicles",35,,
,,"Light Commercial Vehicles",23,,
,"Petrol unleaded","Passenger Vehicles",772,,
,,"Light Commercial Vehicles",165,,
,"LPG/Other gases","Passenger Vehicles",6,,
,,"Light Commercial Vehicles",3,,
,"Dual fuel","Passenger Vehicles",26,,
,,"Light Commercial Vehicles",18,,
,"Other","Passenger Vehicles",0,,
,,"Light Commercial Vehicles",0,,
,"Unknown","Passenger Vehicles",0,,
,,"Light Commercial Vehicles",0,,
"3317","Diesel","Passenger Vehicles",36,,
,,"Light Commercial Vehicles",72,,
,"Electric","Passenger Vehicles",0,,
,,"Light Commercial Vehicles",0,,
,"Petrol leaded","Passenger Vehicles",3,,
,,"Light Commercial Vehicles",3,,
,"Petrol unleaded","Passenger Vehicles",79,,
,,"Light Commercial Vehicles",20,,
,"LPG/Other gases","Passenger Vehicles",0,,
,,"Light Commercial Vehicles",0,,
,"Dual fuel","Passenger Vehicles",0,,
,,"Light Commercial Vehicles",3,,
,"Other","Passenger Vehicles",0,,
,,"Light Commercial Vehicles",0,,
,"Unknown","Passenger Vehicles",0,,
,,"Light Commercial Vehicles",0,,
"3318","Diesel","Passenger Vehicles",185,,
,,"Light Commercial Vehicles",381,,
,"Electric","Passenger Vehicles",0,,
,,"Light Commercial Vehicles",0,,
,"Petrol leaded","Passenger Vehicles",9,,
,,"Light Commercial Vehicles",14,,
,"Petrol unleaded","Passenger Vehicles",576,,
,,"Light Commercial Vehicles",102,,
,"LPG/Other gases","Passenger Vehicles",0,,
,,"Light Commercial Vehicles",0,,
,"Dual fuel","Passenger Vehicles",11,,
,,"Light Commercial Vehicles",4,,
,"Other","Passenger Vehicles",0,,
,,"Light Commercial Vehicles",0,,
,"Unknown","Passenger Vehicles",0,,
,,"Light Commercial Vehicles",0,,
"3319","Diesel","Passenger Vehicles",63,,
,,"Light Commercial Vehicles",124,,
,"Electric","Passenger Vehicles",0,,
,,"Light Commercial Vehicles",0,,
,"Petrol leaded","Passenger Vehicles",0,,
,,"Light Commercial Vehicles",4,,
,"Petrol unleaded","Passenger Vehicles",150,,
,,"Light Commercial Vehicles",28,,
,"LPG/Other gases","Passenger Vehicles",0,,
,,"Light Commercial Vehicles",0,,
,"Dual fuel","Passenger Vehicles",6,,
,,"Light Commercial Vehicles",0,,
,"Other","Passenger Vehicles",0,,
,,"Light Commercial Vehicles",0,,
,"Unknown","Passenger Vehicles",0,,
,,"Light Commercial Vehicles",0,,
"3321","Diesel","Passenger Vehicles",217,,
,,"Light Commercial Vehicles",303,,
,"Electric","Passenger Vehicles",0,,
,,"Light Commercial Vehicles",0,,
,"Petrol leaded","Passenger Vehicles",35,,
,,"Light Commercial Vehicles",19,,
,"Petrol unleaded","Passenger Vehicles",707,,
,,"Light Commercial Vehicles",116,,
,"LPG/Other gases","Passenger Vehicles",16,,
,,"Light Commercial Vehicles",14,,
,"Dual fuel","Passenger Vehicles",30,,
,,"Light Commercial Vehicles",20,,
,"Other","Passenger Vehicles",0,,
,,"Light Commercial Vehicles",0,,
,"Unknown","Passenger Vehicles",0,,
,,"Light Commercial Vehicles",0,,
"3322","Diesel","Passenger Vehicles",20,,
,,"Light Commercial Vehicles",51,,
,"Electric","Passenger Vehicles",0,,
,,"Light Commercial Vehicles",0,,
,"Petrol leaded","Passenger Vehicles",0,,
,,"Light Commercial Vehicles",4,,
,"Petrol unleaded","Passenger Vehicles",107,,
,,"Light Commercial Vehicles",30,,
,"LPG/Other gases","Passenger Vehicles",0,,
,,"Light Commercial Vehicles",3,,
,"Dual fuel","Passenger Vehicles",3,,
,,"Light Commercial Vehicles",5,,
,"Other","Passenger Vehicles",0,,
,,"Light Commercial Vehicles",0,,
,"Unknown","Passenger Vehicles",0,,
,,"Light Commercial Vehicles",0,,
"3323","Diesel","Passenger Vehicles",18,,
,,"Light Commercial Vehicles",32,,
,"Electric","Passenger Vehicles",0,,
,,"Light Commercial Vehicles",0,,
,"Petrol leaded","Passenger Vehicles",3,,
,,"Light Commercial Vehicles",0,,
,"Petrol unleaded","Passenger Vehicles",45,,
,,"Light Commercial Vehicles",6,,
,"LPG/Other gases","Passenger Vehicles",0,,
,,"Light Commercial Vehicles",0,,
,"Dual fuel","Passenger Vehicles",0,,
,,"Light Commercial Vehicles",0,,
,"Other","Passenger Vehicles",0,,
,,"Light Commercial Vehicles",0,,
,"Unknown","Passenger Vehicles",0,,
,,"Light Commercial Vehicles",0,,
"3324","Diesel","Passenger Vehicles",74,,
,,"Light Commercial Vehicles",165,,
,"Electric","Passenger Vehicles",0,,
,,"Light Commercial Vehicles",0,,
,"Petrol leaded","Passenger Vehicles",10,,
,,"Light Commercial Vehicles",7,,
,"Petrol unleaded","Passenger Vehicles",272,,
,,"Light Commercial Vehicles",55,,
,"LPG/Other gases","Passenger Vehicles",5,,
,,"Light Commercial Vehicles",11,,
,"Dual fuel","Passenger Vehicles",15,,
,,"Light Commercial Vehicles",9,,
,"Other","Passenger Vehicles",0,,
,,"Light Commercial Vehicles",0,,
,"Unknown","Passenger Vehicles",0,,
,,"Light Commercial Vehicles",0,,
"3325","Diesel","Passenger Vehicles",79,,
,,"Light Commercial Vehicles",195,,
,"Electric","Passenger Vehicles",0,,
,,"Light Commercial Vehicles",0,,
,"Petrol leaded","Passenger Vehicles",6,,
,,"Light Commercial Vehicles",7,,
,"Petrol unleaded","Passenger Vehicles",215,,
,,"Light Commercial Vehicles",55,,
,"LPG/Other gases","Passenger Vehicles",3,,
,,"Light Commercial Vehicles",0,,
,"Dual fuel","Passenger Vehicles",13,,
,,"Light Commercial Vehicles",6,,
,"Other","Passenger Vehicles",3,,
,,"Light Commercial Vehicles",0,,
,"Unknown","Passenger Vehicles",0,,
,,"Light Commercial Vehicles",0,,
"3328","Diesel","Passenger Vehicles",182,,
,,"Light Commercial Vehicles",291,,
,"Electric","Passenger Vehicles",3,,
,,"Light Commercial Vehicles",0,,
,"Petrol leaded","Passenger Vehicles",17,,
,,"Light Commercial Vehicles",9,,
,"Petrol unleaded","Passenger Vehicles",847,,
,,"Light Commercial Vehicles",122,,
,"LPG/Other gases","Passenger Vehicles",22,,
,,"Light Commercial Vehicles",24,,
,"Dual fuel","Passenger Vehicles",46,,
,,"Light Commercial Vehicles",27,,
,"Other","Passenger Vehicles",0,,
,,"Light Commercial Vehicles",0,,
,"Unknown","Passenger Vehicles",0,,
,,"Light Commercial Vehicles",0,,
"3329","Diesel","Passenger Vehicles",53,,
,,"Light Commercial Vehicles",78,,
,"Electric","Passenger Vehicles",0,,
,,"Light Commercial Vehicles",0,,
,"Petrol leaded","Passenger Vehicles",12,,
,,"Light Commercial Vehicles",3,,
,"Petrol unleaded","Passenger Vehicles",108,,
,,"Light Commercial Vehicles",18,,
,"LPG/Other gases","Passenger Vehicles",4,,
,,"Light Commercial Vehicles",0,,
,"Dual fuel","Passenger Vehicles",9,,
,,"Light Commercial Vehicles",3,,
,"Other","Passenger Vehicles",0,,
,,"Light Commercial Vehicles",0,,
,"Unknown","Passenger Vehicles",0,,
,,"Light Commercial Vehicles",0,,
"3330","Diesel","Passenger Vehicles",29,,
,,"Light Commercial Vehicles",63,,
,"Electric","Passenger Vehicles",0,,
,,"Light Commercial Vehicles",0,,
,"Petrol leaded","Passenger Vehicles",0,,
,,"Light Commercial Vehicles",3,,
,"Petrol unleaded","Passenger Vehicles",88,,
,,"Light Commercial Vehicles",21,,
,"LPG/Other gases","Passenger Vehicles",0,,
,,"Light Commercial Vehicles",0,,
,"Dual fuel","Passenger Vehicles",8,,
,,"Light Commercial Vehicles",6,,
,"Other","Passenger Vehicles",0,,
,,"Light Commercial Vehicles",0,,
,"Unknown","Passenger Vehicles",0,,
,,"Light Commercial Vehicles",0,,
"3331","Diesel","Passenger Vehicles",718,,
,,"Light Commercial Vehicles",801,,
,"Electric","Passenger Vehicles",0,,
,,"Light Commercial Vehicles",0,,
,"Petrol leaded","Passenger Vehicles",118,,
,,"Light Commercial Vehicles",31,,
,"Petrol unleaded","Passenger Vehicles",3048,,
,,"Light Commercial Vehicles",386,,
,"LPG/Other gases","Passenger Vehicles",58,,
,,"Light Commercial Vehicles",59,,
,"Dual fuel","Passenger Vehicles",100,,
,,"Light Commercial Vehicles",52,,
,"Other","Passenger Vehicles",0,,
,,"Light Commercial Vehicles",0,,
,"Unknown","Passenger Vehicles",0,,
,,"Light Commercial Vehicles",0,,
"3332","Diesel","Passenger Vehicles",124,,
,,"Light Commercial Vehicles",169,,
,"Electric","Passenger Vehicles",0,,
,,"Light Commercial Vehicles",0,,
,"Petrol leaded","Passenger Vehicles",17,,
,,"Light Commercial Vehicles",10,,
,"Petrol unleaded","Passenger Vehicles",499,,
,,"Light Commercial Vehicles",93,,
,"LPG/Other gases","Passenger Vehicles",19,,
,,"Light Commercial Vehicles",17,,
,"Dual fuel","Passenger Vehicles",40,,
,,"Light Commercial Vehicles",19,,
,"Other","Passenger Vehicles",0,,
,,"Light Commercial Vehicles",0,,
,"Unknown","Passenger Vehicles",0,,
,,"Light Commercial Vehicles",0,,
"3333","Diesel","Passenger Vehicles",104,,
,,"Light Commercial Vehicles",199,,
,"Electric","Passenger Vehicles",0,,
,,"Light Commercial Vehicles",0,,
,"Petrol leaded","Passenger Vehicles",12,,
,,"Light Commercial Vehicles",8,,
,"Petrol unleaded","Passenger Vehicles",360,,
,,"Light Commercial Vehicles",74,,
,"LPG/Other gases","Passenger Vehicles",5,,
,,"Light Commercial Vehicles",9,,
,"Dual fuel","Passenger Vehicles",27,,
,,"Light Commercial Vehicles",14,,
,"Other","Passenger Vehicles",0,,
,,"Light Commercial Vehicles",0,,
,"Unknown","Passenger Vehicles",0,,
,,"Light Commercial Vehicles",0,,
"3334","Diesel","Passenger Vehicles",65,,
,,"Light Commercial Vehicles",135,,
,"Electric","Passenger Vehicles",0,,
,,"Light Commercial Vehicles",0,,
,"Petrol leaded","Passenger Vehicles",14,,
,,"Light Commercial Vehicles",7,,
,"Petrol unleaded","Passenger Vehicles",287,,
,,"Light Commercial Vehicles",56,,
,"LPG/Other gases","Passenger Vehicles",3,,
,,"Light Commercial Vehicles",14,,
,"Dual fuel","Passenger Vehicles",15,,
,,"Light Commercial Vehicles",10,,
,"Other","Passenger Vehicles",0,,
,,"Light Commercial Vehicles",0,,
,"Unknown","Passenger Vehicles",0,,
,,"Light Commercial Vehicles",0,,
"3335","Diesel","Passenger Vehicles",263,,
,,"Light Commercial Vehicles",326,,
,"Electric","Passenger Vehicles",0,,
,,"Light Commercial Vehicles",0,,
,"Petrol leaded","Passenger Vehicles",25,,
,,"Light Commercial Vehicles",4,,
,"Petrol unleaded","Passenger Vehicles",2415,,
,,"Light Commercial Vehicles",183,,
,"LPG/Other gases","Passenger Vehicles",33,,
,,"Light Commercial Vehicles",11,,
,"Dual fuel","Passenger Vehicles",75,,
,,"Light Commercial Vehicles",25,,
,"Other","Passenger Vehicles",0,,
,,"Light Commercial Vehicles",0,,
,"Unknown","Passenger Vehicles",0,,
,,"Light Commercial Vehicles",0,,
"3336","Diesel","Passenger Vehicles",306,,
,,"Light Commercial Vehicles",192,,
,"Electric","Passenger Vehicles",0,,
,,"Light Commercial Vehicles",0,,
,"Petrol leaded","Passenger Vehicles",11,,
,,"Light Commercial Vehicles",0,,
,"Petrol unleaded","Passenger Vehicles",3392,,
,,"Light Commercial Vehicles",110,,
,"LPG/Other gases","Passenger Vehicles",51,,
,,"Light Commercial Vehicles",7,,
,"Dual fuel","Passenger Vehicles",73,,
,,"Light Commercial Vehicles",12,,
,"Other","Passenger Vehicles",0,,
,,"Light Commercial Vehicles",0,,
,"Unknown","Passenger Vehicles",0,,
,,"Light Commercial Vehicles",0,,
"3337","Diesel","Passenger Vehicles",2222,,
,,"Light Commercial Vehicles",2726,,
,"Electric","Passenger Vehicles",7,,
,,"Light Commercial Vehicles",0,,
,"Petrol leaded","Passenger Vehicles",237,,
,,"Light Commercial Vehicles",60,,
,"Petrol unleaded","Passenger Vehicles",20589,,
,,"Light Commercial Vehicles",1386,,
,"LPG/Other gases","Passenger Vehicles",253,,
,,"Light Commercial Vehicles",135,,
,"Dual fuel","Passenger Vehicles",714,,
,,"Light Commercial Vehicles",217,,
,"Other","Passenger Vehicles",3,,
,,"Light Commercial Vehicles",0,,
,"Unknown","Passenger Vehicles",0,,
,,"Light Commercial Vehicles",0,,
"3338","Diesel","Passenger Vehicles",1364,,
,,"Light Commercial Vehicles",1316,,
,"Electric","Passenger Vehicles",4,,
,,"Light Commercial Vehicles",0,,
,"Petrol leaded","Passenger Vehicles",100,,
,,"Light Commercial Vehicles",30,,
,"Petrol unleaded","Passenger Vehicles",13309,,
,,"Light Commercial Vehicles",726,,
,"LPG/Other gases","Passenger Vehicles",145,,
,,"Light Commercial Vehicles",80,,
,"Dual fuel","Passenger Vehicles",463,,
,,"Light Commercial Vehicles",112,,
,"Other","Passenger Vehicles",0,,
,,"Light Commercial Vehicles",0,,
,"Unknown","Passenger Vehicles",0,,
,,"Light Commercial Vehicles",0,,
"3340","Diesel","Passenger Vehicles",1946,,
,,"Light Commercial Vehicles",2533,,
,"Electric","Passenger Vehicles",5,,
,,"Light Commercial Vehicles",0,,
,"Petrol leaded","Passenger Vehicles",290,,
,,"Light Commercial Vehicles",107,,
,"Petrol unleaded","Passenger Vehicles",11742,,
,,"Light Commercial Vehicles",1136,,
,"LPG/Other gases","Passenger Vehicles",121,,
,,"Light Commercial Vehicles",143,,
,"Dual fuel","Passenger Vehicles",394,,
,,"Light Commercial Vehicles",151,,
,"Other","Passenger Vehicles",0,,
,,"Light Commercial Vehicles",0,,
,"Unknown","Passenger Vehicles",0,,
,,"Light Commercial Vehicles",0,,
"3341","Diesel","Passenger Vehicles",225,,
,,"Light Commercial Vehicles",338,,
,"Electric","Passenger Vehicles",0,,
,,"Light Commercial Vehicles",0,,
,"Petrol leaded","Passenger Vehicles",32,,
,,"Light Commercial Vehicles",16,,
,"Petrol unleaded","Passenger Vehicles",766,,
,,"Light Commercial Vehicles",145,,
,"LPG/Other gases","Passenger Vehicles",13,,
,,"Light Commercial Vehicles",13,,
,"Dual fuel","Passenger Vehicles",44,,
,,"Light Commercial Vehicles",26,,
,"Other","Passenger Vehicles",0,,
,,"Light Commercial Vehicles",0,,
,"Unknown","Passenger Vehicles",0,,
,,"Light Commercial Vehicles",0,,
"3342","Diesel","Passenger Vehicles",381,,
,,"Light Commercial Vehicles",593,,
,"Electric","Passenger Vehicles",0,,
,,"Light Commercial Vehicles",0,,
,"Petrol leaded","Passenger Vehicles",62,,
,,"Light Commercial Vehicles",29,,
,"Petrol unleaded","Passenger Vehicles",1827,,
,,"Light Commercial Vehicles",241,,
,"LPG/Other gases","Passenger Vehicles",26,,
,,"Light Commercial Vehicles",37,,
,"Dual fuel","Passenger Vehicles",99,,
,,"Light Commercial Vehicles",61,,
,"Other","Passenger Vehicles",3,,
,,"Light Commercial Vehicles",3,,
,"Unknown","Passenger Vehicles",0,,
,,"Light Commercial Vehicles",0,,
"3345","Diesel","Passenger Vehicles",175,,
,,"Light Commercial Vehicles",255,,
,"Electric","Passenger Vehicles",0,,
,,"Light Commercial Vehicles",3,,
,"Petrol leaded","Passenger Vehicles",15,,
,,"Light Commercial Vehicles",9,,
,"Petrol unleaded","Passenger Vehicles",582,,
,,"Light Commercial Vehicles",78,,
,"LPG/Other gases","Passenger Vehicles",13,,
,,"Light Commercial Vehicles",10,,
,"Dual fuel","Passenger Vehicles",38,,
,,"Light Commercial Vehicles",13,,
,"Other","Passenger Vehicles",0,,
,,"Light Commercial Vehicles",0,,
,"Unknown","Passenger Vehicles",0,,
,,"Light Commercial Vehicles",0,,
"3350","Diesel","Passenger Vehicles",4520,,
,,"Light Commercial Vehicles",4630,,
,"Electric","Passenger Vehicles",19,,
,,"Light Commercial Vehicles",0,,
,"Petrol leaded","Passenger Vehicles",596,,
,,"Light Commercial Vehicles",193,,
,"Petrol unleaded","Passenger Vehicles",32422,,
,,"Light Commercial Vehicles",2730,,
,"LPG/Other gases","Passenger Vehicles",244,,
,,"Light Commercial Vehicles",230,,
,"Dual fuel","Passenger Vehicles",775,,
,,"Light Commercial Vehicles",366,,
,"Other","Passenger Vehicles",11,,
,,"Light Commercial Vehicles",0,,
,"Unknown","Passenger Vehicles",0,,
,,"Light Commercial Vehicles",0,,
"3351","Diesel","Passenger Vehicles",905,,
,,"Light Commercial Vehicles",1647,,
,"Electric","Passenger Vehicles",0,,
,,"Light Commercial Vehicles",0,,
,"Petrol leaded","Passenger Vehicles",139,,
,,"Light Commercial Vehicles",66,,
,"Petrol unleaded","Passenger Vehicles",4052,,
,,"Light Commercial Vehicles",698,,
,"LPG/Other gases","Passenger Vehicles",77,,
,,"Light Commercial Vehicles",65,,
,"Dual fuel","Passenger Vehicles",266,,
,,"Light Commercial Vehicles",154,,
,"Other","Passenger Vehicles",0,,
,,"Light Commercial Vehicles",3,,
,"Unknown","Passenger Vehicles",0,,
,,"Light Commercial Vehicles",0,,
"3352","Diesel","Passenger Vehicles",1955,,
,,"Light Commercial Vehicles",3401,,
,"Electric","Passenger Vehicles",0,,
,,"Light Commercial Vehicles",0,,
,"Petrol leaded","Passenger Vehicles",293,,
,,"Light Commercial Vehicles",162,,
,"Petrol unleaded","Passenger Vehicles",7967,,
,,"Light Commercial Vehicles",1272,,
,"LPG/Other gases","Passenger Vehicles",104,,
,,"Light Commercial Vehicles",142,,
,"Dual fuel","Passenger Vehicles",359,,
,,"Light Commercial Vehicles",231,,
,"Other","Passenger Vehicles",0,,
,,"Light Commercial Vehicles",0,,
,"Unknown","Passenger Vehicles",0,,
,,"Light Commercial Vehicles",0,,
"3353","Diesel","Passenger Vehicles",6,,
,,"Light Commercial Vehicles",5,,
,"Electric","Passenger Vehicles",0,,
,,"Light Commercial Vehicles",0,,
,"Petrol leaded","Passenger Vehicles",0,,
,,"Light Commercial Vehicles",3,,
,"Petrol unleaded","Passenger Vehicles",15,,
,,"Light Commercial Vehicles",0,,
,"LPG/Other gases","Passenger Vehicles",0,,
,,"Light Commercial Vehicles",0,,
,"Dual fuel","Passenger Vehicles",0,,
,,"Light Commercial Vehicles",0,,
,"Other","Passenger Vehicles",0,,
,,"Light Commercial Vehicles",0,,
,"Unknown","Passenger Vehicles",0,,
,,"Light Commercial Vehicles",0,,
"3354","Diesel","Passenger Vehicles",3,,
,,"Light Commercial Vehicles",4,,
,"Electric","Passenger Vehicles",0,,
,,"Light Commercial Vehicles",0,,
,"Petrol leaded","Passenger Vehicles",3,,
,,"Light Commercial Vehicles",0,,
,"Petrol unleaded","Passenger Vehicles",8,,
,,"Light Commercial Vehicles",3,,
,"LPG/Other gases","Passenger Vehicles",0,,
,,"Light Commercial Vehicles",0,,
,"Dual fuel","Passenger Vehicles",0,,
,,"Light Commercial Vehicles",0,,
,"Other","Passenger Vehicles",0,,
,,"Light Commercial Vehicles",0,,
,"Unknown","Passenger Vehicles",0,,
,,"Light Commercial Vehicles",0,,
"3355","Diesel","Passenger Vehicles",1003,,
,,"Light Commercial Vehicles",1377,,
,"Electric","Passenger Vehicles",3,,
,,"Light Commercial Vehicles",0,,
,"Petrol leaded","Passenger Vehicles",120,,
,,"Light Commercial Vehicles",33,,
,"Petrol unleaded","Passenger Vehicles",7773,,
,,"Light Commercial Vehicles",689,,
,"LPG/Other gases","Passenger Vehicles",58,,
,,"Light Commercial Vehicles",41,,
,"Dual fuel","Passenger Vehicles",263,,
,,"Light Commercial Vehicles",91,,
,"Other","Passenger Vehicles",0,,
,,"Light Commercial Vehicles",0,,
,"Unknown","Passenger Vehicles",0,,
,,"Light Commercial Vehicles",0,,
"3356","Diesel","Passenger Vehicles",759,,
,,"Light Commercial Vehicles",1355,,
,"Electric","Passenger Vehicles",0,,
,,"Light Commercial Vehicles",0,,
,"Petrol leaded","Passenger Vehicles",180,,
,,"Light Commercial Vehicles",59,,
,"Petrol unleaded","Passenger Vehicles",8334,,
,,"Light Commercial Vehicles",837,,
,"LPG/Other gases","Passenger Vehicles",87,,
,,"Light Commercial Vehicles",81,,
,"Dual fuel","Passenger Vehicles",338,,
,,"Light Commercial Vehicles",164,,
,"Other","Passenger Vehicles",3,,
,,"Light Commercial Vehicles",0,,
,"Unknown","Passenger Vehicles",0,,
,,"Light Commercial Vehicles",0,,
"3357","Diesel","Passenger Vehicles",423,,
,,"Light Commercial Vehicles",360,,
,"Electric","Passenger Vehicles",0,,
,,"Light Commercial Vehicles",0,,
,"Petrol leaded","Passenger Vehicles",68,,
,,"Light Commercial Vehicles",16,,
,"Petrol unleaded","Passenger Vehicles",1829,,
,,"Light Commercial Vehicles",167,,
,"LPG/Other gases","Passenger Vehicles",22,,
,,"Light Commercial Vehicles",20,,
,"Dual fuel","Passenger Vehicles",57,,
,,"Light Commercial Vehicles",32,,
,"Other","Passenger Vehicles",0,,
,,"Light Commercial Vehicles",0,,
,"Unknown","Passenger Vehicles",0,,
,,"Light Commercial Vehicles",0,,
"3358","Diesel","Passenger Vehicles",96,,
,,"Light Commercial Vehicles",130,,
,"Electric","Passenger Vehicles",0,,
,,"Light Commercial Vehicles",0,,
,"Petrol leaded","Passenger Vehicles",17,,
,,"Light Commercial Vehicles",4,,
,"Petrol unleaded","Passenger Vehicles",752,,
,,"Light Commercial Vehicles",55,,
,"LPG/Other gases","Passenger Vehicles",5,,
,,"Light Commercial Vehicles",0,,
,"Dual fuel","Passenger Vehicles",30,,
,,"Light Commercial Vehicles",3,,
,"Other","Passenger Vehicles",0,,
,,"Light Commercial Vehicles",0,,
,"Unknown","Passenger Vehicles",0,,
,,"Light Commercial Vehicles",0,,
"3360","Diesel","Passenger Vehicles",87,,
,,"Light Commercial Vehicles",151,,
,"Electric","Passenger Vehicles",0,,
,,"Light Commercial Vehicles",0,,
,"Petrol leaded","Passenger Vehicles",16,,
,,"Light Commercial Vehicles",3,,
,"Petrol unleaded","Passenger Vehicles",402,,
,,"Light Commercial Vehicles",50,,
,"LPG/Other gases","Passenger Vehicles",11,,
,,"Light Commercial Vehicles",10,,
,"Dual fuel","Passenger Vehicles",30,,
,,"Light Commercial Vehicles",21,,
,"Other","Passenger Vehicles",0,,
,,"Light Commercial Vehicles",0,,
,"Unknown","Passenger Vehicles",0,,
,,"Light Commercial Vehicles",0,,
"3361","Diesel","Passenger Vehicles",95,,
,,"Light Commercial Vehicles",180,,
,"Electric","Passenger Vehicles",0,,
,,"Light Commercial Vehicles",0,,
,"Petrol leaded","Passenger Vehicles",7,,
,,"Light Commercial Vehicles",8,,
,"Petrol unleaded","Passenger Vehicles",321,,
,,"Light Commercial Vehicles",63,,
,"LPG/Other gases","Passenger Vehicles",6,,
,,"Light Commercial Vehicles",5,,
,"Dual fuel","Passenger Vehicles",23,,
,,"Light Commercial Vehicles",9,,
,"Other","Passenger Vehicles",0,,
,,"Light Commercial Vehicles",0,,
,"Unknown","Passenger Vehicles",0,,
,,"Light Commercial Vehicles",0,,
"3363","Diesel","Passenger Vehicles",326,,
,,"Light Commercial Vehicles",477,,
,"Electric","Passenger Vehicles",0,,
,,"Light Commercial Vehicles",0,,
,"Petrol leaded","Passenger Vehicles",57,,
,,"Light Commercial Vehicles",23,,
,"Petrol unleaded","Passenger Vehicles",1764,,
,,"Light Commercial Vehicles",232,,
,"LPG/Other gases","Passenger Vehicles",19,,
,,"Light Commercial Vehicles",18,,
,"Dual fuel","Passenger Vehicles",88,,
,,"Light Commercial Vehicles",47,,
,"Other","Passenger Vehicles",0,,
,,"Light Commercial Vehicles",0,,
,"Unknown","Passenger Vehicles",0,,
,,"Light Commercial Vehicles",0,,
"3364","Diesel","Passenger Vehicles",288,,
,,"Light Commercial Vehicles",515,,
,"Electric","Passenger Vehicles",0,,
,,"Light Commercial Vehicles",0,,
,"Petrol leaded","Passenger Vehicles",27,,
,,"Light Commercial Vehicles",7,,
,"Petrol unleaded","Passenger Vehicles",1080,,
,,"Light Commercial Vehicles",163,,
,"LPG/Other gases","Passenger Vehicles",5,,
,,"Light Commercial Vehicles",12,,
,"Dual fuel","Passenger Vehicles",44,,
,,"Light Commercial Vehicles",34,,
,"Other","Passenger Vehicles",0,,
,,"Light Commercial Vehicles",0,,
,"Unknown","Passenger Vehicles",0,,
,,"Light Commercial Vehicles",0,,
"3370","Diesel","Passenger Vehicles",151,,
,,"Light Commercial Vehicles",276,,
,"Electric","Passenger Vehicles",0,,
,,"Light Commercial Vehicles",0,,
,"Petrol leaded","Passenger Vehicles",30,,
,,"Light Commercial Vehicles",22,,
,"Petrol unleaded","Passenger Vehicles",981,,
,,"Light Commercial Vehicles",155,,
,"LPG/Other gases","Passenger Vehicles",19,,
,,"Light Commercial Vehicles",14,,
,"Dual fuel","Passenger Vehicles",64,,
,,"Light Commercial Vehicles",46,,
,"Other","Passenger Vehicles",0,,
,,"Light Commercial Vehicles",0,,
,"Unknown","Passenger Vehicles",0,,
,,"Light Commercial Vehicles",0,,
"3371","Diesel","Passenger Vehicles",83,,
,,"Light Commercial Vehicles",213,,
,"Electric","Passenger Vehicles",0,,
,,"Light Commercial Vehicles",0,,
,"Petrol leaded","Passenger Vehicles",23,,
,,"Light Commercial Vehicles",19,,
,"Petrol unleaded","Passenger Vehicles",563,,
,,"Light Commercial Vehicles",118,,
,"LPG/Other gases","Passenger Vehicles",12,,
,,"Light Commercial Vehicles",10,,
,"Dual fuel","Passenger Vehicles",35,,
,,"Light Commercial Vehicles",27,,
,"Other","Passenger Vehicles",0,,
,,"Light Commercial Vehicles",0,,
,"Unknown","Passenger Vehicles",0,,
,,"Light Commercial Vehicles",0,,
"3373","Diesel","Passenger Vehicles",296,,
,,"Light Commercial Vehicles",578,,
,"Electric","Passenger Vehicles",0,,
,,"Light Commercial Vehicles",0,,
,"Petrol leaded","Passenger Vehicles",33,,
,,"Light Commercial Vehicles",22,,
,"Petrol unleaded","Passenger Vehicles",1151,,
,,"Light Commercial Vehicles",233,,
,"LPG/Other gases","Passenger Vehicles",11,,
,,"Light Commercial Vehicles",19,,
,"Dual fuel","Passenger Vehicles",84,,
,,"Light Commercial Vehicles",43,,
,"Other","Passenger Vehicles",0,,
,,"Light Commercial Vehicles",0,,
,"Unknown","Passenger Vehicles",0,,
,,"Light Commercial Vehicles",0,,
"3374","Diesel","Passenger Vehicles",56,,
,,"Light Commercial Vehicles",96,,
,"Electric","Passenger Vehicles",0,,
,,"Light Commercial Vehicles",0,,
,"Petrol leaded","Passenger Vehicles",8,,
,,"Light Commercial Vehicles",3,,
,"Petrol unleaded","Passenger Vehicles",175,,
,,"Light Commercial Vehicles",31,,
,"LPG/Other gases","Passenger Vehicles",0,,
,,"Light Commercial Vehicles",3,,
,"Dual fuel","Passenger Vehicles",10,,
,,"Light Commercial Vehicles",11,,
,"Other","Passenger Vehicles",0,,
,,"Light Commercial Vehicles",0,,
,"Unknown","Passenger Vehicles",0,,
,,"Light Commercial Vehicles",0,,
"3375","Diesel","Passenger Vehicles",35,,
,,"Light Commercial Vehicles",68,,
,"Electric","Passenger Vehicles",0,,
,,"Light Commercial Vehicles",0,,
,"Petrol leaded","Passenger Vehicles",6,,
,,"Light Commercial Vehicles",0,,
,"Petrol unleaded","Passenger Vehicles",95,,
,,"Light Commercial Vehicles",10,,
,"LPG/Other gases","Passenger Vehicles",3,,
,,"Light Commercial Vehicles",0,,
,"Dual fuel","Passenger Vehicles",5,,
,,"Light Commercial Vehicles",5,,
,"Other","Passenger Vehicles",0,,
,,"Light Commercial Vehicles",0,,
,"Unknown","Passenger Vehicles",0,,
,,"Light Commercial Vehicles",0,,
"3377","Diesel","Passenger Vehicles",738,,
,,"Light Commercial Vehicles",1495,,
,"Electric","Passenger Vehicles",0,,
,,"Light Commercial Vehicles",0,,
,"Petrol leaded","Passenger Vehicles",87,,
,,"Light Commercial Vehicles",52,,
,"Petrol unleaded","Passenger Vehicles",4176,,
,,"Light Commercial Vehicles",607,,
,"LPG/Other gases","Passenger Vehicles",39,,
,,"Light Commercial Vehicles",50,,
,"Dual fuel","Passenger Vehicles",177,,
,,"Light Commercial Vehicles",90,,
,"Other","Passenger Vehicles",3,,
,,"Light Commercial Vehicles",0,,
,"Unknown","Passenger Vehicles",0,,
,,"Light Commercial Vehicles",0,,
"3378","Diesel","Passenger Vehicles",42,,
,,"Light Commercial Vehicles",73,,
,"Electric","Passenger Vehicles",0,,
,,"Light Commercial Vehicles",0,,
,"Petrol leaded","Passenger Vehicles",4,,
,,"Light Commercial Vehicles",0,,
,"Petrol unleaded","Passenger Vehicles",43,,
,,"Light Commercial Vehicles",10,,
,"LPG/Other gases","Passenger Vehicles",0,,
,,"Light Commercial Vehicles",0,,
,"Dual fuel","Passenger Vehicles",0,,
,,"Light Commercial Vehicles",0,,
,"Other","Passenger Vehicles",0,,
,,"Light Commercial Vehicles",0,,
,"Unknown","Passenger Vehicles",0,,
,,"Light Commercial Vehicles",0,,
"3379","Diesel","Passenger Vehicles",109,,
,,"Light Commercial Vehicles",248,,
,"Electric","Passenger Vehicles",0,,
,,"Light Commercial Vehicles",0,,
,"Petrol leaded","Passenger Vehicles",8,,
,,"Light Commercial Vehicles",9,,
,"Petrol unleaded","Passenger Vehicles",294,,
,,"Light Commercial Vehicles",63,,
,"LPG/Other gases","Passenger Vehicles",4,,
,,"Light Commercial Vehicles",0,,
,"Dual fuel","Passenger Vehicles",18,,
,,"Light Commercial Vehicles",4,,
,"Other","Passenger Vehicles",0,,
,,"Light Commercial Vehicles",0,,
,"Unknown","Passenger Vehicles",0,,
,,"Light Commercial Vehicles",0,,
"3380","Diesel","Passenger Vehicles",490,,
,,"Light Commercial Vehicles",1044,,
,"Electric","Passenger Vehicles",0,,
,,"Light Commercial Vehicles",0,,
,"Petrol leaded","Passenger Vehicles",61,,
,,"Light Commercial Vehicles",31,,
,"Petrol unleaded","Passenger Vehicles",3147,,
,,"Light Commercial Vehicles",422,,
,"LPG/Other gases","Passenger Vehicles",28,,
,,"Light Commercial Vehicles",22,,
,"Dual fuel","Passenger Vehicles",117,,
,,"Light Commercial Vehicles",49,,
,"Other","Passenger Vehicles",0,,
,,"Light Commercial Vehicles",0,,
,"Unknown","Passenger Vehicles",0,,
,,"Light Commercial Vehicles",0,,
"3381","Diesel","Passenger Vehicles",161,,
,,"Light Commercial Vehicles",237,,
,"Electric","Passenger Vehicles",3,,
,,"Light Commercial Vehicles",0,,
,"Petrol leaded","Passenger Vehicles",7,,
,,"Light Commercial Vehicles",8,,
,"Petrol unleaded","Passenger Vehicles",534,,
,,"Light Commercial Vehicles",98,,
,"LPG/Other gases","Passenger Vehicles",3,,
,,"Light Commercial Vehicles",4,,
,"Dual fuel","Passenger Vehicles",28,,
,,"Light Commercial Vehicles",13,,
,"Other","Passenger Vehicles",0,,
,,"Light Commercial Vehicles",0,,
,"Unknown","Passenger Vehicles",0,,
,,"Light Commercial Vehicles",0,,
"3384","Diesel","Passenger Vehicles",79,,
,,"Light Commercial Vehicles",156,,
,"Electric","Passenger Vehicles",0,,
,,"Light Commercial Vehicles",0,,
,"Petrol leaded","Passenger Vehicles",6,,
,,"Light Commercial Vehicles",11,,
,"Petrol unleaded","Passenger Vehicles",238,,
,,"Light Commercial Vehicles",69,,
,"LPG/Other gases","Passenger Vehicles",0,,
,,"Light Commercial Vehicles",3,,
,"Dual fuel","Passenger Vehicles",16,,
,,"Light Commercial Vehicles",12,,
,"Other","Passenger Vehicles",0,,
,,"Light Commercial Vehicles",0,,
,"Unknown","Passenger Vehicles",0,,
,,"Light Commercial Vehicles",0,,
"3385","Diesel","Passenger Vehicles",72,,
,,"Light Commercial Vehicles",157,,
,"Electric","Passenger Vehicles",0,,
,,"Light Commercial Vehicles",0,,
,"Petrol leaded","Passenger Vehicles",8,,
,,"Light Commercial Vehicles",6,,
,"Petrol unleaded","Passenger Vehicles",259,,
,,"Light Commercial Vehicles",48,,
,"LPG/Other gases","Passenger Vehicles",7,,
,,"Light Commercial Vehicles",0,,
,"Dual fuel","Passenger Vehicles",15,,
,,"Light Commercial Vehicles",16,,
,"Other","Passenger Vehicles",0,,
,,"Light Commercial Vehicles",0,,
,"Unknown","Passenger Vehicles",0,,
,,"Light Commercial Vehicles",0,,
"3387","Diesel","Passenger Vehicles",51,,
,,"Light Commercial Vehicles",137,,
,"Electric","Passenger Vehicles",0,,
,,"Light Commercial Vehicles",0,,
,"Petrol leaded","Passenger Vehicles",8,,
,,"Light Commercial Vehicles",6,,
,"Petrol unleaded","Passenger Vehicles",155,,
,,"Light Commercial Vehicles",30,,
,"LPG/Other gases","Passenger Vehicles",0,,
,,"Light Commercial Vehicles",0,,
,"Dual fuel","Passenger Vehicles",7,,
,,"Light Commercial Vehicles",3,,
,"Other","Passenger Vehicles",0,,
,,"Light Commercial Vehicles",0,,
,"Unknown","Passenger Vehicles",0,,
,,"Light Commercial Vehicles",0,,
"3388","Diesel","Passenger Vehicles",87,,
,,"Light Commercial Vehicles",185,,
,"Electric","Passenger Vehicles",0,,
,,"Light Commercial Vehicles",0,,
,"Petrol leaded","Passenger Vehicles",9,,
,,"Light Commercial Vehicles",0,,
,"Petrol unleaded","Passenger Vehicles",277,,
,,"Light Commercial Vehicles",40,,
,"LPG/Other gases","Passenger Vehicles",3,,
,,"Light Commercial Vehicles",0,,
,"Dual fuel","Passenger Vehicles",6,,
,,"Light Commercial Vehicles",6,,
,"Other","Passenger Vehicles",0,,
,,"Light Commercial Vehicles",0,,
,"Unknown","Passenger Vehicles",0,,
,,"Light Commercial Vehicles",0,,
"3390","Diesel","Passenger Vehicles",89,,
,,"Light Commercial Vehicles",193,,
,"Electric","Passenger Vehicles",0,,
,,"Light Commercial Vehicles",0,,
,"Petrol leaded","Passenger Vehicles",19,,
,,"Light Commercial Vehicles",6,,
,"Petrol unleaded","Passenger Vehicles",448,,
,,"Light Commercial Vehicles",77,,
,"LPG/Other gases","Passenger Vehicles",0,,
,,"Light Commercial Vehicles",9,,
,"Dual fuel","Passenger Vehicles",16,,
,,"Light Commercial Vehicles",8,,
,"Other","Passenger Vehicles",0,,
,,"Light Commercial Vehicles",0,,
,"Unknown","Passenger Vehicles",0,,
,,"Light Commercial Vehicles",0,,
"3391","Diesel","Passenger Vehicles",20,,
,,"Light Commercial Vehicles",45,,
,"Electric","Passenger Vehicles",0,,
,,"Light Commercial Vehicles",0,,
,"Petrol leaded","Passenger Vehicles",3,,
,,"Light Commercial Vehicles",8,,
,"Petrol unleaded","Passenger Vehicles",78,,
,,"Light Commercial Vehicles",4,,
,"LPG/Other gases","Passenger Vehicles",0,,
,,"Light Commercial Vehicles",3,,
,"Dual fuel","Passenger Vehicles",0,,
,,"Light Commercial Vehicles",3,,
,"Other","Passenger Vehicles",0,,
,,"Light Commercial Vehicles",0,,
,"Unknown","Passenger Vehicles",0,,
,,"Light Commercial Vehicles",0,,
"3392","Diesel","Passenger Vehicles",73,,
,,"Light Commercial Vehicles",134,,
,"Electric","Passenger Vehicles",0,,
,,"Light Commercial Vehicles",0,,
,"Petrol leaded","Passenger Vehicles",4,,
,,"Light Commercial Vehicles",4,,
,"Petrol unleaded","Passenger Vehicles",288,,
,,"Light Commercial Vehicles",56,,
,"LPG/Other gases","Passenger Vehicles",0,,
,,"Light Commercial Vehicles",3,,
,"Dual fuel","Passenger Vehicles",6,,
,,"Light Commercial Vehicles",9,,
,"Other","Passenger Vehicles",0,,
,,"Light Commercial Vehicles",0,,
,"Unknown","Passenger Vehicles",0,,
,,"Light Commercial Vehicles",0,,
"3393","Diesel","Passenger Vehicles",283,,
,,"Light Commercial Vehicles",618,,
,"Electric","Passenger Vehicles",0,,
,,"Light Commercial Vehicles",0,,
,"Petrol leaded","Passenger Vehicles",33,,
,,"Light Commercial Vehicles",33,,
,"Petrol unleaded","Passenger Vehicles",1346,,
,,"Light Commercial Vehicles",202,,
,"LPG/Other gases","Passenger Vehicles",10,,
,,"Light Commercial Vehicles",3,,
,"Dual fuel","Passenger Vehicles",39,,
,,"Light Commercial Vehicles",27,,
,"Other","Passenger Vehicles",0,,
,,"Light Commercial Vehicles",0,,
,"Unknown","Passenger Vehicles",0,,
,,"Light Commercial Vehicles",0,,
"3395","Diesel","Passenger Vehicles",63,,
,,"Light Commercial Vehicles",176,,
,"Electric","Passenger Vehicles",0,,
,,"Light Commercial Vehicles",0,,
,"Petrol leaded","Passenger Vehicles",5,,
,,"Light Commercial Vehicles",8,,
,"Petrol unleaded","Passenger Vehicles",195,,
,,"Light Commercial Vehicles",45,,
,"LPG/Other gases","Passenger Vehicles",0,,
,,"Light Commercial Vehicles",3,,
,"Dual fuel","Passenger Vehicles",7,,
,,"Light Commercial Vehicles",3,,
,"Other","Passenger Vehicles",0,,
,,"Light Commercial Vehicles",0,,
,"Unknown","Passenger Vehicles",0,,
,,"Light Commercial Vehicles",0,,
"3396","Diesel","Passenger Vehicles",93,,
,,"Light Commercial Vehicles",186,,
,"Electric","Passenger Vehicles",0,,
,,"Light Commercial Vehicles",0,,
,"Petrol leaded","Passenger Vehicles",8,,
,,"Light Commercial Vehicles",17,,
,"Petrol unleaded","Passenger Vehicles",327,,
,,"Light Commercial Vehicles",54,,
,"LPG/Other gases","Passenger Vehicles",3,,
,,"Light Commercial Vehicles",3,,
,"Dual fuel","Passenger Vehicles",6,,
,,"Light Commercial Vehicles",3,,
,"Other","Passenger Vehicles",0,,
,,"Light Commercial Vehicles",0,,
,"Unknown","Passenger Vehicles",0,,
,,"Light Commercial Vehicles",0,,
"3399","Diesel","Passenger Vehicles",0,,
,,"Light Commercial Vehicles",3,,
,"Electric","Passenger Vehicles",0,,
,,"Light Commercial Vehicles",0,,
,"Petrol leaded","Passenger Vehicles",0,,
,,"Light Commercial Vehicles",0,,
,"Petrol unleaded","Passenger Vehicles",0,,
,,"Light Commercial Vehicles",3,,
,"LPG/Other gases","Passenger Vehicles",0,,
,,"Light Commercial Vehicles",0,,
,"Dual fuel","Passenger Vehicles",0,,
,,"Light Commercial Vehicles",0,,
,"Other","Passenger Vehicles",0,,
,,"Light Commercial Vehicles",0,,
,"Unknown","Passenger Vehicles",0,,
,,"Light Commercial Vehicles",0,,
"3400","Diesel","Passenger Vehicles",1473,,
,,"Light Commercial Vehicles",2124,,
,"Electric","Passenger Vehicles",4,,
,,"Light Commercial Vehicles",0,,
,"Petrol leaded","Passenger Vehicles",95,,
,,"Light Commercial Vehicles",84,,
,"Petrol unleaded","Passenger Vehicles",7349,,
,,"Light Commercial Vehicles",805,,
,"LPG/Other gases","Passenger Vehicles",41,,
,,"Light Commercial Vehicles",49,,
,"Dual fuel","Passenger Vehicles",200,,
,,"Light Commercial Vehicles",99,,
,"Other","Passenger Vehicles",0,,
,,"Light Commercial Vehicles",3,,
,"Unknown","Passenger Vehicles",0,,
,,"Light Commercial Vehicles",0,,
"3401","Diesel","Passenger Vehicles",642,,
,,"Light Commercial Vehicles",1266,,
,"Electric","Passenger Vehicles",0,,
,,"Light Commercial Vehicles",0,,
,"Petrol leaded","Passenger Vehicles",58,,
,,"Light Commercial Vehicles",55,,
,"Petrol unleaded","Passenger Vehicles",1766,,
,,"Light Commercial Vehicles",313,,
,"LPG/Other gases","Passenger Vehicles",14,,
,,"Light Commercial Vehicles",22,,
,"Dual fuel","Passenger Vehicles",82,,
,,"Light Commercial Vehicles",50,,
,"Other","Passenger Vehicles",0,,
,,"Light Commercial Vehicles",3,,
,"Unknown","Passenger Vehicles",0,,
,,"Light Commercial Vehicles",0,,
"3402","Diesel","Passenger Vehicles",3,,
,,"Light Commercial Vehicles",3,,
,"Electric","Passenger Vehicles",0,,
,,"Light Commercial Vehicles",0,,
,"Petrol leaded","Passenger Vehicles",0,,
,,"Light Commercial Vehicles",0,,
,"Petrol unleaded","Passenger Vehicles",19,,
,,"Light Commercial Vehicles",3,,
,"LPG/Other gases","Passenger Vehicles",0,,
,,"Light Commercial Vehicles",0,,
,"Dual fuel","Passenger Vehicles",0,,
,,"Light Commercial Vehicles",0,,
,"Other","Passenger Vehicles",0,,
,,"Light Commercial Vehicles",0,,
,"Unknown","Passenger Vehicles",0,,
,,"Light Commercial Vehicles",0,,
"3407","Diesel","Passenger Vehicles",88,,
,,"Light Commercial Vehicles",185,,
,"Electric","Passenger Vehicles",0,,
,,"Light Commercial Vehicles",0,,
,"Petrol leaded","Passenger Vehicles",3,,
,,"Light Commercial Vehicles",3,,
,"Petrol unleaded","Passenger Vehicles",169,,
,,"Light Commercial Vehicles",31,,
,"LPG/Other gases","Passenger Vehicles",0,,
,,"Light Commercial Vehicles",0,,
,"Dual fuel","Passenger Vehicles",10,,
,,"Light Commercial Vehicles",4,,
,"Other","Passenger Vehicles",0,,
,,"Light Commercial Vehicles",0,,
,"Unknown","Passenger Vehicles",0,,
,,"Light Commercial Vehicles",0,,
"3409","Diesel","Passenger Vehicles",157,,
,,"Light Commercial Vehicles",306,,
,"Electric","Passenger Vehicles",0,,
,,"Light Commercial Vehicles",0,,
,"Petrol leaded","Passenger Vehicles",8,,
,,"Light Commercial Vehicles",11,,
,"Petrol unleaded","Passenger Vehicles",378,,
,,"Light Commercial Vehicles",59,,
,"LPG/Other gases","Passenger Vehicles",5,,
,,"Light Commercial Vehicles",3,,
,"Dual fuel","Passenger Vehicles",16,,
,,"Light Commercial Vehicles",10,,
,"Other","Passenger Vehicles",0,,
,,"Light Commercial Vehicles",0,,
,"Unknown","Passenger Vehicles",0,,
,,"Light Commercial Vehicles",0,,
"3412","Diesel","Passenger Vehicles",47,,
,,"Light Commercial Vehicles",106,,
,"Electric","Passenger Vehicles",0,,
,,"Light Commercial Vehicles",0,,
,"Petrol leaded","Passenger Vehicles",5,,
,,"Light Commercial Vehicles",3,,
,"Petrol unleaded","Passenger Vehicles",157,,
,,"Light Commercial Vehicles",34,,
,"LPG/Other gases","Passenger Vehicles",3,,
,,"Light Commercial Vehicles",0,,
,"Dual fuel","Passenger Vehicles",6,,
,,"Light Commercial Vehicles",5,,
,"Other","Passenger Vehicles",0,,
,,"Light Commercial Vehicles",0,,
,"Unknown","Passenger Vehicles",0,,
,,"Light Commercial Vehicles",0,,
"3413","Diesel","Passenger Vehicles",37,,
,,"Light Commercial Vehicles",88,,
,"Electric","Passenger Vehicles",0,,
,,"Light Commercial Vehicles",0,,
,"Petrol leaded","Passenger Vehicles",6,,
,,"Light Commercial Vehicles",4,,
,"Petrol unleaded","Passenger Vehicles",63,,
,,"Light Commercial Vehicles",16,,
,"LPG/Other gases","Passenger Vehicles",0,,
,,"Light Commercial Vehicles",0,,
,"Dual fuel","Passenger Vehicles",3,,
,,"Light Commercial Vehicles",0,,
,"Other","Passenger Vehicles",0,,
,,"Light Commercial Vehicles",0,,
,"Unknown","Passenger Vehicles",0,,
,,"Light Commercial Vehicles",0,,
"3414","Diesel","Passenger Vehicles",163,,
,,"Light Commercial Vehicles",346,,
,"Electric","Passenger Vehicles",0,,
,,"Light Commercial Vehicles",0,,
,"Petrol leaded","Passenger Vehicles",10,,
,,"Light Commercial Vehicles",22,,
,"Petrol unleaded","Passenger Vehicles",834,,
,,"Light Commercial Vehicles",127,,
,"LPG/Other gases","Passenger Vehicles",8,,
,,"Light Commercial Vehicles",5,,
,"Dual fuel","Passenger Vehicles",51,,
,,"Light Commercial Vehicles",26,,
,"Other","Passenger Vehicles",0,,
,,"Light Commercial Vehicles",0,,
,"Unknown","Passenger Vehicles",0,,
,,"Light Commercial Vehicles",0,,
"3415","Diesel","Passenger Vehicles",5,,
,,"Light Commercial Vehicles",14,,
,"Electric","Passenger Vehicles",0,,
,,"Light Commercial Vehicles",0,,
,"Petrol leaded","Passenger Vehicles",0,,
,,"Light Commercial Vehicles",0,,
,"Petrol unleaded","Passenger Vehicles",10,,
,,"Light Commercial Vehicles",3,,
,"LPG/Other gases","Passenger Vehicles",0,,
,,"Light Commercial Vehicles",0,,
,"Dual fuel","Passenger Vehicles",0,,
,,"Light Commercial Vehicles",0,,
,"Other","Passenger Vehicles",0,,
,,"Light Commercial Vehicles",0,,
,"Unknown","Passenger Vehicles",0,,
,,"Light Commercial Vehicles",0,,
"3418","Diesel","Passenger Vehicles",303,,
,,"Light Commercial Vehicles",764,,
,"Electric","Passenger Vehicles",0,,
,,"Light Commercial Vehicles",0,,
,"Petrol leaded","Passenger Vehicles",40,,
,,"Light Commercial Vehicles",29,,
,"Petrol unleaded","Passenger Vehicles",1398,,
,,"Light Commercial Vehicles",158,,
,"LPG/Other gases","Passenger Vehicles",14,,
,,"Light Commercial Vehicles",7,,
,"Dual fuel","Passenger Vehicles",34,,
,,"Light Commercial Vehicles",31,,
,"Other","Passenger Vehicles",0,,
,,"Light Commercial Vehicles",0,,
,"Unknown","Passenger Vehicles",0,,
,,"Light Commercial Vehicles",0,,
"3419","Diesel","Passenger Vehicles",134,,
,,"Light Commercial Vehicles",277,,
,"Electric","Passenger Vehicles",0,,
,,"Light Commercial Vehicles",0,,
,"Petrol leaded","Passenger Vehicles",12,,
,,"Light Commercial Vehicles",13,,
,"Petrol unleaded","Passenger Vehicles",426,,
,,"Light Commercial Vehicles",52,,
,"LPG/Other gases","Passenger Vehicles",3,,
,,"Light Commercial Vehicles",3,,
,"Dual fuel","Passenger Vehicles",8,,
,,"Light Commercial Vehicles",0,,
,"Other","Passenger Vehicles",0,,
,,"Light Commercial Vehicles",0,,
,"Unknown","Passenger Vehicles",0,,
,,"Light Commercial Vehicles",0,,
"3420","Diesel","Passenger Vehicles",40,,
,,"Light Commercial Vehicles",121,,
,"Electric","Passenger Vehicles",0,,
,,"Light Commercial Vehicles",0,,
,"Petrol leaded","Passenger Vehicles",3,,
,,"Light Commercial Vehicles",5,,
,"Petrol unleaded","Passenger Vehicles",86,,
,,"Light Commercial Vehicles",11,,
,"LPG/Other gases","Passenger Vehicles",0,,
,,"Light Commercial Vehicles",0,,
,"Dual fuel","Passenger Vehicles",0,,
,,"Light Commercial Vehicles",0,,
,"Other","Passenger Vehicles",0,,
,,"Light Commercial Vehicles",0,,
,"Unknown","Passenger Vehicles",0,,
,,"Light Commercial Vehicles",0,,
"3422","Diesel","Passenger Vehicles",3,,
,,"Light Commercial Vehicles",0,,
,"Electric","Passenger Vehicles",0,,
,,"Light Commercial Vehicles",0,,
,"Petrol leaded","Passenger Vehicles",0,,
,,"Light Commercial Vehicles",0,,
,"Petrol unleaded","Passenger Vehicles",0,,
,,"Light Commercial Vehicles",0,,
,"LPG/Other gases","Passenger Vehicles",0,,
,,"Light Commercial Vehicles",0,,
,"Dual fuel","Passenger Vehicles",0,,
,,"Light Commercial Vehicles",0,,
,"Other","Passenger Vehicles",0,,
,,"Light Commercial Vehicles",0,,
,"Unknown","Passenger Vehicles",0,,
,,"Light Commercial Vehicles",0,,
"3423","Diesel","Passenger Vehicles",61,,
,,"Light Commercial Vehicles",89,,
,"Electric","Passenger Vehicles",0,,
,,"Light Commercial Vehicles",0,,
,"Petrol leaded","Passenger Vehicles",15,,
,,"Light Commercial Vehicles",4,,
,"Petrol unleaded","Passenger Vehicles",215,,
,,"Light Commercial Vehicles",28,,
,"LPG/Other gases","Passenger Vehicles",3,,
,,"Light Commercial Vehicles",0,,
,"Dual fuel","Passenger Vehicles",17,,
,,"Light Commercial Vehicles",9,,
,"Other","Passenger Vehicles",3,,
,,"Light Commercial Vehicles",0,,
,"Unknown","Passenger Vehicles",0,,
,,"Light Commercial Vehicles",0,,
"3424","Diesel","Passenger Vehicles",122,,
,,"Light Commercial Vehicles",228,,
,"Electric","Passenger Vehicles",0,,
,,"Light Commercial Vehicles",0,,
,"Petrol leaded","Passenger Vehicles",26,,
,,"Light Commercial Vehicles",19,,
,"Petrol unleaded","Passenger Vehicles",381,,
,,"Light Commercial Vehicles",48,,
,"LPG/Other gases","Passenger Vehicles",3,,
,,"Light Commercial Vehicles",3,,
,"Dual fuel","Passenger Vehicles",7,,
,,"Light Commercial Vehicles",7,,
,"Other","Passenger Vehicles",0,,
,,"Light Commercial Vehicles",0,,
,"Unknown","Passenger Vehicles",0,,
,,"Light Commercial Vehicles",0,,
"3427","Diesel","Passenger Vehicles",225,,
,,"Light Commercial Vehicles",292,,
,"Electric","Passenger Vehicles",0,,
,,"Light Commercial Vehicles",0,,
,"Petrol leaded","Passenger Vehicles",39,,
,,"Light Commercial Vehicles",18,,
,"Petrol unleaded","Passenger Vehicles",2165,,
,,"Light Commercial Vehicles",197,,
,"LPG/Other gases","Passenger Vehicles",25,,
,,"Light Commercial Vehicles",24,,
,"Dual fuel","Passenger Vehicles",77,,
,,"Light Commercial Vehicles",29,,
,"Other","Passenger Vehicles",0,,
,,"Light Commercial Vehicles",0,,
,"Unknown","Passenger Vehicles",0,,
,,"Light Commercial Vehicles",0,,
"3428","Diesel","Passenger Vehicles",58,,
,,"Light Commercial Vehicles",100,,
,"Electric","Passenger Vehicles",0,,
,,"Light Commercial Vehicles",0,,
,"Petrol leaded","Passenger Vehicles",16,,
,,"Light Commercial Vehicles",0,,
,"Petrol unleaded","Passenger Vehicles",387,,
,,"Light Commercial Vehicles",48,,
,"LPG/Other gases","Passenger Vehicles",4,,
,,"Light Commercial Vehicles",13,,
,"Dual fuel","Passenger Vehicles",15,,
,,"Light Commercial Vehicles",10,,
,"Other","Passenger Vehicles",0,,
,,"Light Commercial Vehicles",0,,
,"Unknown","Passenger Vehicles",0,,
,,"Light Commercial Vehicles",0,,
"3429","Diesel","Passenger Vehicles",2707,,
,,"Light Commercial Vehicles",2636,,
,"Electric","Passenger Vehicles",4,,
,,"Light Commercial Vehicles",0,,
,"Petrol leaded","Passenger Vehicles",292,,
,,"Light Commercial Vehicles",94,,
,"Petrol unleaded","Passenger Vehicles",20270,,
,,"Light Commercial Vehicles",1464,,
,"LPG/Other gases","Passenger Vehicles",198,,
,,"Light Commercial Vehicles",136,,
,"Dual fuel","Passenger Vehicles",519,,
,,"Light Commercial Vehicles",176,,
,"Other","Passenger Vehicles",3,,
,,"Light Commercial Vehicles",0,,
,"Unknown","Passenger Vehicles",0,,
,,"Light Commercial Vehicles",0,,
"3430","Diesel","Passenger Vehicles",42,,
,,"Light Commercial Vehicles",83,,
,"Electric","Passenger Vehicles",0,,
,,"Light Commercial Vehicles",0,,
,"Petrol leaded","Passenger Vehicles",14,,
,,"Light Commercial Vehicles",8,,
,"Petrol unleaded","Passenger Vehicles",150,,
,,"Light Commercial Vehicles",31,,
,"LPG/Other gases","Passenger Vehicles",3,,
,,"Light Commercial Vehicles",4,,
,"Dual fuel","Passenger Vehicles",3,,
,,"Light Commercial Vehicles",8,,
,"Other","Passenger Vehicles",0,,
,,"Light Commercial Vehicles",0,,
,"Unknown","Passenger Vehicles",0,,
,,"Light Commercial Vehicles",0,,
"3431","Diesel","Passenger Vehicles",538,,
,,"Light Commercial Vehicles",508,,
,"Electric","Passenger Vehicles",0,,
,,"Light Commercial Vehicles",0,,
,"Petrol leaded","Passenger Vehicles",60,,
,,"Light Commercial Vehicles",29,,
,"Petrol unleaded","Passenger Vehicles",2079,,
,,"Light Commercial Vehicles",233,,
,"LPG/Other gases","Passenger Vehicles",32,,
,,"Light Commercial Vehicles",39,,
,"Dual fuel","Passenger Vehicles",99,,
,,"Light Commercial Vehicles",47,,
,"Other","Passenger Vehicles",0,,
,,"Light Commercial Vehicles",0,,
,"Unknown","Passenger Vehicles",0,,
,,"Light Commercial Vehicles",0,,
"3432","Diesel","Passenger Vehicles",28,,
,,"Light Commercial Vehicles",30,,
,"Electric","Passenger Vehicles",0,,
,,"Light Commercial Vehicles",0,,
,"Petrol leaded","Passenger Vehicles",10,,
,,"Light Commercial Vehicles",3,,
,"Petrol unleaded","Passenger Vehicles",91,,
,,"Light Commercial Vehicles",24,,
,"LPG/Other gases","Passenger Vehicles",0,,
,,"Light Commercial Vehicles",0,,
,"Dual fuel","Passenger Vehicles",3,,
,,"Light Commercial Vehicles",5,,
,"Other","Passenger Vehicles",0,,
,,"Light Commercial Vehicles",0,,
,"Unknown","Passenger Vehicles",0,,
,,"Light Commercial Vehicles",0,,
"3433","Diesel","Passenger Vehicles",26,,
,,"Light Commercial Vehicles",35,,
,"Electric","Passenger Vehicles",0,,
,,"Light Commercial Vehicles",0,,
,"Petrol leaded","Passenger Vehicles",8,,
,,"Light Commercial Vehicles",3,,
,"Petrol unleaded","Passenger Vehicles",108,,
,,"Light Commercial Vehicles",31,,
,"LPG/Other gases","Passenger Vehicles",3,,
,,"Light Commercial Vehicles",3,,
,"Dual fuel","Passenger Vehicles",7,,
,,"Light Commercial Vehicles",5,,
,"Other","Passenger Vehicles",0,,
,,"Light Commercial Vehicles",0,,
,"Unknown","Passenger Vehicles",0,,
,,"Light Commercial Vehicles",0,,
"3434","Diesel","Passenger Vehicles",691,,
,,"Light Commercial Vehicles",755,,
,"Electric","Passenger Vehicles",0,,
,,"Light Commercial Vehicles",0,,
,"Petrol leaded","Passenger Vehicles",94,,
,,"Light Commercial Vehicles",48,,
,"Petrol unleaded","Passenger Vehicles",2806,,
,,"Light Commercial Vehicles",326,,
,"LPG/Other gases","Passenger Vehicles",51,,
,,"Light Commercial Vehicles",44,,
,"Dual fuel","Passenger Vehicles",128,,
,,"Light Commercial Vehicles",63,,
,"Other","Passenger Vehicles",0,,
,,"Light Commercial Vehicles",0,,
,"Unknown","Passenger Vehicles",0,,
,,"Light Commercial Vehicles",0,,
"3435","Diesel","Passenger Vehicles",393,,
,,"Light Commercial Vehicles",488,,
,"Electric","Passenger Vehicles",3,,
,,"Light Commercial Vehicles",3,,
,"Petrol leaded","Passenger Vehicles",41,,
,,"Light Commercial Vehicles",30,,
,"Petrol unleaded","Passenger Vehicles",1480,,
,,"Light Commercial Vehicles",217,,
,"LPG/Other gases","Passenger Vehicles",32,,
,,"Light Commercial Vehicles",28,,
,"Dual fuel","Passenger Vehicles",73,,
,,"Light Commercial Vehicles",43,,
,"Other","Passenger Vehicles",0,,
,,"Light Commercial Vehicles",0,,
,"Unknown","Passenger Vehicles",0,,
,,"Light Commercial Vehicles",0,,
"3437","Diesel","Passenger Vehicles",1475,,
,,"Light Commercial Vehicles",1042,,
,"Electric","Passenger Vehicles",3,,
,,"Light Commercial Vehicles",0,,
,"Petrol leaded","Passenger Vehicles",130,,
,,"Light Commercial Vehicles",38,,
,"Petrol unleaded","Passenger Vehicles",5506,,
,,"Light Commercial Vehicles",470,,
,"LPG/Other gases","Passenger Vehicles",64,,
,,"Light Commercial Vehicles",59,,
,"Dual fuel","Passenger Vehicles",139,,
,,"Light Commercial Vehicles",61,,
,"Other","Passenger Vehicles",0,,
,,"Light Commercial Vehicles",0,,
,"Unknown","Passenger Vehicles",0,,
,,"Light Commercial Vehicles",0,,
"3438","Diesel","Passenger Vehicles",313,,
,,"Light Commercial Vehicles",303,,
,"Electric","Passenger Vehicles",0,,
,,"Light Commercial Vehicles",0,,
,"Petrol leaded","Passenger Vehicles",25,,
,,"Light Commercial Vehicles",15,,
,"Petrol unleaded","Passenger Vehicles",1150,,
,,"Light Commercial Vehicles",120,,
,"LPG/Other gases","Passenger Vehicles",12,,
,,"Light Commercial Vehicles",9,,
,"Dual fuel","Passenger Vehicles",40,,
,,"Light Commercial Vehicles",16,,
,"Other","Passenger Vehicles",0,,
,,"Light Commercial Vehicles",0,,
,"Unknown","Passenger Vehicles",0,,
,,"Light Commercial Vehicles",0,,
"3440","Diesel","Passenger Vehicles",268,,
,,"Light Commercial Vehicles",202,,
,"Electric","Passenger Vehicles",0,,
,,"Light Commercial Vehicles",0,,
,"Petrol leaded","Passenger Vehicles",35,,
,,"Light Commercial Vehicles",11,,
,"Petrol unleaded","Passenger Vehicles",1040,,
,,"Light Commercial Vehicles",93,,
,"LPG/Other gases","Passenger Vehicles",8,,
,,"Light Commercial Vehicles",23,,
,"Dual fuel","Passenger Vehicles",33,,
,,"Light Commercial Vehicles",11,,
,"Other","Passenger Vehicles",0,,
,,"Light Commercial Vehicles",0,,
,"Unknown","Passenger Vehicles",0,,
,,"Light Commercial Vehicles",0,,
"3441","Diesel","Passenger Vehicles",230,,
,,"Light Commercial Vehicles",117,,
,"Electric","Passenger Vehicles",0,,
,,"Light Commercial Vehicles",0,,
,"Petrol leaded","Passenger Vehicles",37,,
,,"Light Commercial Vehicles",0,,
,"Petrol unleaded","Passenger Vehicles",740,,
,,"Light Commercial Vehicles",72,,
,"LPG/Other gases","Passenger Vehicles",3,,
,,"Light Commercial Vehicles",4,,
,"Dual fuel","Passenger Vehicles",18,,
,,"Light Commercial Vehicles",8,,
,"Other","Passenger Vehicles",0,,
,,"Light Commercial Vehicles",0,,
,"Unknown","Passenger Vehicles",0,,
,,"Light Commercial Vehicles",0,,
"3442","Diesel","Passenger Vehicles",1033,,
,,"Light Commercial Vehicles",820,,
,"Electric","Passenger Vehicles",3,,
,,"Light Commercial Vehicles",0,,
,"Petrol leaded","Passenger Vehicles",96,,
,,"Light Commercial Vehicles",39,,
,"Petrol unleaded","Passenger Vehicles",3915,,
,,"Light Commercial Vehicles",384,,
,"LPG/Other gases","Passenger Vehicles",43,,
,,"Light Commercial Vehicles",43,,
,"Dual fuel","Passenger Vehicles",148,,
,,"Light Commercial Vehicles",69,,
,"Other","Passenger Vehicles",0,,
,,"Light Commercial Vehicles",0,,
,"Unknown","Passenger Vehicles",0,,
,,"Light Commercial Vehicles",0,,
"3444","Diesel","Passenger Vehicles",1089,,
,,"Light Commercial Vehicles",1302,,
,"Electric","Passenger Vehicles",0,,
,,"Light Commercial Vehicles",0,,
,"Petrol leaded","Passenger Vehicles",155,,
,,"Light Commercial Vehicles",84,,
,"Petrol unleaded","Passenger Vehicles",4928,,
,,"Light Commercial Vehicles",647,,
,"LPG/Other gases","Passenger Vehicles",52,,
,,"Light Commercial Vehicles",68,,
,"Dual fuel","Passenger Vehicles",179,,
,,"Light Commercial Vehicles",121,,
,"Other","Passenger Vehicles",3,,
,,"Light Commercial Vehicles",0,,
,"Unknown","Passenger Vehicles",0,,
,,"Light Commercial Vehicles",0,,
"3446","Diesel","Passenger Vehicles",110,,
,,"Light Commercial Vehicles",121,,
,"Electric","Passenger Vehicles",0,,
,,"Light Commercial Vehicles",0,,
,"Petrol leaded","Passenger Vehicles",14,,
,,"Light Commercial Vehicles",13,,
,"Petrol unleaded","Passenger Vehicles",535,,
,,"Light Commercial Vehicles",92,,
,"LPG/Other gases","Passenger Vehicles",16,,
,,"Light Commercial Vehicles",16,,
,"Dual fuel","Passenger Vehicles",23,,
,,"Light Commercial Vehicles",23,,
,"Other","Passenger Vehicles",0,,
,,"Light Commercial Vehicles",0,,
,"Unknown","Passenger Vehicles",0,,
,,"Light Commercial Vehicles",0,,
"3447","Diesel","Passenger Vehicles",46,,
,,"Light Commercial Vehicles",80,,
,"Electric","Passenger Vehicles",0,,
,,"Light Commercial Vehicles",0,,
,"Petrol leaded","Passenger Vehicles",5,,
,,"Light Commercial Vehicles",7,,
,"Petrol unleaded","Passenger Vehicles",267,,
,,"Light Commercial Vehicles",54,,
,"LPG/Other gases","Passenger Vehicles",5,,
,,"Light Commercial Vehicles",3,,
,"Dual fuel","Passenger Vehicles",10,,
,,"Light Commercial Vehicles",9,,
,"Other","Passenger Vehicles",3,,
,,"Light Commercial Vehicles",0,,
,"Unknown","Passenger Vehicles",0,,
,,"Light Commercial Vehicles",0,,
"3448","Diesel","Passenger Vehicles",125,,
,,"Light Commercial Vehicles",182,,
,"Electric","Passenger Vehicles",0,,
,,"Light Commercial Vehicles",0,,
,"Petrol leaded","Passenger Vehicles",25,,
,,"Light Commercial Vehicles",11,,
,"Petrol unleaded","Passenger Vehicles",468,,
,,"Light Commercial Vehicles",91,,
,"LPG/Other gases","Passenger Vehicles",12,,
,,"Light Commercial Vehicles",10,,
,"Dual fuel","Passenger Vehicles",34,,
,,"Light Commercial Vehicles",26,,
,"Other","Passenger Vehicles",0,,
,,"Light Commercial Vehicles",0,,
,"Unknown","Passenger Vehicles",0,,
,,"Light Commercial Vehicles",0,,
"3450","Diesel","Passenger Vehicles",618,,
,,"Light Commercial Vehicles",569,,
,"Electric","Passenger Vehicles",0,,
,,"Light Commercial Vehicles",0,,
,"Petrol leaded","Passenger Vehicles",144,,
,,"Light Commercial Vehicles",58,,
,"Petrol unleaded","Passenger Vehicles",3796,,
,,"Light Commercial Vehicles",396,,
,"LPG/Other gases","Passenger Vehicles",16,,
,,"Light Commercial Vehicles",31,,
,"Dual fuel","Passenger Vehicles",93,,
,,"Light Commercial Vehicles",46,,
,"Other","Passenger Vehicles",0,,
,,"Light Commercial Vehicles",0,,
,"Unknown","Passenger Vehicles",0,,
,,"Light Commercial Vehicles",0,,
"3451","Diesel","Passenger Vehicles",437,,
,,"Light Commercial Vehicles",660,,
,"Electric","Passenger Vehicles",0,,
,,"Light Commercial Vehicles",0,,
,"Petrol leaded","Passenger Vehicles",94,,
,,"Light Commercial Vehicles",65,,
,"Petrol unleaded","Passenger Vehicles",2588,,
,,"Light Commercial Vehicles",394,,
,"LPG/Other gases","Passenger Vehicles",18,,
,,"Light Commercial Vehicles",20,,
,"Dual fuel","Passenger Vehicles",90,,
,,"Light Commercial Vehicles",85,,
,"Other","Passenger Vehicles",0,,
,,"Light Commercial Vehicles",0,,
,"Unknown","Passenger Vehicles",0,,
,,"Light Commercial Vehicles",0,,
"3453","Diesel","Passenger Vehicles",172,,
,,"Light Commercial Vehicles",260,,
,"Electric","Passenger Vehicles",0,,
,,"Light Commercial Vehicles",0,,
,"Petrol leaded","Passenger Vehicles",44,,
,,"Light Commercial Vehicles",22,,
,"Petrol unleaded","Passenger Vehicles",877,,
,,"Light Commercial Vehicles",143,,
,"LPG/Other gases","Passenger Vehicles",18,,
,,"Light Commercial Vehicles",15,,
,"Dual fuel","Passenger Vehicles",36,,
,,"Light Commercial Vehicles",42,,
,"Other","Passenger Vehicles",0,,
,,"Light Commercial Vehicles",0,,
,"Unknown","Passenger Vehicles",0,,
,,"Light Commercial Vehicles",0,,
"3458","Diesel","Passenger Vehicles",256,,
,,"Light Commercial Vehicles",338,,
,"Electric","Passenger Vehicles",0,,
,,"Light Commercial Vehicles",0,,
,"Petrol leaded","Passenger Vehicles",14,,
,,"Light Commercial Vehicles",22,,
,"Petrol unleaded","Passenger Vehicles",1139,,
,,"Light Commercial Vehicles",205,,
,"LPG/Other gases","Passenger Vehicles",14,,
,,"Light Commercial Vehicles",10,,
,"Dual fuel","Passenger Vehicles",43,,
,,"Light Commercial Vehicles",25,,
,"Other","Passenger Vehicles",0,,
,,"Light Commercial Vehicles",0,,
,"Unknown","Passenger Vehicles",0,,
,,"Light Commercial Vehicles",0,,
"3460","Diesel","Passenger Vehicles",281,,
,,"Light Commercial Vehicles",322,,
,"Electric","Passenger Vehicles",3,,
,,"Light Commercial Vehicles",0,,
,"Petrol leaded","Passenger Vehicles",56,,
,,"Light Commercial Vehicles",22,,
,"Petrol unleaded","Passenger Vehicles",1596,,
,,"Light Commercial Vehicles",156,,
,"LPG/Other gases","Passenger Vehicles",7,,
,,"Light Commercial Vehicles",15,,
,"Dual fuel","Passenger Vehicles",61,,
,,"Light Commercial Vehicles",42,,
,"Other","Passenger Vehicles",0,,
,,"Light Commercial Vehicles",0,,
,"Unknown","Passenger Vehicles",0,,
,,"Light Commercial Vehicles",0,,
"3461","Diesel","Passenger Vehicles",459,,
,,"Light Commercial Vehicles",695,,
,"Electric","Passenger Vehicles",6,,
,,"Light Commercial Vehicles",0,,
,"Petrol leaded","Passenger Vehicles",68,,
,,"Light Commercial Vehicles",54,,
,"Petrol unleaded","Passenger Vehicles",2227,,
,,"Light Commercial Vehicles",367,,
,"LPG/Other gases","Passenger Vehicles",26,,
,,"Light Commercial Vehicles",40,,
,"Dual fuel","Passenger Vehicles",109,,
,,"Light Commercial Vehicles",83,,
,"Other","Passenger Vehicles",0,,
,,"Light Commercial Vehicles",0,,
,"Unknown","Passenger Vehicles",0,,
,,"Light Commercial Vehicles",0,,
"3462","Diesel","Passenger Vehicles",116,,
,,"Light Commercial Vehicles",182,,
,"Electric","Passenger Vehicles",0,,
,,"Light Commercial Vehicles",0,,
,"Petrol leaded","Passenger Vehicles",26,,
,,"Light Commercial Vehicles",11,,
,"Petrol unleaded","Passenger Vehicles",679,,
,,"Light Commercial Vehicles",124,,
,"LPG/Other gases","Passenger Vehicles",16,,
,,"Light Commercial Vehicles",9,,
,"Dual fuel","Passenger Vehicles",28,,
,,"Light Commercial Vehicles",20,,
,"Other","Passenger Vehicles",0,,
,,"Light Commercial Vehicles",0,,
,"Unknown","Passenger Vehicles",0,,
,,"Light Commercial Vehicles",0,,
"3463","Diesel","Passenger Vehicles",231,,
,,"Light Commercial Vehicles",437,,
,"Electric","Passenger Vehicles",0,,
,,"Light Commercial Vehicles",0,,
,"Petrol leaded","Passenger Vehicles",76,,
,,"Light Commercial Vehicles",36,,
,"Petrol unleaded","Passenger Vehicles",1446,,
,,"Light Commercial Vehicles",267,,
,"LPG/Other gases","Passenger Vehicles",10,,
,,"Light Commercial Vehicles",21,,
,"Dual fuel","Passenger Vehicles",51,,
,,"Light Commercial Vehicles",38,,
,"Other","Passenger Vehicles",0,,
,,"Light Commercial Vehicles",0,,
,"Unknown","Passenger Vehicles",0,,
,,"Light Commercial Vehicles",0,,
"3464","Diesel","Passenger Vehicles",103,,
,,"Light Commercial Vehicles",216,,
,"Electric","Passenger Vehicles",0,,
,,"Light Commercial Vehicles",0,,
,"Petrol leaded","Passenger Vehicles",23,,
,,"Light Commercial Vehicles",7,,
,"Petrol unleaded","Passenger Vehicles",551,,
,,"Light Commercial Vehicles",88,,
,"LPG/Other gases","Passenger Vehicles",3,,
,,"Light Commercial Vehicles",3,,
,"Dual fuel","Passenger Vehicles",33,,
,,"Light Commercial Vehicles",16,,
,"Other","Passenger Vehicles",0,,
,,"Light Commercial Vehicles",0,,
,"Unknown","Passenger Vehicles",0,,
,,"Light Commercial Vehicles",0,,
"3465","Diesel","Passenger Vehicles",687,,
,,"Light Commercial Vehicles",1302,,
,"Electric","Passenger Vehicles",0,,
,,"Light Commercial Vehicles",0,,
,"Petrol leaded","Passenger Vehicles",165,,
,,"Light Commercial Vehicles",82,,
,"Petrol unleaded","Passenger Vehicles",5154,,
,,"Light Commercial Vehicles",733,,
,"LPG/Other gases","Passenger Vehicles",60,,
,,"Light Commercial Vehicles",46,,
,"Dual fuel","Passenger Vehicles",269,,
,,"Light Commercial Vehicles",149,,
,"Other","Passenger Vehicles",0,,
,,"Light Commercial Vehicles",0,,
,"Unknown","Passenger Vehicles",0,,
,,"Light Commercial Vehicles",0,,
"3467","Diesel","Passenger Vehicles",122,,
,,"Light Commercial Vehicles",315,,
,"Electric","Passenger Vehicles",0,,
,,"Light Commercial Vehicles",0,,
,"Petrol leaded","Passenger Vehicles",19,,
,,"Light Commercial Vehicles",14,,
,"Petrol unleaded","Passenger Vehicles",661,,
,,"Light Commercial Vehicles",108,,
,"LPG/Other gases","Passenger Vehicles",9,,
,,"Light Commercial Vehicles",12,,
,"Dual fuel","Passenger Vehicles",29,,
,,"Light Commercial Vehicles",23,,
,"Other","Passenger Vehicles",0,,
,,"Light Commercial Vehicles",0,,
,"Unknown","Passenger Vehicles",0,,
,,"Light Commercial Vehicles",0,,
"3468","Diesel","Passenger Vehicles",60,,
,,"Light Commercial Vehicles",89,,
,"Electric","Passenger Vehicles",0,,
,,"Light Commercial Vehicles",0,,
,"Petrol leaded","Passenger Vehicles",0,,
,,"Light Commercial Vehicles",3,,
,"Petrol unleaded","Passenger Vehicles",139,,
,,"Light Commercial Vehicles",31,,
,"LPG/Other gases","Passenger Vehicles",0,,
,,"Light Commercial Vehicles",0,,
,"Dual fuel","Passenger Vehicles",5,,
,,"Light Commercial Vehicles",7,,
,"Other","Passenger Vehicles",0,,
,,"Light Commercial Vehicles",0,,
,"Unknown","Passenger Vehicles",0,,
,,"Light Commercial Vehicles",0,,
"3469","Diesel","Passenger Vehicles",37,,
,,"Light Commercial Vehicles",65,,
,"Electric","Passenger Vehicles",0,,
,,"Light Commercial Vehicles",0,,
,"Petrol leaded","Passenger Vehicles",3,,
,,"Light Commercial Vehicles",0,,
,"Petrol unleaded","Passenger Vehicles",126,,
,,"Light Commercial Vehicles",31,,
,"LPG/Other gases","Passenger Vehicles",3,,
,,"Light Commercial Vehicles",0,,
,"Dual fuel","Passenger Vehicles",7,,
,,"Light Commercial Vehicles",6,,
,"Other","Passenger Vehicles",0,,
,,"Light Commercial Vehicles",0,,
,"Unknown","Passenger Vehicles",0,,
,,"Light Commercial Vehicles",0,,
"3472","Diesel","Passenger Vehicles",124,,
,,"Light Commercial Vehicles",266,,
,"Electric","Passenger Vehicles",0,,
,,"Light Commercial Vehicles",0,,
,"Petrol leaded","Passenger Vehicles",30,,
,,"Light Commercial Vehicles",31,,
,"Petrol unleaded","Passenger Vehicles",795,,
,,"Light Commercial Vehicles",180,,
,"LPG/Other gases","Passenger Vehicles",10,,
,,"Light Commercial Vehicles",10,,
,"Dual fuel","Passenger Vehicles",67,,
,,"Light Commercial Vehicles",44,,
,"Other","Passenger Vehicles",0,,
,,"Light Commercial Vehicles",0,,
,"Unknown","Passenger Vehicles",0,,
,,"Light Commercial Vehicles",0,,
"3475","Diesel","Passenger Vehicles",44,,
,,"Light Commercial Vehicles",106,,
,"Electric","Passenger Vehicles",0,,
,,"Light Commercial Vehicles",0,,
,"Petrol leaded","Passenger Vehicles",10,,
,,"Light Commercial Vehicles",8,,
,"Petrol unleaded","Passenger Vehicles",200,,
,,"Light Commercial Vehicles",41,,
,"LPG/Other gases","Passenger Vehicles",3,,
,,"Light Commercial Vehicles",0,,
,"Dual fuel","Passenger Vehicles",10,,
,,"Light Commercial Vehicles",9,,
,"Other","Passenger Vehicles",0,,
,,"Light Commercial Vehicles",0,,
,"Unknown","Passenger Vehicles",0,,
,,"Light Commercial Vehicles",0,,
"3477","Diesel","Passenger Vehicles",95,,
,,"Light Commercial Vehicles",276,,
,"Electric","Passenger Vehicles",0,,
,,"Light Commercial Vehicles",0,,
,"Petrol leaded","Passenger Vehicles",12,,
,,"Light Commercial Vehicles",6,,
,"Petrol unleaded","Passenger Vehicles",324,,
,,"Light Commercial Vehicles",67,,
,"LPG/Other gases","Passenger Vehicles",3,,
,,"Light Commercial Vehicles",6,,
,"Dual fuel","Passenger Vehicles",21,,
,,"Light Commercial Vehicles",9,,
,"Other","Passenger Vehicles",0,,
,,"Light Commercial Vehicles",0,,
,"Unknown","Passenger Vehicles",0,,
,,"Light Commercial Vehicles",0,,
"3478","Diesel","Passenger Vehicles",225,,
,,"Light Commercial Vehicles",472,,
,"Electric","Passenger Vehicles",0,,
,,"Light Commercial Vehicles",0,,
,"Petrol leaded","Passenger Vehicles",21,,
,,"Light Commercial Vehicles",33,,
,"Petrol unleaded","Passenger Vehicles",1338,,
,,"Light Commercial Vehicles",243,,
,"LPG/Other gases","Passenger Vehicles",10,,
,,"Light Commercial Vehicles",12,,
,"Dual fuel","Passenger Vehicles",44,,
,,"Light Commercial Vehicles",30,,
,"Other","Passenger Vehicles",0,,
,,"Light Commercial Vehicles",0,,
,"Unknown","Passenger Vehicles",0,,
,,"Light Commercial Vehicles",0,,
"3480","Diesel","Passenger Vehicles",220,,
,,"Light Commercial Vehicles",436,,
,"Electric","Passenger Vehicles",0,,
,,"Light Commercial Vehicles",0,,
,"Petrol leaded","Passenger Vehicles",17,,
,,"Light Commercial Vehicles",17,,
,"Petrol unleaded","Passenger Vehicles",851,,
,,"Light Commercial Vehicles",145,,
,"LPG/Other gases","Passenger Vehicles",5,,
,,"Light Commercial Vehicles",6,,
,"Dual fuel","Passenger Vehicles",13,,
,,"Light Commercial Vehicles",20,,
,"Other","Passenger Vehicles",0,,
,,"Light Commercial Vehicles",0,,
,"Unknown","Passenger Vehicles",0,,
,,"Light Commercial Vehicles",0,,
"3482","Diesel","Passenger Vehicles",23,,
,,"Light Commercial Vehicles",51,,
,"Electric","Passenger Vehicles",0,,
,,"Light Commercial Vehicles",0,,
,"Petrol leaded","Passenger Vehicles",3,,
,,"Light Commercial Vehicles",3,,
,"Petrol unleaded","Passenger Vehicles",74,,
,,"Light Commercial Vehicles",16,,
,"LPG/Other gases","Passenger Vehicles",0,,
,,"Light Commercial Vehicles",0,,
,"Dual fuel","Passenger Vehicles",6,,
,,"Light Commercial Vehicles",0,,
,"Other","Passenger Vehicles",0,,
,,"Light Commercial Vehicles",0,,
,"Unknown","Passenger Vehicles",0,,
,,"Light Commercial Vehicles",0,,
"3483","Diesel","Passenger Vehicles",133,,
,,"Light Commercial Vehicles",288,,
,"Electric","Passenger Vehicles",0,,
,,"Light Commercial Vehicles",0,,
,"Petrol leaded","Passenger Vehicles",10,,
,,"Light Commercial Vehicles",13,,
,"Petrol unleaded","Passenger Vehicles",413,,
,,"Light Commercial Vehicles",58,,
,"LPG/Other gases","Passenger Vehicles",3,,
,,"Light Commercial Vehicles",3,,
,"Dual fuel","Passenger Vehicles",19,,
,,"Light Commercial Vehicles",12,,
,"Other","Passenger Vehicles",0,,
,,"Light Commercial Vehicles",0,,
,"Unknown","Passenger Vehicles",0,,
,,"Light Commercial Vehicles",0,,
"3485","Diesel","Passenger Vehicles",40,,
,,"Light Commercial Vehicles",99,,
,"Electric","Passenger Vehicles",0,,
,,"Light Commercial Vehicles",0,,
,"Petrol leaded","Passenger Vehicles",3,,
,,"Light Commercial Vehicles",8,,
,"Petrol unleaded","Passenger Vehicles",161,,
,,"Light Commercial Vehicles",25,,
,"LPG/Other gases","Passenger Vehicles",0,,
,,"Light Commercial Vehicles",0,,
,"Dual fuel","Passenger Vehicles",10,,
,,"Light Commercial Vehicles",3,,
,"Other","Passenger Vehicles",0,,
,,"Light Commercial Vehicles",0,,
,"Unknown","Passenger Vehicles",0,,
,,"Light Commercial Vehicles",0,,
"3487","Diesel","Passenger Vehicles",17,,
,,"Light Commercial Vehicles",18,,
,"Electric","Passenger Vehicles",0,,
,,"Light Commercial Vehicles",0,,
,"Petrol leaded","Passenger Vehicles",0,,
,,"Light Commercial Vehicles",0,,
,"Petrol unleaded","Passenger Vehicles",42,,
,,"Light Commercial Vehicles",8,,
,"LPG/Other gases","Passenger Vehicles",0,,
,,"Light Commercial Vehicles",0,,
,"Dual fuel","Passenger Vehicles",0,,
,,"Light Commercial Vehicles",3,,
,"Other","Passenger Vehicles",0,,
,,"Light Commercial Vehicles",0,,
,"Unknown","Passenger Vehicles",0,,
,,"Light Commercial Vehicles",0,,
"3488","Diesel","Passenger Vehicles",16,,
,,"Light Commercial Vehicles",67,,
,"Electric","Passenger Vehicles",0,,
,,"Light Commercial Vehicles",0,,
,"Petrol leaded","Passenger Vehicles",3,,
,,"Light Commercial Vehicles",0,,
,"Petrol unleaded","Passenger Vehicles",58,,
,,"Light Commercial Vehicles",6,,
,"LPG/Other gases","Passenger Vehicles",3,,
,,"Light Commercial Vehicles",0,,
,"Dual fuel","Passenger Vehicles",0,,
,,"Light Commercial Vehicles",3,,
,"Other","Passenger Vehicles",0,,
,,"Light Commercial Vehicles",0,,
,"Unknown","Passenger Vehicles",0,,
,,"Light Commercial Vehicles",0,,
"3489","Diesel","Passenger Vehicles",15,,
,,"Light Commercial Vehicles",21,,
,"Electric","Passenger Vehicles",0,,
,,"Light Commercial Vehicles",0,,
,"Petrol leaded","Passenger Vehicles",0,,
,,"Light Commercial Vehicles",0,,
,"Petrol unleaded","Passenger Vehicles",33,,
,,"Light Commercial Vehicles",10,,
,"LPG/Other gases","Passenger Vehicles",0,,
,,"Light Commercial Vehicles",0,,
,"Dual fuel","Passenger Vehicles",0,,
,,"Light Commercial Vehicles",0,,
,"Other","Passenger Vehicles",0,,
,,"Light Commercial Vehicles",0,,
,"Unknown","Passenger Vehicles",0,,
,,"Light Commercial Vehicles",0,,
"3490","Diesel","Passenger Vehicles",142,,
,,"Light Commercial Vehicles",392,,
,"Electric","Passenger Vehicles",0,,
,,"Light Commercial Vehicles",0,,
,"Petrol leaded","Passenger Vehicles",14,,
,,"Light Commercial Vehicles",15,,
,"Petrol unleaded","Passenger Vehicles",605,,
,,"Light Commercial Vehicles",82,,
,"LPG/Other gases","Passenger Vehicles",0,,
,,"Light Commercial Vehicles",3,,
,"Dual fuel","Passenger Vehicles",14,,
,,"Light Commercial Vehicles",12,,
,"Other","Passenger Vehicles",0,,
,,"Light Commercial Vehicles",0,,
,"Unknown","Passenger Vehicles",0,,
,,"Light Commercial Vehicles",0,,
"3491","Diesel","Passenger Vehicles",20,,
,,"Light Commercial Vehicles",61,,
,"Electric","Passenger Vehicles",0,,
,,"Light Commercial Vehicles",0,,
,"Petrol leaded","Passenger Vehicles",3,,
,,"Light Commercial Vehicles",3,,
,"Petrol unleaded","Passenger Vehicles",60,,
,,"Light Commercial Vehicles",5,,
,"LPG/Other gases","Passenger Vehicles",3,,
,,"Light Commercial Vehicles",0,,
,"Dual fuel","Passenger Vehicles",3,,
,,"Light Commercial Vehicles",0,,
,"Other","Passenger Vehicles",0,,
,,"Light Commercial Vehicles",0,,
,"Unknown","Passenger Vehicles",0,,
,,"Light Commercial Vehicles",0,,
"3494","Diesel","Passenger Vehicles",81,,
,,"Light Commercial Vehicles",330,,
,"Electric","Passenger Vehicles",0,,
,,"Light Commercial Vehicles",0,,
,"Petrol leaded","Passenger Vehicles",9,,
,,"Light Commercial Vehicles",10,,
,"Petrol unleaded","Passenger Vehicles",262,,
,,"Light Commercial Vehicles",64,,
,"LPG/Other gases","Passenger Vehicles",0,,
,,"Light Commercial Vehicles",0,,
,"Dual fuel","Passenger Vehicles",5,,
,,"Light Commercial Vehicles",10,,
,"Other","Passenger Vehicles",0,,
,,"Light Commercial Vehicles",0,,
,"Unknown","Passenger Vehicles",0,,
,,"Light Commercial Vehicles",0,,
"3496","Diesel","Passenger Vehicles",589,,
,,"Light Commercial Vehicles",1456,,
,"Electric","Passenger Vehicles",0,,
,,"Light Commercial Vehicles",0,,
,"Petrol leaded","Passenger Vehicles",62,,
,,"Light Commercial Vehicles",54,,
,"Petrol unleaded","Passenger Vehicles",2907,,
,,"Light Commercial Vehicles",516,,
,"LPG/Other gases","Passenger Vehicles",13,,
,,"Light Commercial Vehicles",13,,
,"Dual fuel","Passenger Vehicles",71,,
,,"Light Commercial Vehicles",60,,
,"Other","Passenger Vehicles",0,,
,,"Light Commercial Vehicles",0,,
,"Unknown","Passenger Vehicles",0,,
,,"Light Commercial Vehicles",0,,
"3498","Diesel","Passenger Vehicles",534,,
,,"Light Commercial Vehicles",1136,,
,"Electric","Passenger Vehicles",0,,
,,"Light Commercial Vehicles",0,,
,"Petrol leaded","Passenger Vehicles",60,,
,,"Light Commercial Vehicles",53,,
,"Petrol unleaded","Passenger Vehicles",2452,,
,,"Light Commercial Vehicles",431,,
,"LPG/Other gases","Passenger Vehicles",7,,
,,"Light Commercial Vehicles",7,,
,"Dual fuel","Passenger Vehicles",50,,
,,"Light Commercial Vehicles",32,,
,"Other","Passenger Vehicles",0,,
,,"Light Commercial Vehicles",0,,
,"Unknown","Passenger Vehicles",0,,
,,"Light Commercial Vehicles",0,,
"3500","Diesel","Passenger Vehicles",2342,,
,,"Light Commercial Vehicles",4556,,
,"Electric","Passenger Vehicles",3,,
,,"Light Commercial Vehicles",3,,
,"Petrol leaded","Passenger Vehicles",241,,
,,"Light Commercial Vehicles",146,,
,"Petrol unleaded","Passenger Vehicles",17079,,
,,"Light Commercial Vehicles",2107,,
,"LPG/Other gases","Passenger Vehicles",58,,
,,"Light Commercial Vehicles",40,,
,"Dual fuel","Passenger Vehicles",256,,
,,"Light Commercial Vehicles",132,,
,"Other","Passenger Vehicles",0,,
,,"Light Commercial Vehicles",0,,
,"Unknown","Passenger Vehicles",3,,
,,"Light Commercial Vehicles",0,,
"3501","Diesel","Passenger Vehicles",320,,
,,"Light Commercial Vehicles",691,,
,"Electric","Passenger Vehicles",0,,
,,"Light Commercial Vehicles",0,,
,"Petrol leaded","Passenger Vehicles",43,,
,,"Light Commercial Vehicles",31,,
,"Petrol unleaded","Passenger Vehicles",1421,,
,,"Light Commercial Vehicles",259,,
,"LPG/Other gases","Passenger Vehicles",7,,
,,"Light Commercial Vehicles",7,,
,"Dual fuel","Passenger Vehicles",25,,
,,"Light Commercial Vehicles",27,,
,"Other","Passenger Vehicles",0,,
,,"Light Commercial Vehicles",0,,
,"Unknown","Passenger Vehicles",0,,
,,"Light Commercial Vehicles",0,,
"3502","Diesel","Passenger Vehicles",14,,
,,"Light Commercial Vehicles",69,,
,"Electric","Passenger Vehicles",0,,
,,"Light Commercial Vehicles",0,,
,"Petrol leaded","Passenger Vehicles",0,,
,,"Light Commercial Vehicles",0,,
,"Petrol unleaded","Passenger Vehicles",97,,
,,"Light Commercial Vehicles",22,,
,"LPG/Other gases","Passenger Vehicles",0,,
,,"Light Commercial Vehicles",0,,
,"Dual fuel","Passenger Vehicles",0,,
,,"Light Commercial Vehicles",0,,
,"Other","Passenger Vehicles",0,,
,,"Light Commercial Vehicles",0,,
,"Unknown","Passenger Vehicles",0,,
,,"Light Commercial Vehicles",0,,
"3505","Diesel","Passenger Vehicles",497,,
,,"Light Commercial Vehicles",1069,,
,"Electric","Passenger Vehicles",0,,
,,"Light Commercial Vehicles",0,,
,"Petrol leaded","Passenger Vehicles",63,,
,,"Light Commercial Vehicles",58,,
,"Petrol unleaded","Passenger Vehicles",2191,,
,,"Light Commercial Vehicles",438,,
,"LPG/Other gases","Passenger Vehicles",7,,
,,"Light Commercial Vehicles",12,,
,"Dual fuel","Passenger Vehicles",53,,
,,"Light Commercial Vehicles",65,,
,"Other","Passenger Vehicles",0,,
,,"Light Commercial Vehicles",0,,
,"Unknown","Passenger Vehicles",0,,
,,"Light Commercial Vehicles",0,,
"3506","Diesel","Passenger Vehicles",4,,
,,"Light Commercial Vehicles",17,,
,"Electric","Passenger Vehicles",0,,
,,"Light Commercial Vehicles",0,,
,"Petrol leaded","Passenger Vehicles",0,,
,,"Light Commercial Vehicles",0,,
,"Petrol unleaded","Passenger Vehicles",10,,
,,"Light Commercial Vehicles",3,,
,"LPG/Other gases","Passenger Vehicles",0,,
,,"Light Commercial Vehicles",0,,
,"Dual fuel","Passenger Vehicles",0,,
,,"Light Commercial Vehicles",0,,
,"Other","Passenger Vehicles",0,,
,,"Light Commercial Vehicles",0,,
,"Unknown","Passenger Vehicles",0,,
,,"Light Commercial Vehicles",0,,
"3507","Diesel","Passenger Vehicles",22,,
,,"Light Commercial Vehicles",51,,
,"Electric","Passenger Vehicles",0,,
,,"Light Commercial Vehicles",0,,
,"Petrol leaded","Passenger Vehicles",3,,
,,"Light Commercial Vehicles",5,,
,"Petrol unleaded","Passenger Vehicles",75,,
,,"Light Commercial Vehicles",11,,
,"LPG/Other gases","Passenger Vehicles",0,,
,,"Light Commercial Vehicles",0,,
,"Dual fuel","Passenger Vehicles",0,,
,,"Light Commercial Vehicles",0,,
,"Other","Passenger Vehicles",0,,
,,"Light Commercial Vehicles",0,,
,"Unknown","Passenger Vehicles",0,,
,,"Light Commercial Vehicles",0,,
"3509","Diesel","Passenger Vehicles",26,,
,,"Light Commercial Vehicles",106,,
,"Electric","Passenger Vehicles",0,,
,,"Light Commercial Vehicles",0,,
,"Petrol leaded","Passenger Vehicles",0,,
,,"Light Commercial Vehicles",3,,
,"Petrol unleaded","Passenger Vehicles",111,,
,,"Light Commercial Vehicles",20,,
,"LPG/Other gases","Passenger Vehicles",0,,
,,"Light Commercial Vehicles",0,,
,"Dual fuel","Passenger Vehicles",0,,
,,"Light Commercial Vehicles",0,,
,"Other","Passenger Vehicles",0,,
,,"Light Commercial Vehicles",0,,
,"Unknown","Passenger Vehicles",0,,
,,"Light Commercial Vehicles",0,,
"3512","Diesel","Passenger Vehicles",45,,
,,"Light Commercial Vehicles",156,,
,"Electric","Passenger Vehicles",0,,
,,"Light Commercial Vehicles",0,,
,"Petrol leaded","Passenger Vehicles",14,,
,,"Light Commercial Vehicles",12,,
,"Petrol unleaded","Passenger Vehicles",149,,
,,"Light Commercial Vehicles",25,,
,"LPG/Other gases","Passenger Vehicles",0,,
,,"Light Commercial Vehicles",0,,
,"Dual fuel","Passenger Vehicles",0,,
,,"Light Commercial Vehicles",3,,
,"Other","Passenger Vehicles",0,,
,,"Light Commercial Vehicles",0,,
,"Unknown","Passenger Vehicles",0,,
,,"Light Commercial Vehicles",0,,
"3515","Diesel","Passenger Vehicles",170,,
,,"Light Commercial Vehicles",364,,
,"Electric","Passenger Vehicles",0,,
,,"Light Commercial Vehicles",0,,
,"Petrol leaded","Passenger Vehicles",27,,
,,"Light Commercial Vehicles",13,,
,"Petrol unleaded","Passenger Vehicles",939,,
,,"Light Commercial Vehicles",132,,
,"LPG/Other gases","Passenger Vehicles",13,,
,,"Light Commercial Vehicles",7,,
,"Dual fuel","Passenger Vehicles",42,,
,,"Light Commercial Vehicles",26,,
,"Other","Passenger Vehicles",0,,
,,"Light Commercial Vehicles",0,,
,"Unknown","Passenger Vehicles",0,,
,,"Light Commercial Vehicles",0,,
"3516","Diesel","Passenger Vehicles",75,,
,,"Light Commercial Vehicles",168,,
,"Electric","Passenger Vehicles",0,,
,,"Light Commercial Vehicles",0,,
,"Petrol leaded","Passenger Vehicles",8,,
,,"Light Commercial Vehicles",11,,
,"Petrol unleaded","Passenger Vehicles",330,,
,,"Light Commercial Vehicles",71,,
,"LPG/Other gases","Passenger Vehicles",3,,
,,"Light Commercial Vehicles",10,,
,"Dual fuel","Passenger Vehicles",12,,
,,"Light Commercial Vehicles",11,,
,"Other","Passenger Vehicles",0,,
,,"Light Commercial Vehicles",0,,
,"Unknown","Passenger Vehicles",0,,
,,"Light Commercial Vehicles",0,,
"3517","Diesel","Passenger Vehicles",140,,
,,"Light Commercial Vehicles",277,,
,"Electric","Passenger Vehicles",0,,
,,"Light Commercial Vehicles",0,,
,"Petrol leaded","Passenger Vehicles",22,,
,,"Light Commercial Vehicles",19,,
,"Petrol unleaded","Passenger Vehicles",714,,
,,"Light Commercial Vehicles",140,,
,"LPG/Other gases","Passenger Vehicles",11,,
,,"Light Commercial Vehicles",5,,
,"Dual fuel","Passenger Vehicles",39,,
,,"Light Commercial Vehicles",31,,
,"Other","Passenger Vehicles",0,,
,,"Light Commercial Vehicles",0,,
,"Unknown","Passenger Vehicles",0,,
,,"Light Commercial Vehicles",0,,
"3518","Diesel","Passenger Vehicles",128,,
,,"Light Commercial Vehicles",308,,
,"Electric","Passenger Vehicles",0,,
,,"Light Commercial Vehicles",0,,
,"Petrol leaded","Passenger Vehicles",32,,
,,"Light Commercial Vehicles",23,,
,"Petrol unleaded","Passenger Vehicles",695,,
,,"Light Commercial Vehicles",134,,
,"LPG/Other gases","Passenger Vehicles",6,,
,,"Light Commercial Vehicles",8,,
,"Dual fuel","Passenger Vehicles",56,,
,,"Light Commercial Vehicles",31,,
,"Other","Passenger Vehicles",0,,
,,"Light Commercial Vehicles",0,,
,"Unknown","Passenger Vehicles",0,,
,,"Light Commercial Vehicles",0,,
"3520","Diesel","Passenger Vehicles",4,,
,,"Light Commercial Vehicles",24,,
,"Electric","Passenger Vehicles",0,,
,,"Light Commercial Vehicles",0,,
,"Petrol leaded","Passenger Vehicles",0,,
,,"Light Commercial Vehicles",3,,
,"Petrol unleaded","Passenger Vehicles",109,,
,,"Light Commercial Vehicles",20,,
,"LPG/Other gases","Passenger Vehicles",0,,
,,"Light Commercial Vehicles",3,,
,"Dual fuel","Passenger Vehicles",14,,
,,"Light Commercial Vehicles",6,,
,"Other","Passenger Vehicles",0,,
,,"Light Commercial Vehicles",0,,
,"Unknown","Passenger Vehicles",0,,
,,"Light Commercial Vehicles",0,,
"3521","Diesel","Passenger Vehicles",72,,
,,"Light Commercial Vehicles",165,,
,"Electric","Passenger Vehicles",0,,
,,"Light Commercial Vehicles",0,,
,"Petrol leaded","Passenger Vehicles",8,,
,,"Light Commercial Vehicles",7,,
,"Petrol unleaded","Passenger Vehicles",313,,
,,"Light Commercial Vehicles",54,,
,"LPG/Other gases","Passenger Vehicles",0,,
,,"Light Commercial Vehicles",8,,
,"Dual fuel","Passenger Vehicles",28,,
,,"Light Commercial Vehicles",11,,
,"Other","Passenger Vehicles",0,,
,,"Light Commercial Vehicles",0,,
,"Unknown","Passenger Vehicles",0,,
,,"Light Commercial Vehicles",0,,
"3522","Diesel","Passenger Vehicles",46,,
,,"Light Commercial Vehicles",83,,
,"Electric","Passenger Vehicles",0,,
,,"Light Commercial Vehicles",0,,
,"Petrol leaded","Passenger Vehicles",10,,
,,"Light Commercial Vehicles",8,,
,"Petrol unleaded","Passenger Vehicles",146,,
,,"Light Commercial Vehicles",30,,
,"LPG/Other gases","Passenger Vehicles",3,,
,,"Light Commercial Vehicles",5,,
,"Dual fuel","Passenger Vehicles",7,,
,,"Light Commercial Vehicles",4,,
,"Other","Passenger Vehicles",0,,
,,"Light Commercial Vehicles",0,,
,"Unknown","Passenger Vehicles",0,,
,,"Light Commercial Vehicles",0,,
"3523","Diesel","Passenger Vehicles",353,,
,,"Light Commercial Vehicles",642,,
,"Electric","Passenger Vehicles",0,,
,,"Light Commercial Vehicles",0,,
,"Petrol leaded","Passenger Vehicles",71,,
,,"Light Commercial Vehicles",69,,
,"Petrol unleaded","Passenger Vehicles",2098,,
,,"Light Commercial Vehicles",416,,
,"LPG/Other gases","Passenger Vehicles",36,,
,,"Light Commercial Vehicles",51,,
,"Dual fuel","Passenger Vehicles",120,,
,,"Light Commercial Vehicles",91,,
,"Other","Passenger Vehicles",0,,
,,"Light Commercial Vehicles",0,,
,"Unknown","Passenger Vehicles",0,,
,,"Light Commercial Vehicles",0,,
"3525","Diesel","Passenger Vehicles",116,,
,,"Light Commercial Vehicles",286,,
,"Electric","Passenger Vehicles",0,,
,,"Light Commercial Vehicles",0,,
,"Petrol leaded","Passenger Vehicles",13,,
,,"Light Commercial Vehicles",17,,
,"Petrol unleaded","Passenger Vehicles",635,,
,,"Light Commercial Vehicles",122,,
,"LPG/Other gases","Passenger Vehicles",3,,
,,"Light Commercial Vehicles",4,,
,"Dual fuel","Passenger Vehicles",42,,
,,"Light Commercial Vehicles",21,,
,"Other","Passenger Vehicles",0,,
,,"Light Commercial Vehicles",0,,
,"Unknown","Passenger Vehicles",0,,
,,"Light Commercial Vehicles",0,,
"3527","Diesel","Passenger Vehicles",99,,
,,"Light Commercial Vehicles",196,,
,"Electric","Passenger Vehicles",0,,
,,"Light Commercial Vehicles",0,,
,"Petrol leaded","Passenger Vehicles",3,,
,,"Light Commercial Vehicles",10,,
,"Petrol unleaded","Passenger Vehicles",352,,
,,"Light Commercial Vehicles",84,,
,"LPG/Other gases","Passenger Vehicles",0,,
,,"Light Commercial Vehicles",0,,
,"Dual fuel","Passenger Vehicles",11,,
,,"Light Commercial Vehicles",9,,
,"Other","Passenger Vehicles",0,,
,,"Light Commercial Vehicles",0,,
,"Unknown","Passenger Vehicles",0,,
,,"Light Commercial Vehicles",0,,
"3529","Diesel","Passenger Vehicles",22,,
,,"Light Commercial Vehicles",54,,
,"Electric","Passenger Vehicles",0,,
,,"Light Commercial Vehicles",0,,
,"Petrol leaded","Passenger Vehicles",0,,
,,"Light Commercial Vehicles",4,,
,"Petrol unleaded","Passenger Vehicles",44,,
,,"Light Commercial Vehicles",8,,
,"LPG/Other gases","Passenger Vehicles",0,,
,,"Light Commercial Vehicles",0,,
,"Dual fuel","Passenger Vehicles",3,,
,,"Light Commercial Vehicles",0,,
,"Other","Passenger Vehicles",0,,
,,"Light Commercial Vehicles",0,,
,"Unknown","Passenger Vehicles",0,,
,,"Light Commercial Vehicles",0,,
"3530","Diesel","Passenger Vehicles",24,,
,,"Light Commercial Vehicles",40,,
,"Electric","Passenger Vehicles",0,,
,,"Light Commercial Vehicles",0,,
,"Petrol leaded","Passenger Vehicles",0,,
,,"Light Commercial Vehicles",3,,
,"Petrol unleaded","Passenger Vehicles",62,,
,,"Light Commercial Vehicles",17,,
,"LPG/Other gases","Passenger Vehicles",0,,
,,"Light Commercial Vehicles",0,,
,"Dual fuel","Passenger Vehicles",3,,
,,"Light Commercial Vehicles",0,,
,"Other","Passenger Vehicles",0,,
,,"Light Commercial Vehicles",0,,
,"Unknown","Passenger Vehicles",0,,
,,"Light Commercial Vehicles",0,,
"3531","Diesel","Passenger Vehicles",27,,
,,"Light Commercial Vehicles",65,,
,"Electric","Passenger Vehicles",0,,
,,"Light Commercial Vehicles",0,,
,"Petrol leaded","Passenger Vehicles",3,,
,,"Light Commercial Vehicles",6,,
,"Petrol unleaded","Passenger Vehicles",109,,
,,"Light Commercial Vehicles",15,,
,"LPG/Other gases","Passenger Vehicles",0,,
,,"Light Commercial Vehicles",0,,
,"Dual fuel","Passenger Vehicles",3,,
,,"Light Commercial Vehicles",5,,
,"Other","Passenger Vehicles",0,,
,,"Light Commercial Vehicles",0,,
,"Unknown","Passenger Vehicles",0,,
,,"Light Commercial Vehicles",0,,
"3533","Diesel","Passenger Vehicles",98,,
,,"Light Commercial Vehicles",232,,
,"Electric","Passenger Vehicles",0,,
,,"Light Commercial Vehicles",0,,
,"Petrol leaded","Passenger Vehicles",9,,
,,"Light Commercial Vehicles",16,,
,"Petrol unleaded","Passenger Vehicles",382,,
,,"Light Commercial Vehicles",44,,
,"LPG/Other gases","Passenger Vehicles",5,,
,,"Light Commercial Vehicles",0,,
,"Dual fuel","Passenger Vehicles",14,,
,,"Light Commercial Vehicles",5,,
,"Other","Passenger Vehicles",0,,
,,"Light Commercial Vehicles",0,,
,"Unknown","Passenger Vehicles",0,,
,,"Light Commercial Vehicles",0,,
"3537","Diesel","Passenger Vehicles",128,,
,,"Light Commercial Vehicles",236,,
,"Electric","Passenger Vehicles",0,,
,,"Light Commercial Vehicles",0,,
,"Petrol leaded","Passenger Vehicles",8,,
,,"Light Commercial Vehicles",7,,
,"Petrol unleaded","Passenger Vehicles",478,,
,,"Light Commercial Vehicles",84,,
,"LPG/Other gases","Passenger Vehicles",3,,
,,"Light Commercial Vehicles",3,,
,"Dual fuel","Passenger Vehicles",13,,
,,"Light Commercial Vehicles",12,,
,"Other","Passenger Vehicles",0,,
,,"Light Commercial Vehicles",0,,
,"Unknown","Passenger Vehicles",0,,
,,"Light Commercial Vehicles",0,,
"3539","Diesel","Passenger Vehicles",9,,
,,"Light Commercial Vehicles",15,,
,"Electric","Passenger Vehicles",0,,
,,"Light Commercial Vehicles",0,,
,"Petrol leaded","Passenger Vehicles",3,,
,,"Light Commercial Vehicles",3,,
,"Petrol unleaded","Passenger Vehicles",40,,
,,"Light Commercial Vehicles",8,,
,"LPG/Other gases","Passenger Vehicles",0,,
,,"Light Commercial Vehicles",3,,
,"Dual fuel","Passenger Vehicles",0,,
,,"Light Commercial Vehicles",0,,
,"Other","Passenger Vehicles",0,,
,,"Light Commercial Vehicles",0,,
,"Unknown","Passenger Vehicles",0,,
,,"Light Commercial Vehicles",0,,
"3540","Diesel","Passenger Vehicles",43,,
,,"Light Commercial Vehicles",98,,
,"Electric","Passenger Vehicles",0,,
,,"Light Commercial Vehicles",0,,
,"Petrol leaded","Passenger Vehicles",3,,
,,"Light Commercial Vehicles",6,,
,"Petrol unleaded","Passenger Vehicles",139,,
,,"Light Commercial Vehicles",27,,
,"LPG/Other gases","Passenger Vehicles",3,,
,,"Light Commercial Vehicles",3,,
,"Dual fuel","Passenger Vehicles",8,,
,,"Light Commercial Vehicles",3,,
,"Other","Passenger Vehicles",0,,
,,"Light Commercial Vehicles",0,,
,"Unknown","Passenger Vehicles",0,,
,,"Light Commercial Vehicles",0,,
"3542","Diesel","Passenger Vehicles",26,,
,,"Light Commercial Vehicles",62,,
,"Electric","Passenger Vehicles",0,,
,,"Light Commercial Vehicles",0,,
,"Petrol leaded","Passenger Vehicles",0,,
,,"Light Commercial Vehicles",7,,
,"Petrol unleaded","Passenger Vehicles",78,,
,,"Light Commercial Vehicles",19,,
,"LPG/Other gases","Passenger Vehicles",0,,
,,"Light Commercial Vehicles",0,,
,"Dual fuel","Passenger Vehicles",0,,
,,"Light Commercial Vehicles",0,,
,"Other","Passenger Vehicles",0,,
,,"Light Commercial Vehicles",0,,
,"Unknown","Passenger Vehicles",0,,
,,"Light Commercial Vehicles",0,,
"3544","Diesel","Passenger Vehicles",41,,
,,"Light Commercial Vehicles",88,,
,"Electric","Passenger Vehicles",0,,
,,"Light Commercial Vehicles",0,,
,"Petrol leaded","Passenger Vehicles",3,,
,,"Light Commercial Vehicles",7,,
,"Petrol unleaded","Passenger Vehicles",101,,
,,"Light Commercial Vehicles",24,,
,"LPG/Other gases","Passenger Vehicles",0,,
,,"Light Commercial Vehicles",0,,
,"Dual fuel","Passenger Vehicles",5,,
,,"Light Commercial Vehicles",3,,
,"Other","Passenger Vehicles",0,,
,,"Light Commercial Vehicles",0,,
,"Unknown","Passenger Vehicles",0,,
,,"Light Commercial Vehicles",0,,
"3546","Diesel","Passenger Vehicles",77,,
,,"Light Commercial Vehicles",183,,
,"Electric","Passenger Vehicles",0,,
,,"Light Commercial Vehicles",0,,
,"Petrol leaded","Passenger Vehicles",3,,
,,"Light Commercial Vehicles",8,,
,"Petrol unleaded","Passenger Vehicles",183,,
,,"Light Commercial Vehicles",38,,
,"LPG/Other gases","Passenger Vehicles",0,,
,,"Light Commercial Vehicles",0,,
,"Dual fuel","Passenger Vehicles",9,,
,,"Light Commercial Vehicles",3,,
,"Other","Passenger Vehicles",0,,
,,"Light Commercial Vehicles",0,,
,"Unknown","Passenger Vehicles",0,,
,,"Light Commercial Vehicles",0,,
"3549","Diesel","Passenger Vehicles",394,,
,,"Light Commercial Vehicles",956,,
,"Electric","Passenger Vehicles",0,,
,,"Light Commercial Vehicles",3,,
,"Petrol leaded","Passenger Vehicles",54,,
,,"Light Commercial Vehicles",29,,
,"Petrol unleaded","Passenger Vehicles",2145,,
,,"Light Commercial Vehicles",212,,
,"LPG/Other gases","Passenger Vehicles",13,,
,,"Light Commercial Vehicles",13,,
,"Dual fuel","Passenger Vehicles",61,,
,,"Light Commercial Vehicles",10,,
,"Other","Passenger Vehicles",0,,
,,"Light Commercial Vehicles",0,,
,"Unknown","Passenger Vehicles",0,,
,,"Light Commercial Vehicles",0,,
"3550","Diesel","Passenger Vehicles",2831,,
,,"Light Commercial Vehicles",3449,,
,"Electric","Passenger Vehicles",12,,
,,"Light Commercial Vehicles",0,,
,"Petrol leaded","Passenger Vehicles",430,,
,,"Light Commercial Vehicles",179,,
,"Petrol unleaded","Passenger Vehicles",21794,,
,,"Light Commercial Vehicles",1959,,
,"LPG/Other gases","Passenger Vehicles",139,,
,,"Light Commercial Vehicles",229,,
,"Dual fuel","Passenger Vehicles",555,,
,,"Light Commercial Vehicles",271,,
,"Other","Passenger Vehicles",31,,
,,"Light Commercial Vehicles",0,,
,"Unknown","Passenger Vehicles",0,,
,,"Light Commercial Vehicles",0,,
"3551","Diesel","Passenger Vehicles",3178,,
,,"Light Commercial Vehicles",4530,,
,"Electric","Passenger Vehicles",3,,
,,"Light Commercial Vehicles",0,,
,"Petrol leaded","Passenger Vehicles",402,,
,,"Light Commercial Vehicles",183,,
,"Petrol unleaded","Passenger Vehicles",15523,,
,,"Light Commercial Vehicles",1886,,
,"LPG/Other gases","Passenger Vehicles",140,,
,,"Light Commercial Vehicles",176,,
,"Dual fuel","Passenger Vehicles",522,,
,,"Light Commercial Vehicles",284,,
,"Other","Passenger Vehicles",11,,
,,"Light Commercial Vehicles",0,,
,"Unknown","Passenger Vehicles",0,,
,,"Light Commercial Vehicles",0,,
"3552","Diesel","Passenger Vehicles",7,,
,,"Light Commercial Vehicles",24,,
,"Electric","Passenger Vehicles",0,,
,,"Light Commercial Vehicles",0,,
,"Petrol leaded","Passenger Vehicles",0,,
,,"Light Commercial Vehicles",0,,
,"Petrol unleaded","Passenger Vehicles",250,,
,,"Light Commercial Vehicles",14,,
,"LPG/Other gases","Passenger Vehicles",0,,
,,"Light Commercial Vehicles",0,,
,"Dual fuel","Passenger Vehicles",0,,
,,"Light Commercial Vehicles",0,,
,"Other","Passenger Vehicles",0,,
,,"Light Commercial Vehicles",0,,
,"Unknown","Passenger Vehicles",0,,
,,"Light Commercial Vehicles",0,,
"3554","Diesel","Passenger Vehicles",0,,
,,"Light Commercial Vehicles",0,,
,"Electric","Passenger Vehicles",0,,
,,"Light Commercial Vehicles",0,,
,"Petrol leaded","Passenger Vehicles",0,,
,,"Light Commercial Vehicles",0,,
,"Petrol unleaded","Passenger Vehicles",0,,
,,"Light Commercial Vehicles",0,,
,"LPG/Other gases","Passenger Vehicles",0,,
,,"Light Commercial Vehicles",0,,
,"Dual fuel","Passenger Vehicles",0,,
,,"Light Commercial Vehicles",0,,
,"Other","Passenger Vehicles",0,,
,,"Light Commercial Vehicles",0,,
,"Unknown","Passenger Vehicles",0,,
,,"Light Commercial Vehicles",0,,
"3555","Diesel","Passenger Vehicles",1187,,
,,"Light Commercial Vehicles",1647,,
,"Electric","Passenger Vehicles",0,,
,,"Light Commercial Vehicles",0,,
,"Petrol leaded","Passenger Vehicles",200,,
,,"Light Commercial Vehicles",98,,
,"Petrol unleaded","Passenger Vehicles",10632,,
,,"Light Commercial Vehicles",995,,
,"LPG/Other gases","Passenger Vehicles",78,,
,,"Light Commercial Vehicles",73,,
,"Dual fuel","Passenger Vehicles",344,,
,,"Light Commercial Vehicles",143,,
,"Other","Passenger Vehicles",6,,
,,"Light Commercial Vehicles",0,,
,"Unknown","Passenger Vehicles",0,,
,,"Light Commercial Vehicles",0,,
"3556","Diesel","Passenger Vehicles",728,,
,,"Light Commercial Vehicles",1276,,
,"Electric","Passenger Vehicles",0,,
,,"Light Commercial Vehicles",0,,
,"Petrol leaded","Passenger Vehicles",173,,
,,"Light Commercial Vehicles",90,,
,"Petrol unleaded","Passenger Vehicles",6848,,
,,"Light Commercial Vehicles",801,,
,"LPG/Other gases","Passenger Vehicles",69,,
,,"Light Commercial Vehicles",74,,
,"Dual fuel","Passenger Vehicles",284,,
,,"Light Commercial Vehicles",150,,
,"Other","Passenger Vehicles",3,,
,,"Light Commercial Vehicles",0,,
,"Unknown","Passenger Vehicles",0,,
,,"Light Commercial Vehicles",0,,
"3557","Diesel","Passenger Vehicles",107,,
,,"Light Commercial Vehicles",258,,
,"Electric","Passenger Vehicles",0,,
,,"Light Commercial Vehicles",0,,
,"Petrol leaded","Passenger Vehicles",18,,
,,"Light Commercial Vehicles",10,,
,"Petrol unleaded","Passenger Vehicles",365,,
,,"Light Commercial Vehicles",75,,
,"LPG/Other gases","Passenger Vehicles",3,,
,,"Light Commercial Vehicles",3,,
,"Dual fuel","Passenger Vehicles",20,,
,,"Light Commercial Vehicles",18,,
,"Other","Passenger Vehicles",0,,
,,"Light Commercial Vehicles",0,,
,"Unknown","Passenger Vehicles",0,,
,,"Light Commercial Vehicles",0,,
"3558","Diesel","Passenger Vehicles",110,,
,,"Light Commercial Vehicles",237,,
,"Electric","Passenger Vehicles",0,,
,,"Light Commercial Vehicles",0,,
,"Petrol leaded","Passenger Vehicles",20,,
,,"Light Commercial Vehicles",15,,
,"Petrol unleaded","Passenger Vehicles",472,,
,,"Light Commercial Vehicles",91,,
,"LPG/Other gases","Passenger Vehicles",5,,
,,"Light Commercial Vehicles",9,,
,"Dual fuel","Passenger Vehicles",23,,
,,"Light Commercial Vehicles",11,,
,"Other","Passenger Vehicles",0,,
,,"Light Commercial Vehicles",0,,
,"Unknown","Passenger Vehicles",0,,
,,"Light Commercial Vehicles",0,,
"3559","Diesel","Passenger Vehicles",66,,
,,"Light Commercial Vehicles",140,,
,"Electric","Passenger Vehicles",0,,
,,"Light Commercial Vehicles",0,,
,"Petrol leaded","Passenger Vehicles",15,,
,,"Light Commercial Vehicles",5,,
,"Petrol unleaded","Passenger Vehicles",253,,
,,"Light Commercial Vehicles",52,,
,"LPG/Other gases","Passenger Vehicles",0,,
,,"Light Commercial Vehicles",3,,
,"Dual fuel","Passenger Vehicles",3,,
,,"Light Commercial Vehicles",9,,
,"Other","Passenger Vehicles",0,,
,,"Light Commercial Vehicles",0,,
,"Unknown","Passenger Vehicles",0,,
,,"Light Commercial Vehicles",0,,
"3561","Diesel","Passenger Vehicles",545,,
,,"Light Commercial Vehicles",1005,,
,"Electric","Passenger Vehicles",0,,
,,"Light Commercial Vehicles",0,,
,"Petrol leaded","Passenger Vehicles",58,,
,,"Light Commercial Vehicles",45,,
,"Petrol unleaded","Passenger Vehicles",2188,,
,,"Light Commercial Vehicles",344,,
,"LPG/Other gases","Passenger Vehicles",9,,
,,"Light Commercial Vehicles",28,,
,"Dual fuel","Passenger Vehicles",72,,
,,"Light Commercial Vehicles",45,,
,"Other","Passenger Vehicles",0,,
,,"Light Commercial Vehicles",0,,
,"Unknown","Passenger Vehicles",0,,
,,"Light Commercial Vehicles",0,,
"3562","Diesel","Passenger Vehicles",54,,
,,"Light Commercial Vehicles",99,,
,"Electric","Passenger Vehicles",0,,
,,"Light Commercial Vehicles",0,,
,"Petrol leaded","Passenger Vehicles",8,,
,,"Light Commercial Vehicles",6,,
,"Petrol unleaded","Passenger Vehicles",150,,
,,"Light Commercial Vehicles",36,,
,"LPG/Other gases","Passenger Vehicles",3,,
,,"Light Commercial Vehicles",3,,
,"Dual fuel","Passenger Vehicles",6,,
,,"Light Commercial Vehicles",5,,
,"Other","Passenger Vehicles",0,,
,,"Light Commercial Vehicles",0,,
,"Unknown","Passenger Vehicles",0,,
,,"Light Commercial Vehicles",0,,
"3563","Diesel","Passenger Vehicles",96,,
,,"Light Commercial Vehicles",194,,
,"Electric","Passenger Vehicles",0,,
,,"Light Commercial Vehicles",0,,
,"Petrol leaded","Passenger Vehicles",13,,
,,"Light Commercial Vehicles",10,,
,"Petrol unleaded","Passenger Vehicles",364,,
,,"Light Commercial Vehicles",58,,
,"LPG/Other gases","Passenger Vehicles",3,,
,,"Light Commercial Vehicles",3,,
,"Dual fuel","Passenger Vehicles",15,,
,,"Light Commercial Vehicles",5,,
,"Other","Passenger Vehicles",0,,
,,"Light Commercial Vehicles",0,,
,"Unknown","Passenger Vehicles",0,,
,,"Light Commercial Vehicles",0,,
"3564","Diesel","Passenger Vehicles",1880,,
,,"Light Commercial Vehicles",2974,,
,"Electric","Passenger Vehicles",0,,
,,"Light Commercial Vehicles",0,,
,"Petrol leaded","Passenger Vehicles",230,,
,,"Light Commercial Vehicles",138,,
,"Petrol unleaded","Passenger Vehicles",8774,,
,,"Light Commercial Vehicles",1252,,
,"LPG/Other gases","Passenger Vehicles",69,,
,,"Light Commercial Vehicles",86,,
,"Dual fuel","Passenger Vehicles",199,,
,,"Light Commercial Vehicles",122,,
,"Other","Passenger Vehicles",3,,
,,"Light Commercial Vehicles",0,,
,"Unknown","Passenger Vehicles",0,,
,,"Light Commercial Vehicles",0,,
"3565","Diesel","Passenger Vehicles",11,,
,,"Light Commercial Vehicles",19,,
,"Electric","Passenger Vehicles",0,,
,,"Light Commercial Vehicles",0,,
,"Petrol leaded","Passenger Vehicles",0,,
,,"Light Commercial Vehicles",0,,
,"Petrol unleaded","Passenger Vehicles",46,,
,,"Light Commercial Vehicles",4,,
,"LPG/Other gases","Passenger Vehicles",0,,
,,"Light Commercial Vehicles",0,,
,"Dual fuel","Passenger Vehicles",3,,
,,"Light Commercial Vehicles",3,,
,"Other","Passenger Vehicles",0,,
,,"Light Commercial Vehicles",0,,
,"Unknown","Passenger Vehicles",0,,
,,"Light Commercial Vehicles",0,,
"3566","Diesel","Passenger Vehicles",50,,
,,"Light Commercial Vehicles",159,,
,"Electric","Passenger Vehicles",0,,
,,"Light Commercial Vehicles",0,,
,"Petrol leaded","Passenger Vehicles",8,,
,,"Light Commercial Vehicles",9,,
,"Petrol unleaded","Passenger Vehicles",268,,
,,"Light Commercial Vehicles",55,,
,"LPG/Other gases","Passenger Vehicles",3,,
,,"Light Commercial Vehicles",3,,
,"Dual fuel","Passenger Vehicles",0,,
,,"Light Commercial Vehicles",7,,
,"Other","Passenger Vehicles",0,,
,,"Light Commercial Vehicles",0,,
,"Unknown","Passenger Vehicles",0,,
,,"Light Commercial Vehicles",0,,
"3567","Diesel","Passenger Vehicles",67,,
,,"Light Commercial Vehicles",218,,
,"Electric","Passenger Vehicles",0,,
,,"Light Commercial Vehicles",0,,
,"Petrol leaded","Passenger Vehicles",9,,
,,"Light Commercial Vehicles",5,,
,"Petrol unleaded","Passenger Vehicles",371,,
,,"Light Commercial Vehicles",62,,
,"LPG/Other gases","Passenger Vehicles",3,,
,,"Light Commercial Vehicles",3,,
,"Dual fuel","Passenger Vehicles",3,,
,,"Light Commercial Vehicles",9,,
,"Other","Passenger Vehicles",0,,
,,"Light Commercial Vehicles",0,,
,"Unknown","Passenger Vehicles",0,,
,,"Light Commercial Vehicles",0,,
"3568","Diesel","Passenger Vehicles",372,,
,,"Light Commercial Vehicles",812,,
,"Electric","Passenger Vehicles",0,,
,,"Light Commercial Vehicles",0,,
,"Petrol leaded","Passenger Vehicles",46,,
,,"Light Commercial Vehicles",19,,
,"Petrol unleaded","Passenger Vehicles",1425,,
,,"Light Commercial Vehicles",268,,
,"LPG/Other gases","Passenger Vehicles",9,,
,,"Light Commercial Vehicles",10,,
,"Dual fuel","Passenger Vehicles",34,,
,,"Light Commercial Vehicles",27,,
,"Other","Passenger Vehicles",3,,
,,"Light Commercial Vehicles",0,,
,"Unknown","Passenger Vehicles",0,,
,,"Light Commercial Vehicles",0,,
"3570","Diesel","Passenger Vehicles",83,,
,,"Light Commercial Vehicles",174,,
,"Electric","Passenger Vehicles",0,,
,,"Light Commercial Vehicles",0,,
,"Petrol leaded","Passenger Vehicles",16,,
,,"Light Commercial Vehicles",12,,
,"Petrol unleaded","Passenger Vehicles",336,,
,,"Light Commercial Vehicles",72,,
,"LPG/Other gases","Passenger Vehicles",3,,
,,"Light Commercial Vehicles",3,,
,"Dual fuel","Passenger Vehicles",23,,
,,"Light Commercial Vehicles",26,,
,"Other","Passenger Vehicles",0,,
,,"Light Commercial Vehicles",0,,
,"Unknown","Passenger Vehicles",0,,
,,"Light Commercial Vehicles",0,,
"3571","Diesel","Passenger Vehicles",47,,
,,"Light Commercial Vehicles",97,,
,"Electric","Passenger Vehicles",0,,
,,"Light Commercial Vehicles",0,,
,"Petrol leaded","Passenger Vehicles",5,,
,,"Light Commercial Vehicles",5,,
,"Petrol unleaded","Passenger Vehicles",148,,
,,"Light Commercial Vehicles",32,,
,"LPG/Other gases","Passenger Vehicles",3,,
,,"Light Commercial Vehicles",3,,
,"Dual fuel","Passenger Vehicles",9,,
,,"Light Commercial Vehicles",11,,
,"Other","Passenger Vehicles",0,,
,,"Light Commercial Vehicles",0,,
,"Unknown","Passenger Vehicles",0,,
,,"Light Commercial Vehicles",0,,
"3572","Diesel","Passenger Vehicles",31,,
,,"Light Commercial Vehicles",76,,
,"Electric","Passenger Vehicles",0,,
,,"Light Commercial Vehicles",0,,
,"Petrol leaded","Passenger Vehicles",0,,
,,"Light Commercial Vehicles",0,,
,"Petrol unleaded","Passenger Vehicles",91,,
,,"Light Commercial Vehicles",20,,
,"LPG/Other gases","Passenger Vehicles",0,,
,,"Light Commercial Vehicles",3,,
,"Dual fuel","Passenger Vehicles",4,,
,,"Light Commercial Vehicles",3,,
,"Other","Passenger Vehicles",0,,
,,"Light Commercial Vehicles",0,,
,"Unknown","Passenger Vehicles",0,,
,,"Light Commercial Vehicles",0,,
"3573","Diesel","Passenger Vehicles",43,,
,,"Light Commercial Vehicles",106,,
,"Electric","Passenger Vehicles",0,,
,,"Light Commercial Vehicles",0,,
,"Petrol leaded","Passenger Vehicles",5,,
,,"Light Commercial Vehicles",3,,
,"Petrol unleaded","Passenger Vehicles",136,,
,,"Light Commercial Vehicles",25,,
,"LPG/Other gases","Passenger Vehicles",3,,
,,"Light Commercial Vehicles",0,,
,"Dual fuel","Passenger Vehicles",7,,
,,"Light Commercial Vehicles",11,,
,"Other","Passenger Vehicles",0,,
,,"Light Commercial Vehicles",0,,
,"Unknown","Passenger Vehicles",0,,
,,"Light Commercial Vehicles",0,,
"3575","Diesel","Passenger Vehicles",77,,
,,"Light Commercial Vehicles",180,,
,"Electric","Passenger Vehicles",0,,
,,"Light Commercial Vehicles",0,,
,"Petrol leaded","Passenger Vehicles",7,,
,,"Light Commercial Vehicles",7,,
,"Petrol unleaded","Passenger Vehicles",409,,
,,"Light Commercial Vehicles",75,,
,"LPG/Other gases","Passenger Vehicles",5,,
,,"Light Commercial Vehicles",3,,
,"Dual fuel","Passenger Vehicles",13,,
,,"Light Commercial Vehicles",8,,
,"Other","Passenger Vehicles",0,,
,,"Light Commercial Vehicles",0,,
,"Unknown","Passenger Vehicles",0,,
,,"Light Commercial Vehicles",0,,
"3576","Diesel","Passenger Vehicles",10,,
,,"Light Commercial Vehicles",29,,
,"Electric","Passenger Vehicles",0,,
,,"Light Commercial Vehicles",0,,
,"Petrol leaded","Passenger Vehicles",0,,
,,"Light Commercial Vehicles",0,,
,"Petrol unleaded","Passenger Vehicles",30,,
,,"Light Commercial Vehicles",3,,
,"LPG/Other gases","Passenger Vehicles",3,,
,,"Light Commercial Vehicles",0,,
,"Dual fuel","Passenger Vehicles",0,,
,,"Light Commercial Vehicles",0,,
,"Other","Passenger Vehicles",0,,
,,"Light Commercial Vehicles",0,,
,"Unknown","Passenger Vehicles",0,,
,,"Light Commercial Vehicles",0,,
"3578","Diesel","Passenger Vehicles",0,,
,,"Light Commercial Vehicles",7,,
,"Electric","Passenger Vehicles",0,,
,,"Light Commercial Vehicles",0,,
,"Petrol leaded","Passenger Vehicles",0,,
,,"Light Commercial Vehicles",0,,
,"Petrol unleaded","Passenger Vehicles",8,,
,,"Light Commercial Vehicles",0,,
,"LPG/Other gases","Passenger Vehicles",0,,
,,"Light Commercial Vehicles",0,,
,"Dual fuel","Passenger Vehicles",0,,
,,"Light Commercial Vehicles",3,,
,"Other","Passenger Vehicles",0,,
,,"Light Commercial Vehicles",0,,
,"Unknown","Passenger Vehicles",0,,
,,"Light Commercial Vehicles",0,,
"3579","Diesel","Passenger Vehicles",588,,
,,"Light Commercial Vehicles",1062,,
,"Electric","Passenger Vehicles",0,,
,,"Light Commercial Vehicles",0,,
,"Petrol leaded","Passenger Vehicles",72,,
,,"Light Commercial Vehicles",53,,
,"Petrol unleaded","Passenger Vehicles",2492,,
,,"Light Commercial Vehicles",478,,
,"LPG/Other gases","Passenger Vehicles",17,,
,,"Light Commercial Vehicles",19,,
,"Dual fuel","Passenger Vehicles",84,,
,,"Light Commercial Vehicles",54,,
,"Other","Passenger Vehicles",0,,
,,"Light Commercial Vehicles",0,,
,"Unknown","Passenger Vehicles",0,,
,,"Light Commercial Vehicles",0,,
"3580","Diesel","Passenger Vehicles",106,,
,,"Light Commercial Vehicles",327,,
,"Electric","Passenger Vehicles",0,,
,,"Light Commercial Vehicles",0,,
,"Petrol leaded","Passenger Vehicles",18,,
,,"Light Commercial Vehicles",13,,
,"Petrol unleaded","Passenger Vehicles",521,,
,,"Light Commercial Vehicles",95,,
,"LPG/Other gases","Passenger Vehicles",6,,
,,"Light Commercial Vehicles",3,,
,"Dual fuel","Passenger Vehicles",18,,
,,"Light Commercial Vehicles",12,,
,"Other","Passenger Vehicles",0,,
,,"Light Commercial Vehicles",0,,
,"Unknown","Passenger Vehicles",0,,
,,"Light Commercial Vehicles",0,,
"3581","Diesel","Passenger Vehicles",26,,
,,"Light Commercial Vehicles",67,,
,"Electric","Passenger Vehicles",0,,
,,"Light Commercial Vehicles",0,,
,"Petrol leaded","Passenger Vehicles",3,,
,,"Light Commercial Vehicles",3,,
,"Petrol unleaded","Passenger Vehicles",110,,
,,"Light Commercial Vehicles",29,,
,"LPG/Other gases","Passenger Vehicles",3,,
,,"Light Commercial Vehicles",0,,
,"Dual fuel","Passenger Vehicles",3,,
,,"Light Commercial Vehicles",0,,
,"Other","Passenger Vehicles",0,,
,,"Light Commercial Vehicles",0,,
,"Unknown","Passenger Vehicles",0,,
,,"Light Commercial Vehicles",0,,
"3583","Diesel","Passenger Vehicles",26,,
,,"Light Commercial Vehicles",50,,
,"Electric","Passenger Vehicles",0,,
,,"Light Commercial Vehicles",0,,
,"Petrol leaded","Passenger Vehicles",5,,
,,"Light Commercial Vehicles",6,,
,"Petrol unleaded","Passenger Vehicles",92,,
,,"Light Commercial Vehicles",18,,
,"LPG/Other gases","Passenger Vehicles",3,,
,,"Light Commercial Vehicles",3,,
,"Dual fuel","Passenger Vehicles",6,,
,,"Light Commercial Vehicles",3,,
,"Other","Passenger Vehicles",0,,
,,"Light Commercial Vehicles",0,,
,"Unknown","Passenger Vehicles",0,,
,,"Light Commercial Vehicles",0,,
"3584","Diesel","Passenger Vehicles",116,,
,,"Light Commercial Vehicles",213,,
,"Electric","Passenger Vehicles",0,,
,,"Light Commercial Vehicles",0,,
,"Petrol leaded","Passenger Vehicles",17,,
,,"Light Commercial Vehicles",11,,
,"Petrol unleaded","Passenger Vehicles",551,,
,,"Light Commercial Vehicles",84,,
,"LPG/Other gases","Passenger Vehicles",3,,
,,"Light Commercial Vehicles",3,,
,"Dual fuel","Passenger Vehicles",24,,
,,"Light Commercial Vehicles",11,,
,"Other","Passenger Vehicles",0,,
,,"Light Commercial Vehicles",0,,
,"Unknown","Passenger Vehicles",0,,
,,"Light Commercial Vehicles",0,,
"3585","Diesel","Passenger Vehicles",1221,,
,,"Light Commercial Vehicles",2222,,
,"Electric","Passenger Vehicles",3,,
,,"Light Commercial Vehicles",0,,
,"Petrol leaded","Passenger Vehicles",80,,
,,"Light Commercial Vehicles",79,,
,"Petrol unleaded","Passenger Vehicles",5660,,
,,"Light Commercial Vehicles",726,,
,"LPG/Other gases","Passenger Vehicles",17,,
,,"Light Commercial Vehicles",31,,
,"Dual fuel","Passenger Vehicles",102,,
,,"Light Commercial Vehicles",65,,
,"Other","Passenger Vehicles",0,,
,,"Light Commercial Vehicles",0,,
,"Unknown","Passenger Vehicles",0,,
,,"Light Commercial Vehicles",0,,
"3586","Diesel","Passenger Vehicles",87,,
,,"Light Commercial Vehicles",191,,
,"Electric","Passenger Vehicles",0,,
,,"Light Commercial Vehicles",0,,
,"Petrol leaded","Passenger Vehicles",3,,
,,"Light Commercial Vehicles",13,,
,"Petrol unleaded","Passenger Vehicles",260,,
,,"Light Commercial Vehicles",61,,
,"LPG/Other gases","Passenger Vehicles",0,,
,,"Light Commercial Vehicles",0,,
,"Dual fuel","Passenger Vehicles",5,,
,,"Light Commercial Vehicles",4,,
,"Other","Passenger Vehicles",0,,
,,"Light Commercial Vehicles",0,,
,"Unknown","Passenger Vehicles",0,,
,,"Light Commercial Vehicles",0,,
"3588","Diesel","Passenger Vehicles",35,,
,,"Light Commercial Vehicles",92,,
,"Electric","Passenger Vehicles",0,,
,,"Light Commercial Vehicles",0,,
,"Petrol leaded","Passenger Vehicles",3,,
,,"Light Commercial Vehicles",3,,
,"Petrol unleaded","Passenger Vehicles",163,,
,,"Light Commercial Vehicles",21,,
,"LPG/Other gases","Passenger Vehicles",0,,
,,"Light Commercial Vehicles",0,,
,"Dual fuel","Passenger Vehicles",3,,
,,"Light Commercial Vehicles",5,,
,"Other","Passenger Vehicles",0,,
,,"Light Commercial Vehicles",0,,
,"Unknown","Passenger Vehicles",0,,
,,"Light Commercial Vehicles",0,,
"3589","Diesel","Passenger Vehicles",36,,
,,"Light Commercial Vehicles",115,,
,"Electric","Passenger Vehicles",0,,
,,"Light Commercial Vehicles",0,,
,"Petrol leaded","Passenger Vehicles",4,,
,,"Light Commercial Vehicles",9,,
,"Petrol unleaded","Passenger Vehicles",177,,
,,"Light Commercial Vehicles",57,,
,"LPG/Other gases","Passenger Vehicles",0,,
,,"Light Commercial Vehicles",0,,
,"Dual fuel","Passenger Vehicles",4,,
,,"Light Commercial Vehicles",5,,
,"Other","Passenger Vehicles",0,,
,,"Light Commercial Vehicles",0,,
,"Unknown","Passenger Vehicles",0,,
,,"Light Commercial Vehicles",0,,
"3590","Diesel","Passenger Vehicles",39,,
,,"Light Commercial Vehicles",84,,
,"Electric","Passenger Vehicles",0,,
,,"Light Commercial Vehicles",0,,
,"Petrol leaded","Passenger Vehicles",0,,
,,"Light Commercial Vehicles",7,,
,"Petrol unleaded","Passenger Vehicles",152,,
,,"Light Commercial Vehicles",34,,
,"LPG/Other gases","Passenger Vehicles",0,,
,,"Light Commercial Vehicles",0,,
,"Dual fuel","Passenger Vehicles",3,,
,,"Light Commercial Vehicles",5,,
,"Other","Passenger Vehicles",0,,
,,"Light Commercial Vehicles",0,,
,"Unknown","Passenger Vehicles",0,,
,,"Light Commercial Vehicles",0,,
"3591","Diesel","Passenger Vehicles",32,,
,,"Light Commercial Vehicles",66,,
,"Electric","Passenger Vehicles",0,,
,,"Light Commercial Vehicles",0,,
,"Petrol leaded","Passenger Vehicles",3,,
,,"Light Commercial Vehicles",3,,
,"Petrol unleaded","Passenger Vehicles",82,,
,,"Light Commercial Vehicles",15,,
,"LPG/Other gases","Passenger Vehicles",3,,
,,"Light Commercial Vehicles",0,,
,"Dual fuel","Passenger Vehicles",3,,
,,"Light Commercial Vehicles",3,,
,"Other","Passenger Vehicles",0,,
,,"Light Commercial Vehicles",0,,
,"Unknown","Passenger Vehicles",0,,
,,"Light Commercial Vehicles",0,,
"3594","Diesel","Passenger Vehicles",55,,
,,"Light Commercial Vehicles",140,,
,"Electric","Passenger Vehicles",0,,
,,"Light Commercial Vehicles",0,,
,"Petrol leaded","Passenger Vehicles",3,,
,,"Light Commercial Vehicles",3,,
,"Petrol unleaded","Passenger Vehicles",332,,
,,"Light Commercial Vehicles",76,,
,"LPG/Other gases","Passenger Vehicles",3,,
,,"Light Commercial Vehicles",0,,
,"Dual fuel","Passenger Vehicles",3,,
,,"Light Commercial Vehicles",3,,
,"Other","Passenger Vehicles",0,,
,,"Light Commercial Vehicles",0,,
,"Unknown","Passenger Vehicles",0,,
,,"Light Commercial Vehicles",0,,
"3595","Diesel","Passenger Vehicles",44,,
,,"Light Commercial Vehicles",117,,
,"Electric","Passenger Vehicles",0,,
,,"Light Commercial Vehicles",0,,
,"Petrol leaded","Passenger Vehicles",13,,
,,"Light Commercial Vehicles",10,,
,"Petrol unleaded","Passenger Vehicles",338,,
,,"Light Commercial Vehicles",69,,
,"LPG/Other gases","Passenger Vehicles",0,,
,,"Light Commercial Vehicles",3,,
,"Dual fuel","Passenger Vehicles",17,,
,,"Light Commercial Vehicles",14,,
,"Other","Passenger Vehicles",0,,
,,"Light Commercial Vehicles",0,,
,"Unknown","Passenger Vehicles",0,,
,,"Light Commercial Vehicles",0,,
"3596","Diesel","Passenger Vehicles",14,,
,,"Light Commercial Vehicles",46,,
,"Electric","Passenger Vehicles",0,,
,,"Light Commercial Vehicles",0,,
,"Petrol leaded","Passenger Vehicles",0,,
,,"Light Commercial Vehicles",0,,
,"Petrol unleaded","Passenger Vehicles",49,,
,,"Light Commercial Vehicles",22,,
,"LPG/Other gases","Passenger Vehicles",0,,
,,"Light Commercial Vehicles",0,,
,"Dual fuel","Passenger Vehicles",3,,
,,"Light Commercial Vehicles",3,,
,"Other","Passenger Vehicles",0,,
,,"Light Commercial Vehicles",0,,
,"Unknown","Passenger Vehicles",0,,
,,"Light Commercial Vehicles",0,,
"3597","Diesel","Passenger Vehicles",84,,
,,"Light Commercial Vehicles",200,,
,"Electric","Passenger Vehicles",0,,
,,"Light Commercial Vehicles",0,,
,"Petrol leaded","Passenger Vehicles",4,,
,,"Light Commercial Vehicles",3,,
,"Petrol unleaded","Passenger Vehicles",231,,
,,"Light Commercial Vehicles",37,,
,"LPG/Other gases","Passenger Vehicles",0,,
,,"Light Commercial Vehicles",0,,
,"Dual fuel","Passenger Vehicles",5,,
,,"Light Commercial Vehicles",6,,
,"Other","Passenger Vehicles",0,,
,,"Light Commercial Vehicles",0,,
,"Unknown","Passenger Vehicles",0,,
,,"Light Commercial Vehicles",0,,
"3599","Diesel","Passenger Vehicles",20,,
,,"Light Commercial Vehicles",42,,
,"Electric","Passenger Vehicles",0,,
,,"Light Commercial Vehicles",0,,
,"Petrol leaded","Passenger Vehicles",0,,
,,"Light Commercial Vehicles",3,,
,"Petrol unleaded","Passenger Vehicles",77,,
,,"Light Commercial Vehicles",9,,
,"LPG/Other gases","Passenger Vehicles",0,,
,,"Light Commercial Vehicles",3,,
,"Dual fuel","Passenger Vehicles",3,,
,,"Light Commercial Vehicles",3,,
,"Other","Passenger Vehicles",0,,
,,"Light Commercial Vehicles",0,,
,"Unknown","Passenger Vehicles",0,,
,,"Light Commercial Vehicles",0,,
"3607","Diesel","Passenger Vehicles",10,,
,,"Light Commercial Vehicles",34,,
,"Electric","Passenger Vehicles",0,,
,,"Light Commercial Vehicles",0,,
,"Petrol leaded","Passenger Vehicles",3,,
,,"Light Commercial Vehicles",0,,
,"Petrol unleaded","Passenger Vehicles",54,,
,,"Light Commercial Vehicles",11,,
,"LPG/Other gases","Passenger Vehicles",3,,
,,"Light Commercial Vehicles",3,,
,"Dual fuel","Passenger Vehicles",7,,
,,"Light Commercial Vehicles",3,,
,"Other","Passenger Vehicles",0,,
,,"Light Commercial Vehicles",0,,
,"Unknown","Passenger Vehicles",0,,
,,"Light Commercial Vehicles",0,,
"3608","Diesel","Passenger Vehicles",310,,
,,"Light Commercial Vehicles",497,,
,"Electric","Passenger Vehicles",0,,
,,"Light Commercial Vehicles",0,,
,"Petrol leaded","Passenger Vehicles",33,,
,,"Light Commercial Vehicles",20,,
,"Petrol unleaded","Passenger Vehicles",1281,,
,,"Light Commercial Vehicles",201,,
,"LPG/Other gases","Passenger Vehicles",21,,
,,"Light Commercial Vehicles",26,,
,"Dual fuel","Passenger Vehicles",51,,
,,"Light Commercial Vehicles",42,,
,"Other","Passenger Vehicles",0,,
,,"Light Commercial Vehicles",0,,
,"Unknown","Passenger Vehicles",0,,
,,"Light Commercial Vehicles",0,,
"3610","Diesel","Passenger Vehicles",159,,
,,"Light Commercial Vehicles",269,,
,"Electric","Passenger Vehicles",0,,
,,"Light Commercial Vehicles",0,,
,"Petrol leaded","Passenger Vehicles",19,,
,,"Light Commercial Vehicles",21,,
,"Petrol unleaded","Passenger Vehicles",726,,
,,"Light Commercial Vehicles",116,,
,"LPG/Other gases","Passenger Vehicles",10,,
,,"Light Commercial Vehicles",7,,
,"Dual fuel","Passenger Vehicles",46,,
,,"Light Commercial Vehicles",32,,
,"Other","Passenger Vehicles",0,,
,,"Light Commercial Vehicles",0,,
,"Unknown","Passenger Vehicles",0,,
,,"Light Commercial Vehicles",0,,
"3612","Diesel","Passenger Vehicles",214,,
,,"Light Commercial Vehicles",332,,
,"Electric","Passenger Vehicles",0,,
,,"Light Commercial Vehicles",0,,
,"Petrol leaded","Passenger Vehicles",41,,
,,"Light Commercial Vehicles",31,,
,"Petrol unleaded","Passenger Vehicles",947,,
,,"Light Commercial Vehicles",167,,
,"LPG/Other gases","Passenger Vehicles",14,,
,,"Light Commercial Vehicles",10,,
,"Dual fuel","Passenger Vehicles",56,,
,,"Light Commercial Vehicles",36,,
,"Other","Passenger Vehicles",0,,
,,"Light Commercial Vehicles",0,,
,"Unknown","Passenger Vehicles",0,,
,,"Light Commercial Vehicles",0,,
"3613","Diesel","Passenger Vehicles",0,,
,,"Light Commercial Vehicles",3,,
,"Electric","Passenger Vehicles",0,,
,,"Light Commercial Vehicles",0,,
,"Petrol leaded","Passenger Vehicles",0,,
,,"Light Commercial Vehicles",0,,
,"Petrol unleaded","Passenger Vehicles",5,,
,,"Light Commercial Vehicles",0,,
,"LPG/Other gases","Passenger Vehicles",0,,
,,"Light Commercial Vehicles",0,,
,"Dual fuel","Passenger Vehicles",0,,
,,"Light Commercial Vehicles",0,,
,"Other","Passenger Vehicles",0,,
,,"Light Commercial Vehicles",0,,
,"Unknown","Passenger Vehicles",0,,
,,"Light Commercial Vehicles",0,,
"3614","Diesel","Passenger Vehicles",124,,
,,"Light Commercial Vehicles",210,,
,"Electric","Passenger Vehicles",0,,
,,"Light Commercial Vehicles",0,,
,"Petrol leaded","Passenger Vehicles",27,,
,,"Light Commercial Vehicles",12,,
,"Petrol unleaded","Passenger Vehicles",396,,
,,"Light Commercial Vehicles",53,,
,"LPG/Other gases","Passenger Vehicles",3,,
,,"Light Commercial Vehicles",3,,
,"Dual fuel","Passenger Vehicles",18,,
,,"Light Commercial Vehicles",9,,
,"Other","Passenger Vehicles",0,,
,,"Light Commercial Vehicles",0,,
,"Unknown","Passenger Vehicles",0,,
,,"Light Commercial Vehicles",0,,
"3616","Diesel","Passenger Vehicles",562,,
,,"Light Commercial Vehicles",1086,,
,"Electric","Passenger Vehicles",0,,
,,"Light Commercial Vehicles",0,,
,"Petrol leaded","Passenger Vehicles",98,,
,,"Light Commercial Vehicles",40,,
,"Petrol unleaded","Passenger Vehicles",2761,,
,,"Light Commercial Vehicles",354,,
,"LPG/Other gases","Passenger Vehicles",17,,
,,"Light Commercial Vehicles",17,,
,"Dual fuel","Passenger Vehicles",66,,
,,"Light Commercial Vehicles",44,,
,"Other","Passenger Vehicles",0,,
,,"Light Commercial Vehicles",0,,
,"Unknown","Passenger Vehicles",0,,
,,"Light Commercial Vehicles",0,,
"3617","Diesel","Passenger Vehicles",29,,
,,"Light Commercial Vehicles",31,,
,"Electric","Passenger Vehicles",0,,
,,"Light Commercial Vehicles",0,,
,"Petrol leaded","Passenger Vehicles",0,,
,,"Light Commercial Vehicles",0,,
,"Petrol unleaded","Passenger Vehicles",61,,
,,"Light Commercial Vehicles",5,,
,"LPG/Other gases","Passenger Vehicles",0,,
,,"Light Commercial Vehicles",0,,
,"Dual fuel","Passenger Vehicles",3,,
,,"Light Commercial Vehicles",0,,
,"Other","Passenger Vehicles",0,,
,,"Light Commercial Vehicles",0,,
,"Unknown","Passenger Vehicles",0,,
,,"Light Commercial Vehicles",0,,
"3618","Diesel","Passenger Vehicles",62,,
,,"Light Commercial Vehicles",110,,
,"Electric","Passenger Vehicles",0,,
,,"Light Commercial Vehicles",0,,
,"Petrol leaded","Passenger Vehicles",10,,
,,"Light Commercial Vehicles",9,,
,"Petrol unleaded","Passenger Vehicles",343,,
,,"Light Commercial Vehicles",50,,
,"LPG/Other gases","Passenger Vehicles",6,,
,,"Light Commercial Vehicles",5,,
,"Dual fuel","Passenger Vehicles",12,,
,,"Light Commercial Vehicles",5,,
,"Other","Passenger Vehicles",0,,
,,"Light Commercial Vehicles",0,,
,"Unknown","Passenger Vehicles",0,,
,,"Light Commercial Vehicles",0,,
"3619","Diesel","Passenger Vehicles",3,,
,,"Light Commercial Vehicles",3,,
,"Electric","Passenger Vehicles",0,,
,,"Light Commercial Vehicles",0,,
,"Petrol leaded","Passenger Vehicles",0,,
,,"Light Commercial Vehicles",0,,
,"Petrol unleaded","Passenger Vehicles",9,,
,,"Light Commercial Vehicles",4,,
,"LPG/Other gases","Passenger Vehicles",0,,
,,"Light Commercial Vehicles",0,,
,"Dual fuel","Passenger Vehicles",0,,
,,"Light Commercial Vehicles",0,,
,"Other","Passenger Vehicles",0,,
,,"Light Commercial Vehicles",0,,
,"Unknown","Passenger Vehicles",0,,
,,"Light Commercial Vehicles",0,,
"3620","Diesel","Passenger Vehicles",803,,
,,"Light Commercial Vehicles",1353,,
,"Electric","Passenger Vehicles",3,,
,,"Light Commercial Vehicles",0,,
,"Petrol leaded","Passenger Vehicles",135,,
,,"Light Commercial Vehicles",79,,
,"Petrol unleaded","Passenger Vehicles",4165,,
,,"Light Commercial Vehicles",552,,
,"LPG/Other gases","Passenger Vehicles",36,,
,,"Light Commercial Vehicles",42,,
,"Dual fuel","Passenger Vehicles",138,,
,,"Light Commercial Vehicles",85,,
,"Other","Passenger Vehicles",0,,
,,"Light Commercial Vehicles",0,,
,"Unknown","Passenger Vehicles",0,,
,,"Light Commercial Vehicles",0,,
"3621","Diesel","Passenger Vehicles",246,,
,,"Light Commercial Vehicles",467,,
,"Electric","Passenger Vehicles",0,,
,,"Light Commercial Vehicles",0,,
,"Petrol leaded","Passenger Vehicles",26,,
,,"Light Commercial Vehicles",15,,
,"Petrol unleaded","Passenger Vehicles",1027,,
,,"Light Commercial Vehicles",156,,
,"LPG/Other gases","Passenger Vehicles",6,,
,,"Light Commercial Vehicles",9,,
,"Dual fuel","Passenger Vehicles",46,,
,,"Light Commercial Vehicles",32,,
,"Other","Passenger Vehicles",0,,
,,"Light Commercial Vehicles",0,,
,"Unknown","Passenger Vehicles",0,,
,,"Light Commercial Vehicles",0,,
"3622","Diesel","Passenger Vehicles",86,,
,,"Light Commercial Vehicles",134,,
,"Electric","Passenger Vehicles",0,,
,,"Light Commercial Vehicles",0,,
,"Petrol leaded","Passenger Vehicles",14,,
,,"Light Commercial Vehicles",6,,
,"Petrol unleaded","Passenger Vehicles",187,,
,,"Light Commercial Vehicles",39,,
,"LPG/Other gases","Passenger Vehicles",3,,
,,"Light Commercial Vehicles",0,,
,"Dual fuel","Passenger Vehicles",11,,
,,"Light Commercial Vehicles",4,,
,"Other","Passenger Vehicles",0,,
,,"Light Commercial Vehicles",0,,
,"Unknown","Passenger Vehicles",0,,
,,"Light Commercial Vehicles",0,,
"3623","Diesel","Passenger Vehicles",99,,
,,"Light Commercial Vehicles",192,,
,"Electric","Passenger Vehicles",0,,
,,"Light Commercial Vehicles",0,,
,"Petrol leaded","Passenger Vehicles",11,,
,,"Light Commercial Vehicles",10,,
,"Petrol unleaded","Passenger Vehicles",442,,
,,"Light Commercial Vehicles",76,,
,"LPG/Other gases","Passenger Vehicles",4,,
,,"Light Commercial Vehicles",12,,
,"Dual fuel","Passenger Vehicles",7,,
,,"Light Commercial Vehicles",15,,
,"Other","Passenger Vehicles",0,,
,,"Light Commercial Vehicles",0,,
,"Unknown","Passenger Vehicles",0,,
,,"Light Commercial Vehicles",0,,
"3624","Diesel","Passenger Vehicles",57,,
,,"Light Commercial Vehicles",121,,
,"Electric","Passenger Vehicles",0,,
,,"Light Commercial Vehicles",0,,
,"Petrol leaded","Passenger Vehicles",4,,
,,"Light Commercial Vehicles",3,,
,"Petrol unleaded","Passenger Vehicles",262,,
,,"Light Commercial Vehicles",36,,
,"LPG/Other gases","Passenger Vehicles",10,,
,,"Light Commercial Vehicles",3,,
,"Dual fuel","Passenger Vehicles",8,,
,,"Light Commercial Vehicles",4,,
,"Other","Passenger Vehicles",0,,
,,"Light Commercial Vehicles",0,,
,"Unknown","Passenger Vehicles",0,,
,,"Light Commercial Vehicles",0,,
"3629","Diesel","Passenger Vehicles",761,,
,,"Light Commercial Vehicles",1077,,
,"Electric","Passenger Vehicles",0,,
,,"Light Commercial Vehicles",0,,
,"Petrol leaded","Passenger Vehicles",131,,
,,"Light Commercial Vehicles",44,,
,"Petrol unleaded","Passenger Vehicles",4791,,
,,"Light Commercial Vehicles",494,,
,"LPG/Other gases","Passenger Vehicles",33,,
,,"Light Commercial Vehicles",26,,
,"Dual fuel","Passenger Vehicles",146,,
,,"Light Commercial Vehicles",80,,
,"Other","Passenger Vehicles",0,,
,,"Light Commercial Vehicles",0,,
,"Unknown","Passenger Vehicles",0,,
,,"Light Commercial Vehicles",0,,
"3630","Diesel","Passenger Vehicles",2526,,
,,"Light Commercial Vehicles",3588,,
,"Electric","Passenger Vehicles",3,,
,,"Light Commercial Vehicles",3,,
,"Petrol leaded","Passenger Vehicles",388,,
,,"Light Commercial Vehicles",116,,
,"Petrol unleaded","Passenger Vehicles",17474,,
,,"Light Commercial Vehicles",1611,,
,"LPG/Other gases","Passenger Vehicles",131,,
,,"Light Commercial Vehicles",119,,
,"Dual fuel","Passenger Vehicles",488,,
,,"Light Commercial Vehicles",174,,
,"Other","Passenger Vehicles",18,,
,,"Light Commercial Vehicles",0,,
,"Unknown","Passenger Vehicles",0,,
,,"Light Commercial Vehicles",0,,
"3631","Diesel","Passenger Vehicles",1380,,
,,"Light Commercial Vehicles",1727,,
,"Electric","Passenger Vehicles",3,,
,,"Light Commercial Vehicles",0,,
,"Petrol leaded","Passenger Vehicles",217,,
,,"Light Commercial Vehicles",78,,
,"Petrol unleaded","Passenger Vehicles",5947,,
,,"Light Commercial Vehicles",645,,
,"LPG/Other gases","Passenger Vehicles",46,,
,,"Light Commercial Vehicles",39,,
,"Dual fuel","Passenger Vehicles",139,,
,,"Light Commercial Vehicles",85,,
,"Other","Passenger Vehicles",0,,
,,"Light Commercial Vehicles",0,,
,"Unknown","Passenger Vehicles",0,,
,,"Light Commercial Vehicles",0,,
"3632","Diesel","Passenger Vehicles",20,,
,,"Light Commercial Vehicles",46,,
,"Electric","Passenger Vehicles",0,,
,,"Light Commercial Vehicles",0,,
,"Petrol leaded","Passenger Vehicles",0,,
,,"Light Commercial Vehicles",0,,
,"Petrol unleaded","Passenger Vehicles",53,,
,,"Light Commercial Vehicles",8,,
,"LPG/Other gases","Passenger Vehicles",0,,
,,"Light Commercial Vehicles",3,,
,"Dual fuel","Passenger Vehicles",3,,
,,"Light Commercial Vehicles",0,,
,"Other","Passenger Vehicles",0,,
,,"Light Commercial Vehicles",0,,
,"Unknown","Passenger Vehicles",0,,
,,"Light Commercial Vehicles",0,,
"3633","Diesel","Passenger Vehicles",85,,
,,"Light Commercial Vehicles",157,,
,"Electric","Passenger Vehicles",0,,
,,"Light Commercial Vehicles",0,,
,"Petrol leaded","Passenger Vehicles",20,,
,,"Light Commercial Vehicles",3,,
,"Petrol unleaded","Passenger Vehicles",284,,
,,"Light Commercial Vehicles",50,,
,"LPG/Other gases","Passenger Vehicles",6,,
,,"Light Commercial Vehicles",3,,
,"Dual fuel","Passenger Vehicles",9,,
,,"Light Commercial Vehicles",6,,
,"Other","Passenger Vehicles",0,,
,,"Light Commercial Vehicles",0,,
,"Unknown","Passenger Vehicles",0,,
,,"Light Commercial Vehicles",0,,
"3634","Diesel","Passenger Vehicles",228,,
,,"Light Commercial Vehicles",419,,
,"Electric","Passenger Vehicles",0,,
,,"Light Commercial Vehicles",0,,
,"Petrol leaded","Passenger Vehicles",26,,
,,"Light Commercial Vehicles",30,,
,"Petrol unleaded","Passenger Vehicles",851,,
,,"Light Commercial Vehicles",135,,
,"LPG/Other gases","Passenger Vehicles",9,,
,,"Light Commercial Vehicles",9,,
,"Dual fuel","Passenger Vehicles",25,,
,,"Light Commercial Vehicles",17,,
,"Other","Passenger Vehicles",0,,
,,"Light Commercial Vehicles",0,,
,"Unknown","Passenger Vehicles",0,,
,,"Light Commercial Vehicles",0,,
"3635","Diesel","Passenger Vehicles",62,,
,,"Light Commercial Vehicles",135,,
,"Electric","Passenger Vehicles",0,,
,,"Light Commercial Vehicles",0,,
,"Petrol leaded","Passenger Vehicles",10,,
,,"Light Commercial Vehicles",16,,
,"Petrol unleaded","Passenger Vehicles",256,,
,,"Light Commercial Vehicles",50,,
,"LPG/Other gases","Passenger Vehicles",3,,
,,"Light Commercial Vehicles",3,,
,"Dual fuel","Passenger Vehicles",7,,
,,"Light Commercial Vehicles",14,,
,"Other","Passenger Vehicles",0,,
,,"Light Commercial Vehicles",0,,
,"Unknown","Passenger Vehicles",0,,
,,"Light Commercial Vehicles",0,,
"3636","Diesel","Passenger Vehicles",530,,
,,"Light Commercial Vehicles",804,,
,"Electric","Passenger Vehicles",3,,
,,"Light Commercial Vehicles",0,,
,"Petrol leaded","Passenger Vehicles",65,,
,,"Light Commercial Vehicles",42,,
,"Petrol unleaded","Passenger Vehicles",2729,,
,,"Light Commercial Vehicles",361,,
,"LPG/Other gases","Passenger Vehicles",28,,
,,"Light Commercial Vehicles",56,,
,"Dual fuel","Passenger Vehicles",83,,
,,"Light Commercial Vehicles",46,,
,"Other","Passenger Vehicles",0,,
,,"Light Commercial Vehicles",3,,
,"Unknown","Passenger Vehicles",0,,
,,"Light Commercial Vehicles",0,,
"3637","Diesel","Passenger Vehicles",73,,
,,"Light Commercial Vehicles",141,,
,"Electric","Passenger Vehicles",0,,
,,"Light Commercial Vehicles",0,,
,"Petrol leaded","Passenger Vehicles",0,,
,,"Light Commercial Vehicles",8,,
,"Petrol unleaded","Passenger Vehicles",246,,
,,"Light Commercial Vehicles",45,,
,"LPG/Other gases","Passenger Vehicles",0,,
,,"Light Commercial Vehicles",3,,
,"Dual fuel","Passenger Vehicles",6,,
,,"Light Commercial Vehicles",4,,
,"Other","Passenger Vehicles",0,,
,,"Light Commercial Vehicles",0,,
,"Unknown","Passenger Vehicles",0,,
,,"Light Commercial Vehicles",0,,
"3638","Diesel","Passenger Vehicles",243,,
,,"Light Commercial Vehicles",436,,
,"Electric","Passenger Vehicles",0,,
,,"Light Commercial Vehicles",0,,
,"Petrol leaded","Passenger Vehicles",27,,
,,"Light Commercial Vehicles",22,,
,"Petrol unleaded","Passenger Vehicles",1006,,
,,"Light Commercial Vehicles",164,,
,"LPG/Other gases","Passenger Vehicles",7,,
,,"Light Commercial Vehicles",7,,
,"Dual fuel","Passenger Vehicles",38,,
,,"Light Commercial Vehicles",26,,
,"Other","Passenger Vehicles",0,,
,,"Light Commercial Vehicles",0,,
,"Unknown","Passenger Vehicles",0,,
,,"Light Commercial Vehicles",0,,
"3639","Diesel","Passenger Vehicles",69,,
,,"Light Commercial Vehicles",153,,
,"Electric","Passenger Vehicles",0,,
,,"Light Commercial Vehicles",0,,
,"Petrol leaded","Passenger Vehicles",9,,
,,"Light Commercial Vehicles",10,,
,"Petrol unleaded","Passenger Vehicles",269,,
,,"Light Commercial Vehicles",64,,
,"LPG/Other gases","Passenger Vehicles",3,,
,,"Light Commercial Vehicles",4,,
,"Dual fuel","Passenger Vehicles",12,,
,,"Light Commercial Vehicles",6,,
,"Other","Passenger Vehicles",0,,
,,"Light Commercial Vehicles",0,,
,"Unknown","Passenger Vehicles",0,,
,,"Light Commercial Vehicles",0,,
"3640","Diesel","Passenger Vehicles",137,,
,,"Light Commercial Vehicles",276,,
,"Electric","Passenger Vehicles",0,,
,,"Light Commercial Vehicles",0,,
,"Petrol leaded","Passenger Vehicles",15,,
,,"Light Commercial Vehicles",9,,
,"Petrol unleaded","Passenger Vehicles",483,,
,,"Light Commercial Vehicles",85,,
,"LPG/Other gases","Passenger Vehicles",11,,
,,"Light Commercial Vehicles",10,,
,"Dual fuel","Passenger Vehicles",13,,
,,"Light Commercial Vehicles",7,,
,"Other","Passenger Vehicles",0,,
,,"Light Commercial Vehicles",0,,
,"Unknown","Passenger Vehicles",0,,
,,"Light Commercial Vehicles",0,,
"3641","Diesel","Passenger Vehicles",157,,
,,"Light Commercial Vehicles",283,,
,"Electric","Passenger Vehicles",0,,
,,"Light Commercial Vehicles",0,,
,"Petrol leaded","Passenger Vehicles",12,,
,,"Light Commercial Vehicles",16,,
,"Petrol unleaded","Passenger Vehicles",576,,
,,"Light Commercial Vehicles",108,,
,"LPG/Other gases","Passenger Vehicles",4,,
,,"Light Commercial Vehicles",9,,
,"Dual fuel","Passenger Vehicles",21,,
,,"Light Commercial Vehicles",24,,
,"Other","Passenger Vehicles",0,,
,,"Light Commercial Vehicles",0,,
,"Unknown","Passenger Vehicles",0,,
,,"Light Commercial Vehicles",0,,
"3643","Diesel","Passenger Vehicles",3,,
,,"Light Commercial Vehicles",3,,
,"Electric","Passenger Vehicles",0,,
,,"Light Commercial Vehicles",0,,
,"Petrol leaded","Passenger Vehicles",0,,
,,"Light Commercial Vehicles",0,,
,"Petrol unleaded","Passenger Vehicles",13,,
,,"Light Commercial Vehicles",0,,
,"LPG/Other gases","Passenger Vehicles",0,,
,,"Light Commercial Vehicles",0,,
,"Dual fuel","Passenger Vehicles",0,,
,,"Light Commercial Vehicles",0,,
,"Other","Passenger Vehicles",0,,
,,"Light Commercial Vehicles",0,,
,"Unknown","Passenger Vehicles",0,,
,,"Light Commercial Vehicles",0,,
"3644","Diesel","Passenger Vehicles",940,,
,,"Light Commercial Vehicles",1535,,
,"Electric","Passenger Vehicles",0,,
,,"Light Commercial Vehicles",0,,
,"Petrol leaded","Passenger Vehicles",104,,
,,"Light Commercial Vehicles",58,,
,"Petrol unleaded","Passenger Vehicles",4837,,
,,"Light Commercial Vehicles",644,,
,"LPG/Other gases","Passenger Vehicles",52,,
,,"Light Commercial Vehicles",44,,
,"Dual fuel","Passenger Vehicles",113,,
,,"Light Commercial Vehicles",56,,
,"Other","Passenger Vehicles",0,,
,,"Light Commercial Vehicles",0,,
,"Unknown","Passenger Vehicles",3,,
,,"Light Commercial Vehicles",6,,
"3646","Diesel","Passenger Vehicles",72,,
,,"Light Commercial Vehicles",140,,
,"Electric","Passenger Vehicles",0,,
,,"Light Commercial Vehicles",0,,
,"Petrol leaded","Passenger Vehicles",6,,
,,"Light Commercial Vehicles",12,,
,"Petrol unleaded","Passenger Vehicles",264,,
,,"Light Commercial Vehicles",61,,
,"LPG/Other gases","Passenger Vehicles",4,,
,,"Light Commercial Vehicles",3,,
,"Dual fuel","Passenger Vehicles",13,,
,,"Light Commercial Vehicles",10,,
,"Other","Passenger Vehicles",0,,
,,"Light Commercial Vehicles",0,,
,"Unknown","Passenger Vehicles",0,,
,,"Light Commercial Vehicles",0,,
"3647","Diesel","Passenger Vehicles",3,,
,,"Light Commercial Vehicles",0,,
,"Electric","Passenger Vehicles",0,,
,,"Light Commercial Vehicles",0,,
,"Petrol leaded","Passenger Vehicles",0,,
,,"Light Commercial Vehicles",0,,
,"Petrol unleaded","Passenger Vehicles",17,,
,,"Light Commercial Vehicles",3,,
,"LPG/Other gases","Passenger Vehicles",0,,
,,"Light Commercial Vehicles",0,,
,"Dual fuel","Passenger Vehicles",0,,
,,"Light Commercial Vehicles",0,,
,"Other","Passenger Vehicles",0,,
,,"Light Commercial Vehicles",0,,
,"Unknown","Passenger Vehicles",0,,
,,"Light Commercial Vehicles",0,,
"3649","Diesel","Passenger Vehicles",46,,
,,"Light Commercial Vehicles",111,,
,"Electric","Passenger Vehicles",0,,
,,"Light Commercial Vehicles",0,,
,"Petrol leaded","Passenger Vehicles",9,,
,,"Light Commercial Vehicles",5,,
,"Petrol unleaded","Passenger Vehicles",226,,
,,"Light Commercial Vehicles",52,,
,"LPG/Other gases","Passenger Vehicles",7,,
,,"Light Commercial Vehicles",0,,
,"Dual fuel","Passenger Vehicles",8,,
,,"Light Commercial Vehicles",6,,
,"Other","Passenger Vehicles",0,,
,,"Light Commercial Vehicles",0,,
,"Unknown","Passenger Vehicles",0,,
,,"Light Commercial Vehicles",0,,
"3653","Diesel","Passenger Vehicles",0,,
,,"Light Commercial Vehicles",3,,
,"Electric","Passenger Vehicles",0,,
,,"Light Commercial Vehicles",0,,
,"Petrol leaded","Passenger Vehicles",0,,
,,"Light Commercial Vehicles",0,,
,"Petrol unleaded","Passenger Vehicles",0,,
,,"Light Commercial Vehicles",0,,
,"LPG/Other gases","Passenger Vehicles",0,,
,,"Light Commercial Vehicles",0,,
,"Dual fuel","Passenger Vehicles",0,,
,,"Light Commercial Vehicles",0,,
,"Other","Passenger Vehicles",0,,
,,"Light Commercial Vehicles",0,,
,"Unknown","Passenger Vehicles",0,,
,,"Light Commercial Vehicles",0,,
"3658","Diesel","Passenger Vehicles",677,,
,,"Light Commercial Vehicles",1057,,
,"Electric","Passenger Vehicles",3,,
,,"Light Commercial Vehicles",0,,
,"Petrol leaded","Passenger Vehicles",102,,
,,"Light Commercial Vehicles",57,,
,"Petrol unleaded","Passenger Vehicles",3252,,
,,"Light Commercial Vehicles",445,,
,"LPG/Other gases","Passenger Vehicles",58,,
,,"Light Commercial Vehicles",65,,
,"Dual fuel","Passenger Vehicles",199,,
,,"Light Commercial Vehicles",93,,
,"Other","Passenger Vehicles",0,,
,,"Light Commercial Vehicles",0,,
,"Unknown","Passenger Vehicles",0,,
,,"Light Commercial Vehicles",0,,
"3659","Diesel","Passenger Vehicles",106,,
,,"Light Commercial Vehicles",163,,
,"Electric","Passenger Vehicles",0,,
,,"Light Commercial Vehicles",0,,
,"Petrol leaded","Passenger Vehicles",13,,
,,"Light Commercial Vehicles",6,,
,"Petrol unleaded","Passenger Vehicles",360,,
,,"Light Commercial Vehicles",68,,
,"LPG/Other gases","Passenger Vehicles",5,,
,,"Light Commercial Vehicles",14,,
,"Dual fuel","Passenger Vehicles",31,,
,,"Light Commercial Vehicles",11,,
,"Other","Passenger Vehicles",0,,
,,"Light Commercial Vehicles",0,,
,"Unknown","Passenger Vehicles",0,,
,,"Light Commercial Vehicles",0,,
"3660","Diesel","Passenger Vehicles",733,,
,,"Light Commercial Vehicles",1147,,
,"Electric","Passenger Vehicles",3,,
,,"Light Commercial Vehicles",0,,
,"Petrol leaded","Passenger Vehicles",100,,
,,"Light Commercial Vehicles",61,,
,"Petrol unleaded","Passenger Vehicles",3966,,
,,"Light Commercial Vehicles",485,,
,"LPG/Other gases","Passenger Vehicles",60,,
,,"Light Commercial Vehicles",56,,
,"Dual fuel","Passenger Vehicles",142,,
,,"Light Commercial Vehicles",75,,
,"Other","Passenger Vehicles",0,,
,,"Light Commercial Vehicles",0,,
,"Unknown","Passenger Vehicles",0,,
,,"Light Commercial Vehicles",0,,
"3661","Diesel","Passenger Vehicles",5,,
,,"Light Commercial Vehicles",9,,
,"Electric","Passenger Vehicles",0,,
,,"Light Commercial Vehicles",0,,
,"Petrol leaded","Passenger Vehicles",0,,
,,"Light Commercial Vehicles",0,,
,"Petrol unleaded","Passenger Vehicles",18,,
,,"Light Commercial Vehicles",0,,
,"LPG/Other gases","Passenger Vehicles",0,,
,,"Light Commercial Vehicles",0,,
,"Dual fuel","Passenger Vehicles",0,,
,,"Light Commercial Vehicles",3,,
,"Other","Passenger Vehicles",0,,
,,"Light Commercial Vehicles",0,,
,"Unknown","Passenger Vehicles",0,,
,,"Light Commercial Vehicles",0,,
"3662","Diesel","Passenger Vehicles",93,,
,,"Light Commercial Vehicles",95,,
,"Electric","Passenger Vehicles",0,,
,,"Light Commercial Vehicles",0,,
,"Petrol leaded","Passenger Vehicles",3,,
,,"Light Commercial Vehicles",0,,
,"Petrol unleaded","Passenger Vehicles",358,,
,,"Light Commercial Vehicles",24,,
,"LPG/Other gases","Passenger Vehicles",0,,
,,"Light Commercial Vehicles",0,,
,"Dual fuel","Passenger Vehicles",3,,
,,"Light Commercial Vehicles",3,,
,"Other","Passenger Vehicles",0,,
,,"Light Commercial Vehicles",0,,
,"Unknown","Passenger Vehicles",0,,
,,"Light Commercial Vehicles",0,,
"3663","Diesel","Passenger Vehicles",34,,
,,"Light Commercial Vehicles",56,,
,"Electric","Passenger Vehicles",0,,
,,"Light Commercial Vehicles",0,,
,"Petrol leaded","Passenger Vehicles",3,,
,,"Light Commercial Vehicles",3,,
,"Petrol unleaded","Passenger Vehicles",91,,
,,"Light Commercial Vehicles",18,,
,"LPG/Other gases","Passenger Vehicles",0,,
,,"Light Commercial Vehicles",3,,
,"Dual fuel","Passenger Vehicles",5,,
,,"Light Commercial Vehicles",3,,
,"Other","Passenger Vehicles",0,,
,,"Light Commercial Vehicles",0,,
,"Unknown","Passenger Vehicles",0,,
,,"Light Commercial Vehicles",0,,
"3664","Diesel","Passenger Vehicles",147,,
,,"Light Commercial Vehicles",216,,
,"Electric","Passenger Vehicles",0,,
,,"Light Commercial Vehicles",0,,
,"Petrol leaded","Passenger Vehicles",23,,
,,"Light Commercial Vehicles",4,,
,"Petrol unleaded","Passenger Vehicles",532,,
,,"Light Commercial Vehicles",71,,
,"LPG/Other gases","Passenger Vehicles",3,,
,,"Light Commercial Vehicles",5,,
,"Dual fuel","Passenger Vehicles",24,,
,,"Light Commercial Vehicles",14,,
,"Other","Passenger Vehicles",0,,
,,"Light Commercial Vehicles",0,,
,"Unknown","Passenger Vehicles",0,,
,,"Light Commercial Vehicles",0,,
"3665","Diesel","Passenger Vehicles",54,,
,,"Light Commercial Vehicles",122,,
,"Electric","Passenger Vehicles",0,,
,,"Light Commercial Vehicles",0,,
,"Petrol leaded","Passenger Vehicles",8,,
,,"Light Commercial Vehicles",7,,
,"Petrol unleaded","Passenger Vehicles",181,,
,,"Light Commercial Vehicles",27,,
,"LPG/Other gases","Passenger Vehicles",0,,
,,"Light Commercial Vehicles",4,,
,"Dual fuel","Passenger Vehicles",6,,
,,"Light Commercial Vehicles",11,,
,"Other","Passenger Vehicles",0,,
,,"Light Commercial Vehicles",0,,
,"Unknown","Passenger Vehicles",0,,
,,"Light Commercial Vehicles",0,,
"3666","Diesel","Passenger Vehicles",610,,
,,"Light Commercial Vehicles",1033,,
,"Electric","Passenger Vehicles",3,,
,,"Light Commercial Vehicles",0,,
,"Petrol leaded","Passenger Vehicles",65,,
,,"Light Commercial Vehicles",62,,
,"Petrol unleaded","Passenger Vehicles",2345,,
,,"Light Commercial Vehicles",354,,
,"LPG/Other gases","Passenger Vehicles",23,,
,,"Light Commercial Vehicles",50,,
,"Dual fuel","Passenger Vehicles",95,,
,,"Light Commercial Vehicles",57,,
,"Other","Passenger Vehicles",0,,
,,"Light Commercial Vehicles",0,,
,"Unknown","Passenger Vehicles",0,,
,,"Light Commercial Vehicles",0,,
"3669","Diesel","Passenger Vehicles",209,,
,,"Light Commercial Vehicles",329,,
,"Electric","Passenger Vehicles",0,,
,,"Light Commercial Vehicles",0,,
,"Petrol leaded","Passenger Vehicles",23,,
,,"Light Commercial Vehicles",23,,
,"Petrol unleaded","Passenger Vehicles",679,,
,,"Light Commercial Vehicles",112,,
,"LPG/Other gases","Passenger Vehicles",9,,
,,"Light Commercial Vehicles",9,,
,"Dual fuel","Passenger Vehicles",37,,
,,"Light Commercial Vehicles",22,,
,"Other","Passenger Vehicles",0,,
,,"Light Commercial Vehicles",0,,
,"Unknown","Passenger Vehicles",0,,
,,"Light Commercial Vehicles",0,,
"3670","Diesel","Passenger Vehicles",89,,
,,"Light Commercial Vehicles",151,,
,"Electric","Passenger Vehicles",0,,
,,"Light Commercial Vehicles",0,,
,"Petrol leaded","Passenger Vehicles",12,,
,,"Light Commercial Vehicles",6,,
,"Petrol unleaded","Passenger Vehicles",293,,
,,"Light Commercial Vehicles",54,,
,"LPG/Other gases","Passenger Vehicles",0,,
,,"Light Commercial Vehicles",3,,
,"Dual fuel","Passenger Vehicles",18,,
,,"Light Commercial Vehicles",9,,
,"Other","Passenger Vehicles",0,,
,,"Light Commercial Vehicles",0,,
,"Unknown","Passenger Vehicles",0,,
,,"Light Commercial Vehicles",0,,
"3671","Diesel","Passenger Vehicles",3,,
,,"Light Commercial Vehicles",15,,
,"Electric","Passenger Vehicles",0,,
,,"Light Commercial Vehicles",0,,
,"Petrol leaded","Passenger Vehicles",0,,
,,"Light Commercial Vehicles",0,,
,"Petrol unleaded","Passenger Vehicles",21,,
,,"Light Commercial Vehicles",0,,
,"LPG/Other gases","Passenger Vehicles",0,,
,,"Light Commercial Vehicles",0,,
,"Dual fuel","Passenger Vehicles",0,,
,,"Light Commercial Vehicles",0,,
,"Other","Passenger Vehicles",0,,
,,"Light Commercial Vehicles",0,,
,"Unknown","Passenger Vehicles",0,,
,,"Light Commercial Vehicles",0,,
"3672","Diesel","Passenger Vehicles",1067,,
,,"Light Commercial Vehicles",1332,,
,"Electric","Passenger Vehicles",0,,
,,"Light Commercial Vehicles",0,,
,"Petrol leaded","Passenger Vehicles",144,,
,,"Light Commercial Vehicles",75,,
,"Petrol unleaded","Passenger Vehicles",5557,,
,,"Light Commercial Vehicles",610,,
,"LPG/Other gases","Passenger Vehicles",31,,
,,"Light Commercial Vehicles",37,,
,"Dual fuel","Passenger Vehicles",165,,
,,"Light Commercial Vehicles",75,,
,"Other","Passenger Vehicles",0,,
,,"Light Commercial Vehicles",0,,
,"Unknown","Passenger Vehicles",0,,
,,"Light Commercial Vehicles",0,,
"3673","Diesel","Passenger Vehicles",260,,
,,"Light Commercial Vehicles",468,,
,"Electric","Passenger Vehicles",0,,
,,"Light Commercial Vehicles",0,,
,"Petrol leaded","Passenger Vehicles",27,,
,,"Light Commercial Vehicles",15,,
,"Petrol unleaded","Passenger Vehicles",750,,
,,"Light Commercial Vehicles",130,,
,"LPG/Other gases","Passenger Vehicles",8,,
,,"Light Commercial Vehicles",11,,
,"Dual fuel","Passenger Vehicles",35,,
,,"Light Commercial Vehicles",26,,
,"Other","Passenger Vehicles",0,,
,,"Light Commercial Vehicles",0,,
,"Unknown","Passenger Vehicles",0,,
,,"Light Commercial Vehicles",0,,
"3675","Diesel","Passenger Vehicles",258,,
,,"Light Commercial Vehicles",411,,
,"Electric","Passenger Vehicles",0,,
,,"Light Commercial Vehicles",0,,
,"Petrol leaded","Passenger Vehicles",29,,
,,"Light Commercial Vehicles",21,,
,"Petrol unleaded","Passenger Vehicles",880,,
,,"Light Commercial Vehicles",143,,
,"LPG/Other gases","Passenger Vehicles",7,,
,,"Light Commercial Vehicles",11,,
,"Dual fuel","Passenger Vehicles",25,,
,,"Light Commercial Vehicles",26,,
,"Other","Passenger Vehicles",0,,
,,"Light Commercial Vehicles",0,,
,"Unknown","Passenger Vehicles",0,,
,,"Light Commercial Vehicles",0,,
"3676","Diesel","Passenger Vehicles",9,,
,,"Light Commercial Vehicles",10,,
,"Electric","Passenger Vehicles",0,,
,,"Light Commercial Vehicles",0,,
,"Petrol leaded","Passenger Vehicles",3,,
,,"Light Commercial Vehicles",0,,
,"Petrol unleaded","Passenger Vehicles",24,,
,,"Light Commercial Vehicles",0,,
,"LPG/Other gases","Passenger Vehicles",0,,
,,"Light Commercial Vehicles",0,,
,"Dual fuel","Passenger Vehicles",0,,
,,"Light Commercial Vehicles",0,,
,"Other","Passenger Vehicles",0,,
,,"Light Commercial Vehicles",0,,
,"Unknown","Passenger Vehicles",0,,
,,"Light Commercial Vehicles",0,,
"3677","Diesel","Passenger Vehicles",1548,,
,,"Light Commercial Vehicles",2067,,
,"Electric","Passenger Vehicles",4,,
,,"Light Commercial Vehicles",0,,
,"Petrol leaded","Passenger Vehicles",226,,
,,"Light Commercial Vehicles",101,,
,"Petrol unleaded","Passenger Vehicles",9622,,
,,"Light Commercial Vehicles",898,,
,"LPG/Other gases","Passenger Vehicles",58,,
,,"Light Commercial Vehicles",69,,
,"Dual fuel","Passenger Vehicles",233,,
,,"Light Commercial Vehicles",109,,
,"Other","Passenger Vehicles",0,,
,,"Light Commercial Vehicles",0,,
,"Unknown","Passenger Vehicles",0,,
,,"Light Commercial Vehicles",0,,
"3678","Diesel","Passenger Vehicles",996,,
,,"Light Commercial Vehicles",1483,,
,"Electric","Passenger Vehicles",0,,
,,"Light Commercial Vehicles",0,,
,"Petrol leaded","Passenger Vehicles",104,,
,,"Light Commercial Vehicles",79,,
,"Petrol unleaded","Passenger Vehicles",2929,,
,,"Light Commercial Vehicles",434,,
,"LPG/Other gases","Passenger Vehicles",32,,
,,"Light Commercial Vehicles",28,,
,"Dual fuel","Passenger Vehicles",96,,
,,"Light Commercial Vehicles",56,,
,"Other","Passenger Vehicles",0,,
,,"Light Commercial Vehicles",3,,
,"Unknown","Passenger Vehicles",0,,
,,"Light Commercial Vehicles",0,,
"3682","Diesel","Passenger Vehicles",84,,
,,"Light Commercial Vehicles",178,,
,"Electric","Passenger Vehicles",0,,
,,"Light Commercial Vehicles",0,,
,"Petrol leaded","Passenger Vehicles",12,,
,,"Light Commercial Vehicles",6,,
,"Petrol unleaded","Passenger Vehicles",274,,
,,"Light Commercial Vehicles",61,,
,"LPG/Other gases","Passenger Vehicles",4,,
,,"Light Commercial Vehicles",3,,
,"Dual fuel","Passenger Vehicles",11,,
,,"Light Commercial Vehicles",3,,
,"Other","Passenger Vehicles",0,,
,,"Light Commercial Vehicles",0,,
,"Unknown","Passenger Vehicles",0,,
,,"Light Commercial Vehicles",0,,
"3683","Diesel","Passenger Vehicles",221,,
,,"Light Commercial Vehicles",355,,
,"Electric","Passenger Vehicles",0,,
,,"Light Commercial Vehicles",0,,
,"Petrol leaded","Passenger Vehicles",40,,
,,"Light Commercial Vehicles",21,,
,"Petrol unleaded","Passenger Vehicles",891,,
,,"Light Commercial Vehicles",137,,
,"LPG/Other gases","Passenger Vehicles",14,,
,,"Light Commercial Vehicles",11,,
,"Dual fuel","Passenger Vehicles",26,,
,,"Light Commercial Vehicles",19,,
,"Other","Passenger Vehicles",0,,
,,"Light Commercial Vehicles",0,,
,"Unknown","Passenger Vehicles",0,,
,,"Light Commercial Vehicles",0,,
"3685","Diesel","Passenger Vehicles",372,,
,,"Light Commercial Vehicles",646,,
,"Electric","Passenger Vehicles",0,,
,,"Light Commercial Vehicles",0,,
,"Petrol leaded","Passenger Vehicles",40,,
,,"Light Commercial Vehicles",27,,
,"Petrol unleaded","Passenger Vehicles",1478,,
,,"Light Commercial Vehicles",204,,
,"LPG/Other gases","Passenger Vehicles",7,,
,,"Light Commercial Vehicles",10,,
,"Dual fuel","Passenger Vehicles",37,,
,,"Light Commercial Vehicles",22,,
,"Other","Passenger Vehicles",0,,
,,"Light Commercial Vehicles",0,,
,"Unknown","Passenger Vehicles",0,,
,,"Light Commercial Vehicles",0,,
"3687","Diesel","Passenger Vehicles",121,,
,,"Light Commercial Vehicles",180,,
,"Electric","Passenger Vehicles",0,,
,,"Light Commercial Vehicles",0,,
,"Petrol leaded","Passenger Vehicles",18,,
,,"Light Commercial Vehicles",11,,
,"Petrol unleaded","Passenger Vehicles",581,,
,,"Light Commercial Vehicles",97,,
,"LPG/Other gases","Passenger Vehicles",3,,
,,"Light Commercial Vehicles",4,,
,"Dual fuel","Passenger Vehicles",11,,
,,"Light Commercial Vehicles",7,,
,"Other","Passenger Vehicles",0,,
,,"Light Commercial Vehicles",0,,
,"Unknown","Passenger Vehicles",0,,
,,"Light Commercial Vehicles",0,,
"3688","Diesel","Passenger Vehicles",199,,
,,"Light Commercial Vehicles",343,,
,"Electric","Passenger Vehicles",0,,
,,"Light Commercial Vehicles",0,,
,"Petrol leaded","Passenger Vehicles",20,,
,,"Light Commercial Vehicles",25,,
,"Petrol unleaded","Passenger Vehicles",616,,
,,"Light Commercial Vehicles",110,,
,"LPG/Other gases","Passenger Vehicles",5,,
,,"Light Commercial Vehicles",9,,
,"Dual fuel","Passenger Vehicles",18,,
,,"Light Commercial Vehicles",16,,
,"Other","Passenger Vehicles",0,,
,,"Light Commercial Vehicles",0,,
,"Unknown","Passenger Vehicles",0,,
,,"Light Commercial Vehicles",0,,
"3689","Diesel","Passenger Vehicles",22,,
,,"Light Commercial Vehicles",39,,
,"Electric","Passenger Vehicles",0,,
,,"Light Commercial Vehicles",0,,
,"Petrol leaded","Passenger Vehicles",0,,
,,"Light Commercial Vehicles",0,,
,"Petrol unleaded","Passenger Vehicles",55,,
,,"Light Commercial Vehicles",3,,
,"LPG/Other gases","Passenger Vehicles",0,,
,,"Light Commercial Vehicles",3,,
,"Dual fuel","Passenger Vehicles",0,,
,,"Light Commercial Vehicles",0,,
,"Other","Passenger Vehicles",0,,
,,"Light Commercial Vehicles",0,,
,"Unknown","Passenger Vehicles",0,,
,,"Light Commercial Vehicles",0,,
"3690","Diesel","Passenger Vehicles",3419,,
,,"Light Commercial Vehicles",4469,,
,"Electric","Passenger Vehicles",3,,
,,"Light Commercial Vehicles",0,,
,"Petrol leaded","Passenger Vehicles",333,,
,,"Light Commercial Vehicles",161,,
,"Petrol unleaded","Passenger Vehicles",19253,,
,,"Light Commercial Vehicles",1763,,
,"LPG/Other gases","Passenger Vehicles",117,,
,,"Light Commercial Vehicles",133,,
,"Dual fuel","Passenger Vehicles",287,,
,,"Light Commercial Vehicles",159,,
,"Other","Passenger Vehicles",3,,
,,"Light Commercial Vehicles",0,,
,"Unknown","Passenger Vehicles",0,,
,,"Light Commercial Vehicles",0,,
"3691","Diesel","Passenger Vehicles",1441,,
,,"Light Commercial Vehicles",2074,,
,"Electric","Passenger Vehicles",3,,
,,"Light Commercial Vehicles",0,,
,"Petrol leaded","Passenger Vehicles",105,,
,,"Light Commercial Vehicles",95,,
,"Petrol unleaded","Passenger Vehicles",4899,,
,,"Light Commercial Vehicles",556,,
,"LPG/Other gases","Passenger Vehicles",34,,
,,"Light Commercial Vehicles",21,,
,"Dual fuel","Passenger Vehicles",82,,
,,"Light Commercial Vehicles",39,,
,"Other","Passenger Vehicles",0,,
,,"Light Commercial Vehicles",0,,
,"Unknown","Passenger Vehicles",0,,
,,"Light Commercial Vehicles",0,,
"3693","Diesel","Passenger Vehicles",3,,
,,"Light Commercial Vehicles",8,,
,"Electric","Passenger Vehicles",0,,
,,"Light Commercial Vehicles",0,,
,"Petrol leaded","Passenger Vehicles",3,,
,,"Light Commercial Vehicles",0,,
,"Petrol unleaded","Passenger Vehicles",24,,
,,"Light Commercial Vehicles",3,,
,"LPG/Other gases","Passenger Vehicles",0,,
,,"Light Commercial Vehicles",0,,
,"Dual fuel","Passenger Vehicles",0,,
,,"Light Commercial Vehicles",0,,
,"Other","Passenger Vehicles",0,,
,,"Light Commercial Vehicles",0,,
,"Unknown","Passenger Vehicles",0,,
,,"Light Commercial Vehicles",0,,
"3694","Diesel","Passenger Vehicles",6,,
,,"Light Commercial Vehicles",10,,
,"Electric","Passenger Vehicles",0,,
,,"Light Commercial Vehicles",0,,
,"Petrol leaded","Passenger Vehicles",0,,
,,"Light Commercial Vehicles",0,,
,"Petrol unleaded","Passenger Vehicles",45,,
,,"Light Commercial Vehicles",3,,
,"LPG/Other gases","Passenger Vehicles",0,,
,,"Light Commercial Vehicles",0,,
,"Dual fuel","Passenger Vehicles",0,,
,,"Light Commercial Vehicles",0,,
,"Other","Passenger Vehicles",0,,
,,"Light Commercial Vehicles",0,,
,"Unknown","Passenger Vehicles",0,,
,,"Light Commercial Vehicles",0,,
"3695","Diesel","Passenger Vehicles",81,,
,,"Light Commercial Vehicles",149,,
,"Electric","Passenger Vehicles",0,,
,,"Light Commercial Vehicles",0,,
,"Petrol leaded","Passenger Vehicles",4,,
,,"Light Commercial Vehicles",3,,
,"Petrol unleaded","Passenger Vehicles",197,,
,,"Light Commercial Vehicles",40,,
,"LPG/Other gases","Passenger Vehicles",3,,
,,"Light Commercial Vehicles",3,,
,"Dual fuel","Passenger Vehicles",4,,
,,"Light Commercial Vehicles",3,,
,"Other","Passenger Vehicles",0,,
,,"Light Commercial Vehicles",0,,
,"Unknown","Passenger Vehicles",0,,
,,"Light Commercial Vehicles",0,,
"3697","Diesel","Passenger Vehicles",120,,
,,"Light Commercial Vehicles",98,,
,"Electric","Passenger Vehicles",0,,
,,"Light Commercial Vehicles",0,,
,"Petrol leaded","Passenger Vehicles",9,,
,,"Light Commercial Vehicles",5,,
,"Petrol unleaded","Passenger Vehicles",266,,
,,"Light Commercial Vehicles",30,,
,"LPG/Other gases","Passenger Vehicles",0,,
,,"Light Commercial Vehicles",0,,
,"Dual fuel","Passenger Vehicles",14,,
,,"Light Commercial Vehicles",3,,
,"Other","Passenger Vehicles",0,,
,,"Light Commercial Vehicles",0,,
,"Unknown","Passenger Vehicles",0,,
,,"Light Commercial Vehicles",0,,
"3698","Diesel","Passenger Vehicles",159,,
,,"Light Commercial Vehicles",131,,
,"Electric","Passenger Vehicles",3,,
,,"Light Commercial Vehicles",0,,
,"Petrol leaded","Passenger Vehicles",5,,
,,"Light Commercial Vehicles",3,,
,"Petrol unleaded","Passenger Vehicles",467,,
,,"Light Commercial Vehicles",44,,
,"LPG/Other gases","Passenger Vehicles",6,,
,,"Light Commercial Vehicles",3,,
,"Dual fuel","Passenger Vehicles",5,,
,,"Light Commercial Vehicles",3,,
,"Other","Passenger Vehicles",0,,
,,"Light Commercial Vehicles",0,,
,"Unknown","Passenger Vehicles",0,,
,,"Light Commercial Vehicles",0,,
"3699","Diesel","Passenger Vehicles",124,,
,,"Light Commercial Vehicles",150,,
,"Electric","Passenger Vehicles",0,,
,,"Light Commercial Vehicles",0,,
,"Petrol leaded","Passenger Vehicles",12,,
,,"Light Commercial Vehicles",6,,
,"Petrol unleaded","Passenger Vehicles",530,,
,,"Light Commercial Vehicles",66,,
,"LPG/Other gases","Passenger Vehicles",3,,
,,"Light Commercial Vehicles",0,,
,"Dual fuel","Passenger Vehicles",11,,
,,"Light Commercial Vehicles",3,,
,"Other","Passenger Vehicles",0,,
,,"Light Commercial Vehicles",0,,
,"Unknown","Passenger Vehicles",0,,
,,"Light Commercial Vehicles",0,,
"3700","Diesel","Passenger Vehicles",198,,
,,"Light Commercial Vehicles",377,,
,"Electric","Passenger Vehicles",0,,
,,"Light Commercial Vehicles",0,,
,"Petrol leaded","Passenger Vehicles",19,,
,,"Light Commercial Vehicles",18,,
,"Petrol unleaded","Passenger Vehicles",700,,
,,"Light Commercial Vehicles",101,,
,"LPG/Other gases","Passenger Vehicles",3,,
,,"Light Commercial Vehicles",8,,
,"Dual fuel","Passenger Vehicles",22,,
,,"Light Commercial Vehicles",11,,
,"Other","Passenger Vehicles",0,,
,,"Light Commercial Vehicles",0,,
,"Unknown","Passenger Vehicles",0,,
,,"Light Commercial Vehicles",0,,
"3701","Diesel","Passenger Vehicles",210,,
,,"Light Commercial Vehicles",346,,
,"Electric","Passenger Vehicles",0,,
,,"Light Commercial Vehicles",0,,
,"Petrol leaded","Passenger Vehicles",7,,
,,"Light Commercial Vehicles",15,,
,"Petrol unleaded","Passenger Vehicles",471,,
,,"Light Commercial Vehicles",77,,
,"LPG/Other gases","Passenger Vehicles",3,,
,,"Light Commercial Vehicles",3,,
,"Dual fuel","Passenger Vehicles",8,,
,,"Light Commercial Vehicles",11,,
,"Other","Passenger Vehicles",0,,
,,"Light Commercial Vehicles",0,,
,"Unknown","Passenger Vehicles",0,,
,,"Light Commercial Vehicles",0,,
"3704","Diesel","Passenger Vehicles",3,,
,,"Light Commercial Vehicles",9,,
,"Electric","Passenger Vehicles",0,,
,,"Light Commercial Vehicles",0,,
,"Petrol leaded","Passenger Vehicles",0,,
,,"Light Commercial Vehicles",0,,
,"Petrol unleaded","Passenger Vehicles",6,,
,,"Light Commercial Vehicles",3,,
,"LPG/Other gases","Passenger Vehicles",0,,
,,"Light Commercial Vehicles",0,,
,"Dual fuel","Passenger Vehicles",0,,
,,"Light Commercial Vehicles",0,,
,"Other","Passenger Vehicles",0,,
,,"Light Commercial Vehicles",0,,
,"Unknown","Passenger Vehicles",0,,
,,"Light Commercial Vehicles",0,,
"3705","Diesel","Passenger Vehicles",41,,
,,"Light Commercial Vehicles",102,,
,"Electric","Passenger Vehicles",0,,
,,"Light Commercial Vehicles",0,,
,"Petrol leaded","Passenger Vehicles",3,,
,,"Light Commercial Vehicles",4,,
,"Petrol unleaded","Passenger Vehicles",123,,
,,"Light Commercial Vehicles",26,,
,"LPG/Other gases","Passenger Vehicles",0,,
,,"Light Commercial Vehicles",0,,
,"Dual fuel","Passenger Vehicles",3,,
,,"Light Commercial Vehicles",0,,
,"Other","Passenger Vehicles",0,,
,,"Light Commercial Vehicles",0,,
,"Unknown","Passenger Vehicles",0,,
,,"Light Commercial Vehicles",0,,
"3707","Diesel","Passenger Vehicles",286,,
,,"Light Commercial Vehicles",454,,
,"Electric","Passenger Vehicles",0,,
,,"Light Commercial Vehicles",0,,
,"Petrol leaded","Passenger Vehicles",30,,
,,"Light Commercial Vehicles",23,,
,"Petrol unleaded","Passenger Vehicles",798,,
,,"Light Commercial Vehicles",100,,
,"LPG/Other gases","Passenger Vehicles",3,,
,,"Light Commercial Vehicles",3,,
,"Dual fuel","Passenger Vehicles",15,,
,,"Light Commercial Vehicles",13,,
,"Other","Passenger Vehicles",0,,
,,"Light Commercial Vehicles",0,,
,"Unknown","Passenger Vehicles",0,,
,,"Light Commercial Vehicles",0,,
"3708","Diesel","Passenger Vehicles",17,,
,,"Light Commercial Vehicles",34,,
,"Electric","Passenger Vehicles",0,,
,,"Light Commercial Vehicles",0,,
,"Petrol leaded","Passenger Vehicles",0,,
,,"Light Commercial Vehicles",0,,
,"Petrol unleaded","Passenger Vehicles",29,,
,,"Light Commercial Vehicles",9,,
,"LPG/Other gases","Passenger Vehicles",0,,
,,"Light Commercial Vehicles",0,,
,"Dual fuel","Passenger Vehicles",0,,
,,"Light Commercial Vehicles",0,,
,"Other","Passenger Vehicles",0,,
,,"Light Commercial Vehicles",0,,
,"Unknown","Passenger Vehicles",0,,
,,"Light Commercial Vehicles",0,,
"3709","Diesel","Passenger Vehicles",62,,
,,"Light Commercial Vehicles",123,,
,"Electric","Passenger Vehicles",0,,
,,"Light Commercial Vehicles",0,,
,"Petrol leaded","Passenger Vehicles",6,,
,,"Light Commercial Vehicles",3,,
,"Petrol unleaded","Passenger Vehicles",163,,
,,"Light Commercial Vehicles",30,,
,"LPG/Other gases","Passenger Vehicles",3,,
,,"Light Commercial Vehicles",0,,
,"Dual fuel","Passenger Vehicles",4,,
,,"Light Commercial Vehicles",3,,
,"Other","Passenger Vehicles",0,,
,,"Light Commercial Vehicles",0,,
,"Unknown","Passenger Vehicles",0,,
,,"Light Commercial Vehicles",0,,
"3711","Diesel","Passenger Vehicles",105,,
,,"Light Commercial Vehicles",115,,
,"Electric","Passenger Vehicles",3,,
,,"Light Commercial Vehicles",0,,
,"Petrol leaded","Passenger Vehicles",3,,
,,"Light Commercial Vehicles",6,,
,"Petrol unleaded","Passenger Vehicles",257,,
,,"Light Commercial Vehicles",40,,
,"LPG/Other gases","Passenger Vehicles",3,,
,,"Light Commercial Vehicles",3,,
,"Dual fuel","Passenger Vehicles",7,,
,,"Light Commercial Vehicles",7,,
,"Other","Passenger Vehicles",0,,
,,"Light Commercial Vehicles",0,,
,"Unknown","Passenger Vehicles",0,,
,,"Light Commercial Vehicles",0,,
"3712","Diesel","Passenger Vehicles",39,,
,,"Light Commercial Vehicles",96,,
,"Electric","Passenger Vehicles",0,,
,,"Light Commercial Vehicles",0,,
,"Petrol leaded","Passenger Vehicles",9,,
,,"Light Commercial Vehicles",0,,
,"Petrol unleaded","Passenger Vehicles",204,,
,,"Light Commercial Vehicles",22,,
,"LPG/Other gases","Passenger Vehicles",4,,
,,"Light Commercial Vehicles",0,,
,"Dual fuel","Passenger Vehicles",15,,
,,"Light Commercial Vehicles",5,,
,"Other","Passenger Vehicles",0,,
,,"Light Commercial Vehicles",0,,
,"Unknown","Passenger Vehicles",0,,
,,"Light Commercial Vehicles",0,,
"3713","Diesel","Passenger Vehicles",119,,
,,"Light Commercial Vehicles",274,,
,"Electric","Passenger Vehicles",0,,
,,"Light Commercial Vehicles",0,,
,"Petrol leaded","Passenger Vehicles",14,,
,,"Light Commercial Vehicles",9,,
,"Petrol unleaded","Passenger Vehicles",540,,
,,"Light Commercial Vehicles",78,,
,"LPG/Other gases","Passenger Vehicles",4,,
,,"Light Commercial Vehicles",8,,
,"Dual fuel","Passenger Vehicles",28,,
,,"Light Commercial Vehicles",18,,
,"Other","Passenger Vehicles",0,,
,,"Light Commercial Vehicles",0,,
,"Unknown","Passenger Vehicles",0,,
,,"Light Commercial Vehicles",0,,
"3714","Diesel","Passenger Vehicles",475,,
,,"Light Commercial Vehicles",792,,
,"Electric","Passenger Vehicles",0,,
,,"Light Commercial Vehicles",0,,
,"Petrol leaded","Passenger Vehicles",49,,
,,"Light Commercial Vehicles",35,,
,"Petrol unleaded","Passenger Vehicles",1781,,
,,"Light Commercial Vehicles",259,,
,"LPG/Other gases","Passenger Vehicles",17,,
,,"Light Commercial Vehicles",19,,
,"Dual fuel","Passenger Vehicles",73,,
,,"Light Commercial Vehicles",50,,
,"Other","Passenger Vehicles",0,,
,,"Light Commercial Vehicles",0,,
,"Unknown","Passenger Vehicles",0,,
,,"Light Commercial Vehicles",0,,
"3715","Diesel","Passenger Vehicles",69,,
,,"Light Commercial Vehicles",112,,
,"Electric","Passenger Vehicles",0,,
,,"Light Commercial Vehicles",0,,
,"Petrol leaded","Passenger Vehicles",4,,
,,"Light Commercial Vehicles",5,,
,"Petrol unleaded","Passenger Vehicles",131,,
,,"Light Commercial Vehicles",39,,
,"LPG/Other gases","Passenger Vehicles",3,,
,,"Light Commercial Vehicles",0,,
,"Dual fuel","Passenger Vehicles",13,,
,,"Light Commercial Vehicles",4,,
,"Other","Passenger Vehicles",0,,
,,"Light Commercial Vehicles",0,,
,"Unknown","Passenger Vehicles",0,,
,,"Light Commercial Vehicles",0,,
"3717","Diesel","Passenger Vehicles",413,,
,,"Light Commercial Vehicles",666,,
,"Electric","Passenger Vehicles",0,,
,,"Light Commercial Vehicles",0,,
,"Petrol leaded","Passenger Vehicles",45,,
,,"Light Commercial Vehicles",32,,
,"Petrol unleaded","Passenger Vehicles",1437,,
,,"Light Commercial Vehicles",258,,
,"LPG/Other gases","Passenger Vehicles",28,,
,,"Light Commercial Vehicles",24,,
,"Dual fuel","Passenger Vehicles",72,,
,,"Light Commercial Vehicles",40,,
,"Other","Passenger Vehicles",0,,
,,"Light Commercial Vehicles",0,,
,"Unknown","Passenger Vehicles",0,,
,,"Light Commercial Vehicles",0,,
"3718","Diesel","Passenger Vehicles",17,,
,,"Light Commercial Vehicles",32,,
,"Electric","Passenger Vehicles",0,,
,,"Light Commercial Vehicles",0,,
,"Petrol leaded","Passenger Vehicles",5,,
,,"Light Commercial Vehicles",3,,
,"Petrol unleaded","Passenger Vehicles",50,,
,,"Light Commercial Vehicles",10,,
,"LPG/Other gases","Passenger Vehicles",3,,
,,"Light Commercial Vehicles",3,,
,"Dual fuel","Passenger Vehicles",0,,
,,"Light Commercial Vehicles",3,,
,"Other","Passenger Vehicles",0,,
,,"Light Commercial Vehicles",0,,
,"Unknown","Passenger Vehicles",0,,
,,"Light Commercial Vehicles",0,,
"3719","Diesel","Passenger Vehicles",93,,
,,"Light Commercial Vehicles",186,,
,"Electric","Passenger Vehicles",0,,
,,"Light Commercial Vehicles",0,,
,"Petrol leaded","Passenger Vehicles",8,,
,,"Light Commercial Vehicles",6,,
,"Petrol unleaded","Passenger Vehicles",190,,
,,"Light Commercial Vehicles",39,,
,"LPG/Other gases","Passenger Vehicles",3,,
,,"Light Commercial Vehicles",3,,
,"Dual fuel","Passenger Vehicles",5,,
,,"Light Commercial Vehicles",5,,
,"Other","Passenger Vehicles",0,,
,,"Light Commercial Vehicles",0,,
,"Unknown","Passenger Vehicles",0,,
,,"Light Commercial Vehicles",0,,
"3720","Diesel","Passenger Vehicles",125,,
,,"Light Commercial Vehicles",156,,
,"Electric","Passenger Vehicles",0,,
,,"Light Commercial Vehicles",0,,
,"Petrol leaded","Passenger Vehicles",21,,
,,"Light Commercial Vehicles",4,,
,"Petrol unleaded","Passenger Vehicles",337,,
,,"Light Commercial Vehicles",56,,
,"LPG/Other gases","Passenger Vehicles",3,,
,,"Light Commercial Vehicles",0,,
,"Dual fuel","Passenger Vehicles",19,,
,,"Light Commercial Vehicles",13,,
,"Other","Passenger Vehicles",0,,
,,"Light Commercial Vehicles",0,,
,"Unknown","Passenger Vehicles",0,,
,,"Light Commercial Vehicles",0,,
"3722","Diesel","Passenger Vehicles",850,,
,,"Light Commercial Vehicles",1203,,
,"Electric","Passenger Vehicles",3,,
,,"Light Commercial Vehicles",0,,
,"Petrol leaded","Passenger Vehicles",73,,
,,"Light Commercial Vehicles",49,,
,"Petrol unleaded","Passenger Vehicles",2435,,
,,"Light Commercial Vehicles",274,,
,"LPG/Other gases","Passenger Vehicles",16,,
,,"Light Commercial Vehicles",25,,
,"Dual fuel","Passenger Vehicles",41,,
,,"Light Commercial Vehicles",38,,
,"Other","Passenger Vehicles",0,,
,,"Light Commercial Vehicles",3,,
,"Unknown","Passenger Vehicles",0,,
,,"Light Commercial Vehicles",0,,
"3723","Diesel","Passenger Vehicles",546,,
,,"Light Commercial Vehicles",774,,
,"Electric","Passenger Vehicles",0,,
,,"Light Commercial Vehicles",0,,
,"Petrol leaded","Passenger Vehicles",52,,
,,"Light Commercial Vehicles",29,,
,"Petrol unleaded","Passenger Vehicles",1241,,
,,"Light Commercial Vehicles",184,,
,"LPG/Other gases","Passenger Vehicles",6,,
,,"Light Commercial Vehicles",11,,
,"Dual fuel","Passenger Vehicles",49,,
,,"Light Commercial Vehicles",31,,
,"Other","Passenger Vehicles",0,,
,,"Light Commercial Vehicles",0,,
,"Unknown","Passenger Vehicles",0,,
,,"Light Commercial Vehicles",0,,
"3724","Diesel","Passenger Vehicles",8,,
,,"Light Commercial Vehicles",7,,
,"Electric","Passenger Vehicles",0,,
,,"Light Commercial Vehicles",0,,
,"Petrol leaded","Passenger Vehicles",3,,
,,"Light Commercial Vehicles",0,,
,"Petrol unleaded","Passenger Vehicles",18,,
,,"Light Commercial Vehicles",3,,
,"LPG/Other gases","Passenger Vehicles",0,,
,,"Light Commercial Vehicles",0,,
,"Dual fuel","Passenger Vehicles",0,,
,,"Light Commercial Vehicles",3,,
,"Other","Passenger Vehicles",0,,
,,"Light Commercial Vehicles",0,,
,"Unknown","Passenger Vehicles",0,,
,,"Light Commercial Vehicles",0,,
"3725","Diesel","Passenger Vehicles",96,,
,,"Light Commercial Vehicles",180,,
,"Electric","Passenger Vehicles",0,,
,,"Light Commercial Vehicles",0,,
,"Petrol leaded","Passenger Vehicles",12,,
,,"Light Commercial Vehicles",11,,
,"Petrol unleaded","Passenger Vehicles",278,,
,,"Light Commercial Vehicles",54,,
,"LPG/Other gases","Passenger Vehicles",4,,
,,"Light Commercial Vehicles",5,,
,"Dual fuel","Passenger Vehicles",21,,
,,"Light Commercial Vehicles",3,,
,"Other","Passenger Vehicles",0,,
,,"Light Commercial Vehicles",0,,
,"Unknown","Passenger Vehicles",0,,
,,"Light Commercial Vehicles",0,,
"3726","Diesel","Passenger Vehicles",55,,
,,"Light Commercial Vehicles",88,,
,"Electric","Passenger Vehicles",0,,
,,"Light Commercial Vehicles",0,,
,"Petrol leaded","Passenger Vehicles",10,,
,,"Light Commercial Vehicles",3,,
,"Petrol unleaded","Passenger Vehicles",188,,
,,"Light Commercial Vehicles",43,,
,"LPG/Other gases","Passenger Vehicles",7,,
,,"Light Commercial Vehicles",3,,
,"Dual fuel","Passenger Vehicles",10,,
,,"Light Commercial Vehicles",10,,
,"Other","Passenger Vehicles",0,,
,,"Light Commercial Vehicles",0,,
,"Unknown","Passenger Vehicles",0,,
,,"Light Commercial Vehicles",0,,
"3727","Diesel","Passenger Vehicles",57,,
,,"Light Commercial Vehicles",127,,
,"Electric","Passenger Vehicles",0,,
,,"Light Commercial Vehicles",0,,
,"Petrol leaded","Passenger Vehicles",3,,
,,"Light Commercial Vehicles",6,,
,"Petrol unleaded","Passenger Vehicles",156,,
,,"Light Commercial Vehicles",22,,
,"LPG/Other gases","Passenger Vehicles",3,,
,,"Light Commercial Vehicles",0,,
,"Dual fuel","Passenger Vehicles",13,,
,,"Light Commercial Vehicles",6,,
,"Other","Passenger Vehicles",0,,
,,"Light Commercial Vehicles",0,,
,"Unknown","Passenger Vehicles",0,,
,,"Light Commercial Vehicles",0,,
"3728","Diesel","Passenger Vehicles",78,,
,,"Light Commercial Vehicles",168,,
,"Electric","Passenger Vehicles",0,,
,,"Light Commercial Vehicles",0,,
,"Petrol leaded","Passenger Vehicles",14,,
,,"Light Commercial Vehicles",20,,
,"Petrol unleaded","Passenger Vehicles",293,,
,,"Light Commercial Vehicles",50,,
,"LPG/Other gases","Passenger Vehicles",0,,
,,"Light Commercial Vehicles",11,,
,"Dual fuel","Passenger Vehicles",14,,
,,"Light Commercial Vehicles",3,,
,"Other","Passenger Vehicles",0,,
,,"Light Commercial Vehicles",0,,
,"Unknown","Passenger Vehicles",0,,
,,"Light Commercial Vehicles",0,,
"3730","Diesel","Passenger Vehicles",1069,,
,,"Light Commercial Vehicles",1350,,
,"Electric","Passenger Vehicles",3,,
,,"Light Commercial Vehicles",3,,
,"Petrol leaded","Passenger Vehicles",107,,
,,"Light Commercial Vehicles",62,,
,"Petrol unleaded","Passenger Vehicles",4959,,
,,"Light Commercial Vehicles",547,,
,"LPG/Other gases","Passenger Vehicles",29,,
,,"Light Commercial Vehicles",57,,
,"Dual fuel","Passenger Vehicles",116,,
,,"Light Commercial Vehicles",63,,
,"Other","Passenger Vehicles",0,,
,,"Light Commercial Vehicles",0,,
,"Unknown","Passenger Vehicles",0,,
,,"Light Commercial Vehicles",0,,
"3732","Diesel","Passenger Vehicles",101,,
,,"Light Commercial Vehicles",170,,
,"Electric","Passenger Vehicles",0,,
,,"Light Commercial Vehicles",0,,
,"Petrol leaded","Passenger Vehicles",11,,
,,"Light Commercial Vehicles",7,,
,"Petrol unleaded","Passenger Vehicles",287,,
,,"Light Commercial Vehicles",42,,
,"LPG/Other gases","Passenger Vehicles",3,,
,,"Light Commercial Vehicles",0,,
,"Dual fuel","Passenger Vehicles",5,,
,,"Light Commercial Vehicles",3,,
,"Other","Passenger Vehicles",0,,
,,"Light Commercial Vehicles",0,,
,"Unknown","Passenger Vehicles",0,,
,,"Light Commercial Vehicles",0,,
"3733","Diesel","Passenger Vehicles",43,,
,,"Light Commercial Vehicles",56,,
,"Electric","Passenger Vehicles",0,,
,,"Light Commercial Vehicles",0,,
,"Petrol leaded","Passenger Vehicles",5,,
,,"Light Commercial Vehicles",3,,
,"Petrol unleaded","Passenger Vehicles",92,,
,,"Light Commercial Vehicles",15,,
,"LPG/Other gases","Passenger Vehicles",0,,
,,"Light Commercial Vehicles",0,,
,"Dual fuel","Passenger Vehicles",3,,
,,"Light Commercial Vehicles",0,,
,"Other","Passenger Vehicles",0,,
,,"Light Commercial Vehicles",0,,
,"Unknown","Passenger Vehicles",0,,
,,"Light Commercial Vehicles",0,,
"3735","Diesel","Passenger Vehicles",121,,
,,"Light Commercial Vehicles",226,,
,"Electric","Passenger Vehicles",0,,
,,"Light Commercial Vehicles",0,,
,"Petrol leaded","Passenger Vehicles",4,,
,,"Light Commercial Vehicles",5,,
,"Petrol unleaded","Passenger Vehicles",312,,
,,"Light Commercial Vehicles",45,,
,"LPG/Other gases","Passenger Vehicles",0,,
,,"Light Commercial Vehicles",3,,
,"Dual fuel","Passenger Vehicles",5,,
,,"Light Commercial Vehicles",5,,
,"Other","Passenger Vehicles",0,,
,,"Light Commercial Vehicles",0,,
,"Unknown","Passenger Vehicles",0,,
,,"Light Commercial Vehicles",0,,
"3736","Diesel","Passenger Vehicles",3,,
,,"Light Commercial Vehicles",3,,
,"Electric","Passenger Vehicles",0,,
,,"Light Commercial Vehicles",0,,
,"Petrol leaded","Passenger Vehicles",0,,
,,"Light Commercial Vehicles",0,,
,"Petrol unleaded","Passenger Vehicles",5,,
,,"Light Commercial Vehicles",0,,
,"LPG/Other gases","Passenger Vehicles",0,,
,,"Light Commercial Vehicles",0,,
,"Dual fuel","Passenger Vehicles",0,,
,,"Light Commercial Vehicles",0,,
,"Other","Passenger Vehicles",0,,
,,"Light Commercial Vehicles",0,,
,"Unknown","Passenger Vehicles",0,,
,,"Light Commercial Vehicles",0,,
"3737","Diesel","Passenger Vehicles",553,,
,,"Light Commercial Vehicles",928,,
,"Electric","Passenger Vehicles",0,,
,,"Light Commercial Vehicles",0,,
,"Petrol leaded","Passenger Vehicles",63,,
,,"Light Commercial Vehicles",49,,
,"Petrol unleaded","Passenger Vehicles",2160,,
,,"Light Commercial Vehicles",307,,
,"LPG/Other gases","Passenger Vehicles",7,,
,,"Light Commercial Vehicles",19,,
,"Dual fuel","Passenger Vehicles",57,,
,,"Light Commercial Vehicles",35,,
,"Other","Passenger Vehicles",0,,
,,"Light Commercial Vehicles",0,,
,"Unknown","Passenger Vehicles",0,,
,,"Light Commercial Vehicles",0,,
"3738","Diesel","Passenger Vehicles",20,,
,,"Light Commercial Vehicles",36,,
,"Electric","Passenger Vehicles",0,,
,,"Light Commercial Vehicles",0,,
,"Petrol leaded","Passenger Vehicles",3,,
,,"Light Commercial Vehicles",3,,
,"Petrol unleaded","Passenger Vehicles",93,,
,,"Light Commercial Vehicles",15,,
,"LPG/Other gases","Passenger Vehicles",0,,
,,"Light Commercial Vehicles",0,,
,"Dual fuel","Passenger Vehicles",3,,
,,"Light Commercial Vehicles",4,,
,"Other","Passenger Vehicles",0,,
,,"Light Commercial Vehicles",0,,
,"Unknown","Passenger Vehicles",0,,
,,"Light Commercial Vehicles",0,,
"3739","Diesel","Passenger Vehicles",39,,
,,"Light Commercial Vehicles",55,,
,"Electric","Passenger Vehicles",3,,
,,"Light Commercial Vehicles",0,,
,"Petrol leaded","Passenger Vehicles",3,,
,,"Light Commercial Vehicles",0,,
,"Petrol unleaded","Passenger Vehicles",110,,
,,"Light Commercial Vehicles",14,,
,"LPG/Other gases","Passenger Vehicles",0,,
,,"Light Commercial Vehicles",0,,
,"Dual fuel","Passenger Vehicles",5,,
,,"Light Commercial Vehicles",0,,
,"Other","Passenger Vehicles",0,,
,,"Light Commercial Vehicles",0,,
,"Unknown","Passenger Vehicles",0,,
,,"Light Commercial Vehicles",0,,
"3740","Diesel","Passenger Vehicles",180,,
,,"Light Commercial Vehicles",215,,
,"Electric","Passenger Vehicles",0,,
,,"Light Commercial Vehicles",0,,
,"Petrol leaded","Passenger Vehicles",24,,
,,"Light Commercial Vehicles",11,,
,"Petrol unleaded","Passenger Vehicles",535,,
,,"Light Commercial Vehicles",79,,
,"LPG/Other gases","Passenger Vehicles",4,,
,,"Light Commercial Vehicles",5,,
,"Dual fuel","Passenger Vehicles",15,,
,,"Light Commercial Vehicles",8,,
,"Other","Passenger Vehicles",0,,
,,"Light Commercial Vehicles",0,,
,"Unknown","Passenger Vehicles",0,,
,,"Light Commercial Vehicles",0,,
"3741","Diesel","Passenger Vehicles",466,,
,,"Light Commercial Vehicles",525,,
,"Electric","Passenger Vehicles",0,,
,,"Light Commercial Vehicles",0,,
,"Petrol leaded","Passenger Vehicles",34,,
,,"Light Commercial Vehicles",23,,
,"Petrol unleaded","Passenger Vehicles",1543,,
,,"Light Commercial Vehicles",156,,
,"LPG/Other gases","Passenger Vehicles",12,,
,,"Light Commercial Vehicles",11,,
,"Dual fuel","Passenger Vehicles",40,,
,,"Light Commercial Vehicles",16,,
,"Other","Passenger Vehicles",0,,
,,"Light Commercial Vehicles",0,,
,"Unknown","Passenger Vehicles",0,,
,,"Light Commercial Vehicles",0,,
"3744","Diesel","Passenger Vehicles",64,,
,,"Light Commercial Vehicles",105,,
,"Electric","Passenger Vehicles",0,,
,,"Light Commercial Vehicles",0,,
,"Petrol leaded","Passenger Vehicles",3,,
,,"Light Commercial Vehicles",4,,
,"Petrol unleaded","Passenger Vehicles",229,,
,,"Light Commercial Vehicles",35,,
,"LPG/Other gases","Passenger Vehicles",5,,
,,"Light Commercial Vehicles",3,,
,"Dual fuel","Passenger Vehicles",7,,
,,"Light Commercial Vehicles",3,,
,"Other","Passenger Vehicles",0,,
,,"Light Commercial Vehicles",0,,
,"Unknown","Passenger Vehicles",0,,
,,"Light Commercial Vehicles",0,,
"3746","Diesel","Passenger Vehicles",55,,
,,"Light Commercial Vehicles",91,,
,"Electric","Passenger Vehicles",0,,
,,"Light Commercial Vehicles",0,,
,"Petrol leaded","Passenger Vehicles",9,,
,,"Light Commercial Vehicles",5,,
,"Petrol unleaded","Passenger Vehicles",219,,
,,"Light Commercial Vehicles",31,,
,"LPG/Other gases","Passenger Vehicles",0,,
,,"Light Commercial Vehicles",0,,
,"Dual fuel","Passenger Vehicles",7,,
,,"Light Commercial Vehicles",3,,
,"Other","Passenger Vehicles",0,,
,,"Light Commercial Vehicles",0,,
,"Unknown","Passenger Vehicles",0,,
,,"Light Commercial Vehicles",0,,
"3747","Diesel","Passenger Vehicles",656,,
,,"Light Commercial Vehicles",788,,
,"Electric","Passenger Vehicles",0,,
,,"Light Commercial Vehicles",0,,
,"Petrol leaded","Passenger Vehicles",70,,
,,"Light Commercial Vehicles",45,,
,"Petrol unleaded","Passenger Vehicles",2307,,
,,"Light Commercial Vehicles",274,,
,"LPG/Other gases","Passenger Vehicles",18,,
,,"Light Commercial Vehicles",20,,
,"Dual fuel","Passenger Vehicles",55,,
,,"Light Commercial Vehicles",33,,
,"Other","Passenger Vehicles",0,,
,,"Light Commercial Vehicles",0,,
,"Unknown","Passenger Vehicles",0,,
,,"Light Commercial Vehicles",0,,
"3749","Diesel","Passenger Vehicles",302,,
,,"Light Commercial Vehicles",426,,
,"Electric","Passenger Vehicles",0,,
,,"Light Commercial Vehicles",0,,
,"Petrol leaded","Passenger Vehicles",33,,
,,"Light Commercial Vehicles",15,,
,"Petrol unleaded","Passenger Vehicles",944,,
,,"Light Commercial Vehicles",107,,
,"LPG/Other gases","Passenger Vehicles",5,,
,,"Light Commercial Vehicles",8,,
,"Dual fuel","Passenger Vehicles",21,,
,,"Light Commercial Vehicles",18,,
,"Other","Passenger Vehicles",0,,
,,"Light Commercial Vehicles",0,,
,"Unknown","Passenger Vehicles",0,,
,,"Light Commercial Vehicles",0,,
"3750","Diesel","Passenger Vehicles",607,,
,,"Light Commercial Vehicles",421,,
,"Electric","Passenger Vehicles",3,,
,,"Light Commercial Vehicles",3,,
,"Petrol leaded","Passenger Vehicles",26,,
,,"Light Commercial Vehicles",3,,
,"Petrol unleaded","Passenger Vehicles",6671,,
,,"Light Commercial Vehicles",239,,
,"LPG/Other gases","Passenger Vehicles",115,,
,,"Light Commercial Vehicles",26,,
,"Dual fuel","Passenger Vehicles",206,,
,,"Light Commercial Vehicles",27,,
,"Other","Passenger Vehicles",0,,
,,"Light Commercial Vehicles",0,,
,"Unknown","Passenger Vehicles",0,,
,,"Light Commercial Vehicles",0,,
"3751","Diesel","Passenger Vehicles",31,,
,,"Light Commercial Vehicles",33,,
,"Electric","Passenger Vehicles",0,,
,,"Light Commercial Vehicles",0,,
,"Petrol leaded","Passenger Vehicles",10,,
,,"Light Commercial Vehicles",0,,
,"Petrol unleaded","Passenger Vehicles",118,,
,,"Light Commercial Vehicles",26,,
,"LPG/Other gases","Passenger Vehicles",3,,
,,"Light Commercial Vehicles",3,,
,"Dual fuel","Passenger Vehicles",6,,
,,"Light Commercial Vehicles",3,,
,"Other","Passenger Vehicles",0,,
,,"Light Commercial Vehicles",0,,
,"Unknown","Passenger Vehicles",0,,
,,"Light Commercial Vehicles",0,,
"3752","Diesel","Passenger Vehicles",1300,,
,,"Light Commercial Vehicles",1256,,
,"Electric","Passenger Vehicles",6,,
,,"Light Commercial Vehicles",0,,
,"Petrol leaded","Passenger Vehicles",114,,
,,"Light Commercial Vehicles",18,,
,"Petrol unleaded","Passenger Vehicles",13246,,
,,"Light Commercial Vehicles",573,,
,"LPG/Other gases","Passenger Vehicles",102,,
,,"Light Commercial Vehicles",68,,
,"Dual fuel","Passenger Vehicles",251,,
,,"Light Commercial Vehicles",64,,
,"Other","Passenger Vehicles",0,,
,,"Light Commercial Vehicles",0,,
,"Unknown","Passenger Vehicles",0,,
,,"Light Commercial Vehicles",0,,
"3753","Diesel","Passenger Vehicles",262,,
,,"Light Commercial Vehicles",295,,
,"Electric","Passenger Vehicles",3,,
,,"Light Commercial Vehicles",0,,
,"Petrol leaded","Passenger Vehicles",22,,
,,"Light Commercial Vehicles",10,,
,"Petrol unleaded","Passenger Vehicles",1545,,
,,"Light Commercial Vehicles",108,,
,"LPG/Other gases","Passenger Vehicles",23,,
,,"Light Commercial Vehicles",12,,
,"Dual fuel","Passenger Vehicles",42,,
,,"Light Commercial Vehicles",13,,
,"Other","Passenger Vehicles",0,,
,,"Light Commercial Vehicles",0,,
,"Unknown","Passenger Vehicles",0,,
,,"Light Commercial Vehicles",0,,
"3754","Diesel","Passenger Vehicles",2670,,
,,"Light Commercial Vehicles",2264,,
,"Electric","Passenger Vehicles",13,,
,,"Light Commercial Vehicles",0,,
,"Petrol leaded","Passenger Vehicles",139,,
,,"Light Commercial Vehicles",25,,
,"Petrol unleaded","Passenger Vehicles",21671,,
,,"Light Commercial Vehicles",1015,,
,"LPG/Other gases","Passenger Vehicles",175,,
,,"Light Commercial Vehicles",101,,
,"Dual fuel","Passenger Vehicles",357,,
,,"Light Commercial Vehicles",81,,
,"Other","Passenger Vehicles",0,,
,,"Light Commercial Vehicles",0,,
,"Unknown","Passenger Vehicles",0,,
,,"Light Commercial Vehicles",0,,
"3755","Diesel","Passenger Vehicles",29,,
,,"Light Commercial Vehicles",38,,
,"Electric","Passenger Vehicles",0,,
,,"Light Commercial Vehicles",0,,
,"Petrol leaded","Passenger Vehicles",6,,
,,"Light Commercial Vehicles",0,,
,"Petrol unleaded","Passenger Vehicles",144,,
,,"Light Commercial Vehicles",31,,
,"LPG/Other gases","Passenger Vehicles",3,,
,,"Light Commercial Vehicles",3,,
,"Dual fuel","Passenger Vehicles",3,,
,,"Light Commercial Vehicles",5,,
,"Other","Passenger Vehicles",0,,
,,"Light Commercial Vehicles",0,,
,"Unknown","Passenger Vehicles",0,,
,,"Light Commercial Vehicles",0,,
"3756","Diesel","Passenger Vehicles",1124,,
,,"Light Commercial Vehicles",1214,,
,"Electric","Passenger Vehicles",5,,
,,"Light Commercial Vehicles",3,,
,"Petrol leaded","Passenger Vehicles",123,,
,,"Light Commercial Vehicles",45,,
,"Petrol unleaded","Passenger Vehicles",6832,,
,,"Light Commercial Vehicles",595,,
,"LPG/Other gases","Passenger Vehicles",118,,
,,"Light Commercial Vehicles",109,,
,"Dual fuel","Passenger Vehicles",272,,
,,"Light Commercial Vehicles",109,,
,"Other","Passenger Vehicles",3,,
,,"Light Commercial Vehicles",0,,
,"Unknown","Passenger Vehicles",0,,
,,"Light Commercial Vehicles",0,,
"3757","Diesel","Passenger Vehicles",1002,,
,,"Light Commercial Vehicles",1234,,
,"Electric","Passenger Vehicles",4,,
,,"Light Commercial Vehicles",0,,
,"Petrol leaded","Passenger Vehicles",138,,
,,"Light Commercial Vehicles",57,,
,"Petrol unleaded","Passenger Vehicles",4334,,
,,"Light Commercial Vehicles",547,,
,"LPG/Other gases","Passenger Vehicles",57,,
,,"Light Commercial Vehicles",50,,
,"Dual fuel","Passenger Vehicles",169,,
,,"Light Commercial Vehicles",93,,
,"Other","Passenger Vehicles",0,,
,,"Light Commercial Vehicles",0,,
,"Unknown","Passenger Vehicles",0,,
,,"Light Commercial Vehicles",0,,
"3758","Diesel","Passenger Vehicles",280,,
,,"Light Commercial Vehicles",336,,
,"Electric","Passenger Vehicles",0,,
,,"Light Commercial Vehicles",0,,
,"Petrol leaded","Passenger Vehicles",31,,
,,"Light Commercial Vehicles",19,,
,"Petrol unleaded","Passenger Vehicles",1059,,
,,"Light Commercial Vehicles",162,,
,"LPG/Other gases","Passenger Vehicles",21,,
,,"Light Commercial Vehicles",31,,
,"Dual fuel","Passenger Vehicles",50,,
,,"Light Commercial Vehicles",20,,
,"Other","Passenger Vehicles",0,,
,,"Light Commercial Vehicles",0,,
,"Unknown","Passenger Vehicles",0,,
,,"Light Commercial Vehicles",0,,
"3759","Diesel","Passenger Vehicles",148,,
,,"Light Commercial Vehicles",160,,
,"Electric","Passenger Vehicles",3,,
,,"Light Commercial Vehicles",0,,
,"Petrol leaded","Passenger Vehicles",13,,
,,"Light Commercial Vehicles",11,,
,"Petrol unleaded","Passenger Vehicles",511,,
,,"Light Commercial Vehicles",64,,
,"LPG/Other gases","Passenger Vehicles",3,,
,,"Light Commercial Vehicles",5,,
,"Dual fuel","Passenger Vehicles",12,,
,,"Light Commercial Vehicles",10,,
,"Other","Passenger Vehicles",0,,
,,"Light Commercial Vehicles",0,,
,"Unknown","Passenger Vehicles",0,,
,,"Light Commercial Vehicles",0,,
"3760","Diesel","Passenger Vehicles",69,,
,,"Light Commercial Vehicles",71,,
,"Electric","Passenger Vehicles",3,,
,,"Light Commercial Vehicles",0,,
,"Petrol leaded","Passenger Vehicles",11,,
,,"Light Commercial Vehicles",3,,
,"Petrol unleaded","Passenger Vehicles",206,,
,,"Light Commercial Vehicles",34,,
,"LPG/Other gases","Passenger Vehicles",3,,
,,"Light Commercial Vehicles",4,,
,"Dual fuel","Passenger Vehicles",12,,
,,"Light Commercial Vehicles",3,,
,"Other","Passenger Vehicles",0,,
,,"Light Commercial Vehicles",0,,
,"Unknown","Passenger Vehicles",0,,
,,"Light Commercial Vehicles",0,,
"3761","Diesel","Passenger Vehicles",178,,
,,"Light Commercial Vehicles",204,,
,"Electric","Passenger Vehicles",0,,
,,"Light Commercial Vehicles",0,,
,"Petrol leaded","Passenger Vehicles",11,,
,,"Light Commercial Vehicles",0,,
,"Petrol unleaded","Passenger Vehicles",607,,
,,"Light Commercial Vehicles",71,,
,"LPG/Other gases","Passenger Vehicles",5,,
,,"Light Commercial Vehicles",3,,
,"Dual fuel","Passenger Vehicles",21,,
,,"Light Commercial Vehicles",20,,
,"Other","Passenger Vehicles",0,,
,,"Light Commercial Vehicles",0,,
,"Unknown","Passenger Vehicles",0,,
,,"Light Commercial Vehicles",0,,
"3762","Diesel","Passenger Vehicles",26,,
,,"Light Commercial Vehicles",25,,
,"Electric","Passenger Vehicles",0,,
,,"Light Commercial Vehicles",0,,
,"Petrol leaded","Passenger Vehicles",10,,
,,"Light Commercial Vehicles",3,,
,"Petrol unleaded","Passenger Vehicles",64,,
,,"Light Commercial Vehicles",10,,
,"LPG/Other gases","Passenger Vehicles",0,,
,,"Light Commercial Vehicles",3,,
,"Dual fuel","Passenger Vehicles",5,,
,,"Light Commercial Vehicles",4,,
,"Other","Passenger Vehicles",0,,
,,"Light Commercial Vehicles",0,,
,"Unknown","Passenger Vehicles",0,,
,,"Light Commercial Vehicles",0,,
"3763","Diesel","Passenger Vehicles",206,,
,,"Light Commercial Vehicles",289,,
,"Electric","Passenger Vehicles",0,,
,,"Light Commercial Vehicles",0,,
,"Petrol leaded","Passenger Vehicles",18,,
,,"Light Commercial Vehicles",8,,
,"Petrol unleaded","Passenger Vehicles",817,,
,,"Light Commercial Vehicles",127,,
,"LPG/Other gases","Passenger Vehicles",22,,
,,"Light Commercial Vehicles",25,,
,"Dual fuel","Passenger Vehicles",40,,
,,"Light Commercial Vehicles",16,,
,"Other","Passenger Vehicles",0,,
,,"Light Commercial Vehicles",0,,
,"Unknown","Passenger Vehicles",0,,
,,"Light Commercial Vehicles",0,,
"3764","Diesel","Passenger Vehicles",1034,,
,,"Light Commercial Vehicles",1396,,
,"Electric","Passenger Vehicles",3,,
,,"Light Commercial Vehicles",0,,
,"Petrol leaded","Passenger Vehicles",120,,
,,"Light Commercial Vehicles",52,,
,"Petrol unleaded","Passenger Vehicles",4799,,
,,"Light Commercial Vehicles",515,,
,"LPG/Other gases","Passenger Vehicles",76,,
,,"Light Commercial Vehicles",110,,
,"Dual fuel","Passenger Vehicles",194,,
,,"Light Commercial Vehicles",94,,
,"Other","Passenger Vehicles",0,,
,,"Light Commercial Vehicles",3,,
,"Unknown","Passenger Vehicles",0,,
,,"Light Commercial Vehicles",0,,
"3765","Diesel","Passenger Vehicles",622,,
,,"Light Commercial Vehicles",601,,
,"Electric","Passenger Vehicles",6,,
,,"Light Commercial Vehicles",0,,
,"Petrol leaded","Passenger Vehicles",81,,
,,"Light Commercial Vehicles",32,,
,"Petrol unleaded","Passenger Vehicles",3544,,
,,"Light Commercial Vehicles",317,,
,"LPG/Other gases","Passenger Vehicles",28,,
,,"Light Commercial Vehicles",37,,
,"Dual fuel","Passenger Vehicles",123,,
,,"Light Commercial Vehicles",35,,
,"Other","Passenger Vehicles",0,,
,,"Light Commercial Vehicles",0,,
,"Unknown","Passenger Vehicles",0,,
,,"Light Commercial Vehicles",0,,
"3766","Diesel","Passenger Vehicles",117,,
,,"Light Commercial Vehicles",93,,
,"Electric","Passenger Vehicles",0,,
,,"Light Commercial Vehicles",0,,
,"Petrol leaded","Passenger Vehicles",33,,
,,"Light Commercial Vehicles",3,,
,"Petrol unleaded","Passenger Vehicles",685,,
,,"Light Commercial Vehicles",39,,
,"LPG/Other gases","Passenger Vehicles",4,,
,,"Light Commercial Vehicles",5,,
,"Dual fuel","Passenger Vehicles",19,,
,,"Light Commercial Vehicles",3,,
,"Other","Passenger Vehicles",0,,
,,"Light Commercial Vehicles",0,,
,"Unknown","Passenger Vehicles",0,,
,,"Light Commercial Vehicles",0,,
"3767","Diesel","Passenger Vehicles",125,,
,,"Light Commercial Vehicles",76,,
,"Electric","Passenger Vehicles",0,,
,,"Light Commercial Vehicles",0,,
,"Petrol leaded","Passenger Vehicles",12,,
,,"Light Commercial Vehicles",3,,
,"Petrol unleaded","Passenger Vehicles",652,,
,,"Light Commercial Vehicles",48,,
,"LPG/Other gases","Passenger Vehicles",3,,
,,"Light Commercial Vehicles",3,,
,"Dual fuel","Passenger Vehicles",19,,
,,"Light Commercial Vehicles",12,,
,"Other","Passenger Vehicles",0,,
,,"Light Commercial Vehicles",0,,
,"Unknown","Passenger Vehicles",0,,
,,"Light Commercial Vehicles",0,,
"3770","Diesel","Passenger Vehicles",385,,
,,"Light Commercial Vehicles",463,,
,"Electric","Passenger Vehicles",0,,
,,"Light Commercial Vehicles",0,,
,"Petrol leaded","Passenger Vehicles",43,,
,,"Light Commercial Vehicles",17,,
,"Petrol unleaded","Passenger Vehicles",1601,,
,,"Light Commercial Vehicles",167,,
,"LPG/Other gases","Passenger Vehicles",10,,
,,"Light Commercial Vehicles",21,,
,"Dual fuel","Passenger Vehicles",69,,
,,"Light Commercial Vehicles",30,,
,"Other","Passenger Vehicles",3,,
,,"Light Commercial Vehicles",0,,
,"Unknown","Passenger Vehicles",0,,
,,"Light Commercial Vehicles",0,,
"3775","Diesel","Passenger Vehicles",543,,
,,"Light Commercial Vehicles",603,,
,"Electric","Passenger Vehicles",0,,
,,"Light Commercial Vehicles",0,,
,"Petrol leaded","Passenger Vehicles",62,,
,,"Light Commercial Vehicles",21,,
,"Petrol unleaded","Passenger Vehicles",1981,,
,,"Light Commercial Vehicles",219,,
,"LPG/Other gases","Passenger Vehicles",14,,
,,"Light Commercial Vehicles",25,,
,"Dual fuel","Passenger Vehicles",94,,
,,"Light Commercial Vehicles",38,,
,"Other","Passenger Vehicles",0,,
,,"Light Commercial Vehicles",0,,
,"Unknown","Passenger Vehicles",0,,
,,"Light Commercial Vehicles",0,,
"3777","Diesel","Passenger Vehicles",1086,,
,,"Light Commercial Vehicles",1343,,
,"Electric","Passenger Vehicles",0,,
,,"Light Commercial Vehicles",0,,
,"Petrol leaded","Passenger Vehicles",113,,
,,"Light Commercial Vehicles",53,,
,"Petrol unleaded","Passenger Vehicles",5404,,
,,"Light Commercial Vehicles",601,,
,"LPG/Other gases","Passenger Vehicles",50,,
,,"Light Commercial Vehicles",44,,
,"Dual fuel","Passenger Vehicles",250,,
,,"Light Commercial Vehicles",88,,
,"Other","Passenger Vehicles",0,,
,,"Light Commercial Vehicles",0,,
,"Unknown","Passenger Vehicles",0,,
,,"Light Commercial Vehicles",0,,
"3778","Diesel","Passenger Vehicles",36,,
,,"Light Commercial Vehicles",51,,
,"Electric","Passenger Vehicles",0,,
,,"Light Commercial Vehicles",0,,
,"Petrol leaded","Passenger Vehicles",3,,
,,"Light Commercial Vehicles",4,,
,"Petrol unleaded","Passenger Vehicles",96,,
,,"Light Commercial Vehicles",22,,
,"LPG/Other gases","Passenger Vehicles",0,,
,,"Light Commercial Vehicles",0,,
,"Dual fuel","Passenger Vehicles",8,,
,,"Light Commercial Vehicles",6,,
,"Other","Passenger Vehicles",0,,
,,"Light Commercial Vehicles",0,,
,"Unknown","Passenger Vehicles",0,,
,,"Light Commercial Vehicles",0,,
"3779","Diesel","Passenger Vehicles",72,,
,,"Light Commercial Vehicles",90,,
,"Electric","Passenger Vehicles",0,,
,,"Light Commercial Vehicles",0,,
,"Petrol leaded","Passenger Vehicles",6,,
,,"Light Commercial Vehicles",3,,
,"Petrol unleaded","Passenger Vehicles",292,,
,,"Light Commercial Vehicles",28,,
,"LPG/Other gases","Passenger Vehicles",0,,
,,"Light Commercial Vehicles",0,,
,"Dual fuel","Passenger Vehicles",11,,
,,"Light Commercial Vehicles",3,,
,"Other","Passenger Vehicles",0,,
,,"Light Commercial Vehicles",0,,
,"Unknown","Passenger Vehicles",0,,
,,"Light Commercial Vehicles",0,,
"3781","Diesel","Passenger Vehicles",452,,
,,"Light Commercial Vehicles",521,,
,"Electric","Passenger Vehicles",3,,
,,"Light Commercial Vehicles",0,,
,"Petrol leaded","Passenger Vehicles",61,,
,,"Light Commercial Vehicles",17,,
,"Petrol unleaded","Passenger Vehicles",2101,,
,,"Light Commercial Vehicles",200,,
,"LPG/Other gases","Passenger Vehicles",31,,
,,"Light Commercial Vehicles",20,,
,"Dual fuel","Passenger Vehicles",123,,
,,"Light Commercial Vehicles",30,,
,"Other","Passenger Vehicles",0,,
,,"Light Commercial Vehicles",0,,
,"Unknown","Passenger Vehicles",0,,
,,"Light Commercial Vehicles",0,,
"3782","Diesel","Passenger Vehicles",919,,
,,"Light Commercial Vehicles",918,,
,"Electric","Passenger Vehicles",3,,
,,"Light Commercial Vehicles",0,,
,"Petrol leaded","Passenger Vehicles",124,,
,,"Light Commercial Vehicles",45,,
,"Petrol unleaded","Passenger Vehicles",4102,,
,,"Light Commercial Vehicles",375,,
,"LPG/Other gases","Passenger Vehicles",42,,
,,"Light Commercial Vehicles",47,,
,"Dual fuel","Passenger Vehicles",141,,
,,"Light Commercial Vehicles",55,,
,"Other","Passenger Vehicles",0,,
,,"Light Commercial Vehicles",0,,
,"Unknown","Passenger Vehicles",0,,
,,"Light Commercial Vehicles",0,,
"3783","Diesel","Passenger Vehicles",326,,
,,"Light Commercial Vehicles",342,,
,"Electric","Passenger Vehicles",0,,
,,"Light Commercial Vehicles",0,,
,"Petrol leaded","Passenger Vehicles",40,,
,,"Light Commercial Vehicles",17,,
,"Petrol unleaded","Passenger Vehicles",1094,,
,,"Light Commercial Vehicles",134,,
,"LPG/Other gases","Passenger Vehicles",22,,
,,"Light Commercial Vehicles",17,,
,"Dual fuel","Passenger Vehicles",58,,
,,"Light Commercial Vehicles",32,,
,"Other","Passenger Vehicles",3,,
,,"Light Commercial Vehicles",0,,
,"Unknown","Passenger Vehicles",0,,
,,"Light Commercial Vehicles",0,,
"3785","Diesel","Passenger Vehicles",7,,
,,"Light Commercial Vehicles",3,,
,"Electric","Passenger Vehicles",3,,
,,"Light Commercial Vehicles",0,,
,"Petrol leaded","Passenger Vehicles",3,,
,,"Light Commercial Vehicles",0,,
,"Petrol unleaded","Passenger Vehicles",34,,
,,"Light Commercial Vehicles",3,,
,"LPG/Other gases","Passenger Vehicles",0,,
,,"Light Commercial Vehicles",3,,
,"Dual fuel","Passenger Vehicles",0,,
,,"Light Commercial Vehicles",3,,
,"Other","Passenger Vehicles",0,,
,,"Light Commercial Vehicles",0,,
,"Unknown","Passenger Vehicles",0,,
,,"Light Commercial Vehicles",0,,
"3786","Diesel","Passenger Vehicles",186,,
,,"Light Commercial Vehicles",113,,
,"Electric","Passenger Vehicles",0,,
,,"Light Commercial Vehicles",0,,
,"Petrol leaded","Passenger Vehicles",27,,
,,"Light Commercial Vehicles",3,,
,"Petrol unleaded","Passenger Vehicles",822,,
,,"Light Commercial Vehicles",52,,
,"LPG/Other gases","Passenger Vehicles",5,,
,,"Light Commercial Vehicles",8,,
,"Dual fuel","Passenger Vehicles",16,,
,,"Light Commercial Vehicles",6,,
,"Other","Passenger Vehicles",0,,
,,"Light Commercial Vehicles",0,,
,"Unknown","Passenger Vehicles",0,,
,,"Light Commercial Vehicles",0,,
"3787","Diesel","Passenger Vehicles",122,,
,,"Light Commercial Vehicles",64,,
,"Electric","Passenger Vehicles",0,,
,,"Light Commercial Vehicles",0,,
,"Petrol leaded","Passenger Vehicles",8,,
,,"Light Commercial Vehicles",3,,
,"Petrol unleaded","Passenger Vehicles",573,,
,,"Light Commercial Vehicles",17,,
,"LPG/Other gases","Passenger Vehicles",6,,
,,"Light Commercial Vehicles",6,,
,"Dual fuel","Passenger Vehicles",12,,
,,"Light Commercial Vehicles",5,,
,"Other","Passenger Vehicles",0,,
,,"Light Commercial Vehicles",0,,
,"Unknown","Passenger Vehicles",0,,
,,"Light Commercial Vehicles",0,,
"3788","Diesel","Passenger Vehicles",219,,
,,"Light Commercial Vehicles",111,,
,"Electric","Passenger Vehicles",0,,
,,"Light Commercial Vehicles",0,,
,"Petrol leaded","Passenger Vehicles",28,,
,,"Light Commercial Vehicles",5,,
,"Petrol unleaded","Passenger Vehicles",996,,
,,"Light Commercial Vehicles",80,,
,"LPG/Other gases","Passenger Vehicles",10,,
,,"Light Commercial Vehicles",6,,
,"Dual fuel","Passenger Vehicles",42,,
,,"Light Commercial Vehicles",4,,
,"Other","Passenger Vehicles",0,,
,,"Light Commercial Vehicles",0,,
,"Unknown","Passenger Vehicles",0,,
,,"Light Commercial Vehicles",0,,
"3789","Diesel","Passenger Vehicles",37,,
,,"Light Commercial Vehicles",16,,
,"Electric","Passenger Vehicles",0,,
,,"Light Commercial Vehicles",0,,
,"Petrol leaded","Passenger Vehicles",10,,
,,"Light Commercial Vehicles",0,,
,"Petrol unleaded","Passenger Vehicles",167,,
,,"Light Commercial Vehicles",3,,
,"LPG/Other gases","Passenger Vehicles",0,,
,,"Light Commercial Vehicles",0,,
,"Dual fuel","Passenger Vehicles",6,,
,,"Light Commercial Vehicles",0,,
,"Other","Passenger Vehicles",0,,
,,"Light Commercial Vehicles",0,,
,"Unknown","Passenger Vehicles",0,,
,,"Light Commercial Vehicles",0,,
"3791","Diesel","Passenger Vehicles",156,,
,,"Light Commercial Vehicles",125,,
,"Electric","Passenger Vehicles",0,,
,,"Light Commercial Vehicles",0,,
,"Petrol leaded","Passenger Vehicles",21,,
,,"Light Commercial Vehicles",16,,
,"Petrol unleaded","Passenger Vehicles",806,,
,,"Light Commercial Vehicles",58,,
,"LPG/Other gases","Passenger Vehicles",3,,
,,"Light Commercial Vehicles",10,,
,"Dual fuel","Passenger Vehicles",18,,
,,"Light Commercial Vehicles",10,,
,"Other","Passenger Vehicles",0,,
,,"Light Commercial Vehicles",0,,
,"Unknown","Passenger Vehicles",0,,
,,"Light Commercial Vehicles",0,,
"3792","Diesel","Passenger Vehicles",104,,
,,"Light Commercial Vehicles",73,,
,"Electric","Passenger Vehicles",0,,
,,"Light Commercial Vehicles",0,,
,"Petrol leaded","Passenger Vehicles",8,,
,,"Light Commercial Vehicles",6,,
,"Petrol unleaded","Passenger Vehicles",631,,
,,"Light Commercial Vehicles",48,,
,"LPG/Other gases","Passenger Vehicles",4,,
,,"Light Commercial Vehicles",6,,
,"Dual fuel","Passenger Vehicles",23,,
,,"Light Commercial Vehicles",3,,
,"Other","Passenger Vehicles",0,,
,,"Light Commercial Vehicles",0,,
,"Unknown","Passenger Vehicles",0,,
,,"Light Commercial Vehicles",0,,
"3793","Diesel","Passenger Vehicles",359,,
,,"Light Commercial Vehicles",413,,
,"Electric","Passenger Vehicles",3,,
,,"Light Commercial Vehicles",0,,
,"Petrol leaded","Passenger Vehicles",37,,
,,"Light Commercial Vehicles",18,,
,"Petrol unleaded","Passenger Vehicles",1854,,
,,"Light Commercial Vehicles",254,,
,"LPG/Other gases","Passenger Vehicles",14,,
,,"Light Commercial Vehicles",13,,
,"Dual fuel","Passenger Vehicles",69,,
,,"Light Commercial Vehicles",35,,
,"Other","Passenger Vehicles",0,,
,,"Light Commercial Vehicles",0,,
,"Unknown","Passenger Vehicles",0,,
,,"Light Commercial Vehicles",0,,
"3795","Diesel","Passenger Vehicles",201,,
,,"Light Commercial Vehicles",260,,
,"Electric","Passenger Vehicles",0,,
,,"Light Commercial Vehicles",0,,
,"Petrol leaded","Passenger Vehicles",36,,
,,"Light Commercial Vehicles",12,,
,"Petrol unleaded","Passenger Vehicles",729,,
,,"Light Commercial Vehicles",110,,
,"LPG/Other gases","Passenger Vehicles",3,,
,,"Light Commercial Vehicles",14,,
,"Dual fuel","Passenger Vehicles",31,,
,,"Light Commercial Vehicles",16,,
,"Other","Passenger Vehicles",3,,
,,"Light Commercial Vehicles",0,,
,"Unknown","Passenger Vehicles",0,,
,,"Light Commercial Vehicles",0,,
"3796","Diesel","Passenger Vehicles",869,,
,,"Light Commercial Vehicles",948,,
,"Electric","Passenger Vehicles",0,,
,,"Light Commercial Vehicles",0,,
,"Petrol leaded","Passenger Vehicles",92,,
,,"Light Commercial Vehicles",31,,
,"Petrol unleaded","Passenger Vehicles",4763,,
,,"Light Commercial Vehicles",467,,
,"LPG/Other gases","Passenger Vehicles",28,,
,,"Light Commercial Vehicles",44,,
,"Dual fuel","Passenger Vehicles",217,,
,,"Light Commercial Vehicles",80,,
,"Other","Passenger Vehicles",0,,
,,"Light Commercial Vehicles",0,,
,"Unknown","Passenger Vehicles",0,,
,,"Light Commercial Vehicles",0,,
"3797","Diesel","Passenger Vehicles",392,,
,,"Light Commercial Vehicles",498,,
,"Electric","Passenger Vehicles",3,,
,,"Light Commercial Vehicles",0,,
,"Petrol leaded","Passenger Vehicles",31,,
,,"Light Commercial Vehicles",19,,
,"Petrol unleaded","Passenger Vehicles",1790,,
,,"Light Commercial Vehicles",234,,
,"LPG/Other gases","Passenger Vehicles",13,,
,,"Light Commercial Vehicles",19,,
,"Dual fuel","Passenger Vehicles",103,,
,,"Light Commercial Vehicles",53,,
,"Other","Passenger Vehicles",0,,
,,"Light Commercial Vehicles",0,,
,"Unknown","Passenger Vehicles",0,,
,,"Light Commercial Vehicles",0,,
"3799","Diesel","Passenger Vehicles",468,,
,,"Light Commercial Vehicles",720,,
,"Electric","Passenger Vehicles",0,,
,,"Light Commercial Vehicles",0,,
,"Petrol leaded","Passenger Vehicles",83,,
,,"Light Commercial Vehicles",30,,
,"Petrol unleaded","Passenger Vehicles",3034,,
,,"Light Commercial Vehicles",358,,
,"LPG/Other gases","Passenger Vehicles",44,,
,,"Light Commercial Vehicles",43,,
,"Dual fuel","Passenger Vehicles",211,,
,,"Light Commercial Vehicles",86,,
,"Other","Passenger Vehicles",3,,
,,"Light Commercial Vehicles",0,,
,"Unknown","Passenger Vehicles",0,,
,,"Light Commercial Vehicles",0,,
"3800","Diesel","Passenger Vehicles",6,,
,,"Light Commercial Vehicles",4,,
,"Electric","Passenger Vehicles",0,,
,,"Light Commercial Vehicles",0,,
,"Petrol leaded","Passenger Vehicles",0,,
,,"Light Commercial Vehicles",0,,
,"Petrol unleaded","Passenger Vehicles",100,,
,,"Light Commercial Vehicles",3,,
,"LPG/Other gases","Passenger Vehicles",0,,
,,"Light Commercial Vehicles",0,,
,"Dual fuel","Passenger Vehicles",0,,
,,"Light Commercial Vehicles",0,,
,"Other","Passenger Vehicles",0,,
,,"Light Commercial Vehicles",0,,
,"Unknown","Passenger Vehicles",0,,
,,"Light Commercial Vehicles",0,,
"3802","Diesel","Passenger Vehicles",1300,,
,,"Light Commercial Vehicles",874,,
,"Electric","Passenger Vehicles",16,,
,,"Light Commercial Vehicles",0,,
,"Petrol leaded","Passenger Vehicles",103,,
,,"Light Commercial Vehicles",13,,
,"Petrol unleaded","Passenger Vehicles",13935,,
,,"Light Commercial Vehicles",558,,
,"LPG/Other gases","Passenger Vehicles",134,,
,,"Light Commercial Vehicles",55,,
,"Dual fuel","Passenger Vehicles",338,,
,,"Light Commercial Vehicles",67,,
,"Other","Passenger Vehicles",8,,
,,"Light Commercial Vehicles",0,,
,"Unknown","Passenger Vehicles",0,,
,,"Light Commercial Vehicles",0,,
"3803","Diesel","Passenger Vehicles",871,,
,,"Light Commercial Vehicles",1711,,
,"Electric","Passenger Vehicles",12,,
,,"Light Commercial Vehicles",0,,
,"Petrol leaded","Passenger Vehicles",52,,
,,"Light Commercial Vehicles",7,,
,"Petrol unleaded","Passenger Vehicles",6838,,
,,"Light Commercial Vehicles",683,,
,"LPG/Other gases","Passenger Vehicles",93,,
,,"Light Commercial Vehicles",128,,
,"Dual fuel","Passenger Vehicles",195,,
,,"Light Commercial Vehicles",56,,
,"Other","Passenger Vehicles",13,,
,,"Light Commercial Vehicles",0,,
,"Unknown","Passenger Vehicles",0,,
,,"Light Commercial Vehicles",0,,
"3804","Diesel","Passenger Vehicles",968,,
,,"Light Commercial Vehicles",786,,
,"Electric","Passenger Vehicles",3,,
,,"Light Commercial Vehicles",0,,
,"Petrol leaded","Passenger Vehicles",147,,
,,"Light Commercial Vehicles",29,,
,"Petrol unleaded","Passenger Vehicles",4711,,
,,"Light Commercial Vehicles",350,,
,"LPG/Other gases","Passenger Vehicles",57,,
,,"Light Commercial Vehicles",46,,
,"Dual fuel","Passenger Vehicles",134,,
,,"Light Commercial Vehicles",53,,
,"Other","Passenger Vehicles",0,,
,,"Light Commercial Vehicles",0,,
,"Unknown","Passenger Vehicles",0,,
,,"Light Commercial Vehicles",0,,
"3805","Diesel","Passenger Vehicles",3301,,
,,"Light Commercial Vehicles",2964,,
,"Electric","Passenger Vehicles",33,,
,,"Light Commercial Vehicles",0,,
,"Petrol leaded","Passenger Vehicles",271,,
,,"Light Commercial Vehicles",38,,
,"Petrol unleaded","Passenger Vehicles",30088,,
,,"Light Commercial Vehicles",1460,,
,"LPG/Other gases","Passenger Vehicles",301,,
,,"Light Commercial Vehicles",127,,
,"Dual fuel","Passenger Vehicles",804,,
,,"Light Commercial Vehicles",180,,
,"Other","Passenger Vehicles",18,,
,,"Light Commercial Vehicles",0,,
,"Unknown","Passenger Vehicles",0,,
,,"Light Commercial Vehicles",0,,
"3806","Diesel","Passenger Vehicles",3914,,
,,"Light Commercial Vehicles",2768,,
,"Electric","Passenger Vehicles",24,,
,,"Light Commercial Vehicles",3,,
,"Petrol leaded","Passenger Vehicles",275,,
,,"Light Commercial Vehicles",56,,
,"Petrol unleaded","Passenger Vehicles",26681,,
,,"Light Commercial Vehicles",1112,,
,"LPG/Other gases","Passenger Vehicles",184,,
,,"Light Commercial Vehicles",136,,
,"Dual fuel","Passenger Vehicles",465,,
,,"Light Commercial Vehicles",125,,
,"Other","Passenger Vehicles",12,,
,,"Light Commercial Vehicles",0,,
,"Unknown","Passenger Vehicles",0,,
,,"Light Commercial Vehicles",0,,
"3807","Diesel","Passenger Vehicles",747,,
,,"Light Commercial Vehicles",651,,
,"Electric","Passenger Vehicles",4,,
,,"Light Commercial Vehicles",0,,
,"Petrol leaded","Passenger Vehicles",93,,
,,"Light Commercial Vehicles",16,,
,"Petrol unleaded","Passenger Vehicles",3815,,
,,"Light Commercial Vehicles",265,,
,"LPG/Other gases","Passenger Vehicles",31,,
,,"Light Commercial Vehicles",25,,
,"Dual fuel","Passenger Vehicles",80,,
,,"Light Commercial Vehicles",28,,
,"Other","Passenger Vehicles",0,,
,,"Light Commercial Vehicles",0,,
,"Unknown","Passenger Vehicles",0,,
,,"Light Commercial Vehicles",0,,
"3808","Diesel","Passenger Vehicles",469,,
,,"Light Commercial Vehicles",431,,
,"Electric","Passenger Vehicles",3,,
,,"Light Commercial Vehicles",0,,
,"Petrol leaded","Passenger Vehicles",58,,
,,"Light Commercial Vehicles",23,,
,"Petrol unleaded","Passenger Vehicles",1409,,
,,"Light Commercial Vehicles",132,,
,"LPG/Other gases","Passenger Vehicles",12,,
,,"Light Commercial Vehicles",11,,
,"Dual fuel","Passenger Vehicles",51,,
,,"Light Commercial Vehicles",19,,
,"Other","Passenger Vehicles",0,,
,,"Light Commercial Vehicles",0,,
,"Unknown","Passenger Vehicles",0,,
,,"Light Commercial Vehicles",0,,
"3809","Diesel","Passenger Vehicles",839,,
,,"Light Commercial Vehicles",826,,
,"Electric","Passenger Vehicles",3,,
,,"Light Commercial Vehicles",0,,
,"Petrol leaded","Passenger Vehicles",50,,
,,"Light Commercial Vehicles",9,,
,"Petrol unleaded","Passenger Vehicles",6671,,
,,"Light Commercial Vehicles",279,,
,"LPG/Other gases","Passenger Vehicles",66,,
,,"Light Commercial Vehicles",42,,
,"Dual fuel","Passenger Vehicles",149,,
,,"Light Commercial Vehicles",21,,
,"Other","Passenger Vehicles",4,,
,,"Light Commercial Vehicles",0,,
,"Unknown","Passenger Vehicles",0,,
,,"Light Commercial Vehicles",0,,
"3810","Diesel","Passenger Vehicles",3435,,
,,"Light Commercial Vehicles",3880,,
,"Electric","Passenger Vehicles",15,,
,,"Light Commercial Vehicles",0,,
,"Petrol leaded","Passenger Vehicles",245,,
,,"Light Commercial Vehicles",67,,
,"Petrol unleaded","Passenger Vehicles",25654,,
,,"Light Commercial Vehicles",1497,,
,"LPG/Other gases","Passenger Vehicles",275,,
,,"Light Commercial Vehicles",159,,
,"Dual fuel","Passenger Vehicles",749,,
,,"Light Commercial Vehicles",195,,
,"Other","Passenger Vehicles",17,,
,,"Light Commercial Vehicles",0,,
,"Unknown","Passenger Vehicles",0,,
,,"Light Commercial Vehicles",0,,
"3812","Diesel","Passenger Vehicles",340,,
,,"Light Commercial Vehicles",480,,
,"Electric","Passenger Vehicles",3,,
,,"Light Commercial Vehicles",0,,
,"Petrol leaded","Passenger Vehicles",48,,
,,"Light Commercial Vehicles",14,,
,"Petrol unleaded","Passenger Vehicles",1119,,
,,"Light Commercial Vehicles",121,,
,"LPG/Other gases","Passenger Vehicles",16,,
,,"Light Commercial Vehicles",23,,
,"Dual fuel","Passenger Vehicles",71,,
,,"Light Commercial Vehicles",27,,
,"Other","Passenger Vehicles",0,,
,,"Light Commercial Vehicles",0,,
,"Unknown","Passenger Vehicles",0,,
,,"Light Commercial Vehicles",0,,
"3813","Diesel","Passenger Vehicles",151,,
,,"Light Commercial Vehicles",157,,
,"Electric","Passenger Vehicles",0,,
,,"Light Commercial Vehicles",0,,
,"Petrol leaded","Passenger Vehicles",24,,
,,"Light Commercial Vehicles",8,,
,"Petrol unleaded","Passenger Vehicles",431,,
,,"Light Commercial Vehicles",71,,
,"LPG/Other gases","Passenger Vehicles",7,,
,,"Light Commercial Vehicles",9,,
,"Dual fuel","Passenger Vehicles",30,,
,,"Light Commercial Vehicles",16,,
,"Other","Passenger Vehicles",3,,
,,"Light Commercial Vehicles",0,,
,"Unknown","Passenger Vehicles",0,,
,,"Light Commercial Vehicles",0,,
"3814","Diesel","Passenger Vehicles",287,,
,,"Light Commercial Vehicles",401,,
,"Electric","Passenger Vehicles",0,,
,,"Light Commercial Vehicles",0,,
,"Petrol leaded","Passenger Vehicles",32,,
,,"Light Commercial Vehicles",12,,
,"Petrol unleaded","Passenger Vehicles",1098,,
,,"Light Commercial Vehicles",125,,
,"LPG/Other gases","Passenger Vehicles",18,,
,,"Light Commercial Vehicles",31,,
,"Dual fuel","Passenger Vehicles",63,,
,,"Light Commercial Vehicles",24,,
,"Other","Passenger Vehicles",0,,
,,"Light Commercial Vehicles",0,,
,"Unknown","Passenger Vehicles",0,,
,,"Light Commercial Vehicles",0,,
"3815","Diesel","Passenger Vehicles",397,,
,,"Light Commercial Vehicles",491,,
,"Electric","Passenger Vehicles",0,,
,,"Light Commercial Vehicles",0,,
,"Petrol leaded","Passenger Vehicles",48,,
,,"Light Commercial Vehicles",21,,
,"Petrol unleaded","Passenger Vehicles",1458,,
,,"Light Commercial Vehicles",185,,
,"LPG/Other gases","Passenger Vehicles",19,,
,,"Light Commercial Vehicles",24,,
,"Dual fuel","Passenger Vehicles",65,,
,,"Light Commercial Vehicles",30,,
,"Other","Passenger Vehicles",0,,
,,"Light Commercial Vehicles",0,,
,"Unknown","Passenger Vehicles",0,,
,,"Light Commercial Vehicles",0,,
"3816","Diesel","Passenger Vehicles",308,,
,,"Light Commercial Vehicles",415,,
,"Electric","Passenger Vehicles",0,,
,,"Light Commercial Vehicles",0,,
,"Petrol leaded","Passenger Vehicles",42,,
,,"Light Commercial Vehicles",24,,
,"Petrol unleaded","Passenger Vehicles",1321,,
,,"Light Commercial Vehicles",195,,
,"LPG/Other gases","Passenger Vehicles",23,,
,,"Light Commercial Vehicles",16,,
,"Dual fuel","Passenger Vehicles",84,,
,,"Light Commercial Vehicles",25,,
,"Other","Passenger Vehicles",0,,
,,"Light Commercial Vehicles",0,,
,"Unknown","Passenger Vehicles",0,,
,,"Light Commercial Vehicles",0,,
"3818","Diesel","Passenger Vehicles",1587,,
,,"Light Commercial Vehicles",1688,,
,"Electric","Passenger Vehicles",3,,
,,"Light Commercial Vehicles",0,,
,"Petrol leaded","Passenger Vehicles",194,,
,,"Light Commercial Vehicles",62,,
,"Petrol unleaded","Passenger Vehicles",7769,,
,,"Light Commercial Vehicles",658,,
,"LPG/Other gases","Passenger Vehicles",117,,
,,"Light Commercial Vehicles",63,,
,"Dual fuel","Passenger Vehicles",320,,
,,"Light Commercial Vehicles",102,,
,"Other","Passenger Vehicles",3,,
,,"Light Commercial Vehicles",0,,
,"Unknown","Passenger Vehicles",0,,
,,"Light Commercial Vehicles",0,,
"3820","Diesel","Passenger Vehicles",1930,,
,,"Light Commercial Vehicles",1886,,
,"Electric","Passenger Vehicles",4,,
,,"Light Commercial Vehicles",0,,
,"Petrol leaded","Passenger Vehicles",169,,
,,"Light Commercial Vehicles",77,,
,"Petrol unleaded","Passenger Vehicles",9464,,
,,"Light Commercial Vehicles",718,,
,"LPG/Other gases","Passenger Vehicles",113,,
,,"Light Commercial Vehicles",56,,
,"Dual fuel","Passenger Vehicles",295,,
,,"Light Commercial Vehicles",112,,
,"Other","Passenger Vehicles",3,,
,,"Light Commercial Vehicles",0,,
,"Unknown","Passenger Vehicles",0,,
,,"Light Commercial Vehicles",0,,
"3821","Diesel","Passenger Vehicles",449,,
,,"Light Commercial Vehicles",551,,
,"Electric","Passenger Vehicles",3,,
,,"Light Commercial Vehicles",0,,
,"Petrol leaded","Passenger Vehicles",50,,
,,"Light Commercial Vehicles",19,,
,"Petrol unleaded","Passenger Vehicles",1344,,
,,"Light Commercial Vehicles",188,,
,"LPG/Other gases","Passenger Vehicles",18,,
,,"Light Commercial Vehicles",14,,
,"Dual fuel","Passenger Vehicles",55,,
,,"Light Commercial Vehicles",30,,
,"Other","Passenger Vehicles",0,,
,,"Light Commercial Vehicles",0,,
,"Unknown","Passenger Vehicles",0,,
,,"Light Commercial Vehicles",0,,
"3822","Diesel","Passenger Vehicles",133,,
,,"Light Commercial Vehicles",185,,
,"Electric","Passenger Vehicles",3,,
,,"Light Commercial Vehicles",0,,
,"Petrol leaded","Passenger Vehicles",20,,
,,"Light Commercial Vehicles",16,,
,"Petrol unleaded","Passenger Vehicles",473,,
,,"Light Commercial Vehicles",73,,
,"LPG/Other gases","Passenger Vehicles",3,,
,,"Light Commercial Vehicles",3,,
,"Dual fuel","Passenger Vehicles",33,,
,,"Light Commercial Vehicles",13,,
,"Other","Passenger Vehicles",0,,
,,"Light Commercial Vehicles",0,,
,"Unknown","Passenger Vehicles",0,,
,,"Light Commercial Vehicles",0,,
"3823","Diesel","Passenger Vehicles",265,,
,,"Light Commercial Vehicles",318,,
,"Electric","Passenger Vehicles",0,,
,,"Light Commercial Vehicles",0,,
,"Petrol leaded","Passenger Vehicles",20,,
,,"Light Commercial Vehicles",4,,
,"Petrol unleaded","Passenger Vehicles",1025,,
,,"Light Commercial Vehicles",105,,
,"LPG/Other gases","Passenger Vehicles",12,,
,,"Light Commercial Vehicles",14,,
,"Dual fuel","Passenger Vehicles",44,,
,,"Light Commercial Vehicles",11,,
,"Other","Passenger Vehicles",0,,
,,"Light Commercial Vehicles",0,,
,"Unknown","Passenger Vehicles",0,,
,,"Light Commercial Vehicles",0,,
"3824","Diesel","Passenger Vehicles",594,,
,,"Light Commercial Vehicles",761,,
,"Electric","Passenger Vehicles",0,,
,,"Light Commercial Vehicles",0,,
,"Petrol leaded","Passenger Vehicles",53,,
,,"Light Commercial Vehicles",26,,
,"Petrol unleaded","Passenger Vehicles",2518,,
,,"Light Commercial Vehicles",320,,
,"LPG/Other gases","Passenger Vehicles",27,,
,,"Light Commercial Vehicles",33,,
,"Dual fuel","Passenger Vehicles",95,,
,,"Light Commercial Vehicles",44,,
,"Other","Passenger Vehicles",0,,
,,"Light Commercial Vehicles",0,,
,"Unknown","Passenger Vehicles",0,,
,,"Light Commercial Vehicles",0,,
"3825","Diesel","Passenger Vehicles",1884,,
,,"Light Commercial Vehicles",2153,,
,"Electric","Passenger Vehicles",3,,
,,"Light Commercial Vehicles",0,,
,"Petrol leaded","Passenger Vehicles",254,,
,,"Light Commercial Vehicles",116,,
,"Petrol unleaded","Passenger Vehicles",10481,,
,,"Light Commercial Vehicles",1030,,
,"LPG/Other gases","Passenger Vehicles",110,,
,,"Light Commercial Vehicles",74,,
,"Dual fuel","Passenger Vehicles",570,,
,,"Light Commercial Vehicles",200,,
,"Other","Passenger Vehicles",3,,
,,"Light Commercial Vehicles",0,,
,"Unknown","Passenger Vehicles",0,,
,,"Light Commercial Vehicles",0,,
"3831","Diesel","Passenger Vehicles",277,,
,,"Light Commercial Vehicles",289,,
,"Electric","Passenger Vehicles",0,,
,,"Light Commercial Vehicles",0,,
,"Petrol leaded","Passenger Vehicles",26,,
,,"Light Commercial Vehicles",10,,
,"Petrol unleaded","Passenger Vehicles",917,,
,,"Light Commercial Vehicles",96,,
,"LPG/Other gases","Passenger Vehicles",11,,
,,"Light Commercial Vehicles",14,,
,"Dual fuel","Passenger Vehicles",42,,
,,"Light Commercial Vehicles",21,,
,"Other","Passenger Vehicles",0,,
,,"Light Commercial Vehicles",0,,
,"Unknown","Passenger Vehicles",0,,
,,"Light Commercial Vehicles",0,,
"3832","Diesel","Passenger Vehicles",34,,
,,"Light Commercial Vehicles",42,,
,"Electric","Passenger Vehicles",0,,
,,"Light Commercial Vehicles",0,,
,"Petrol leaded","Passenger Vehicles",3,,
,,"Light Commercial Vehicles",0,,
,"Petrol unleaded","Passenger Vehicles",65,,
,,"Light Commercial Vehicles",6,,
,"LPG/Other gases","Passenger Vehicles",0,,
,,"Light Commercial Vehicles",3,,
,"Dual fuel","Passenger Vehicles",4,,
,,"Light Commercial Vehicles",3,,
,"Other","Passenger Vehicles",0,,
,,"Light Commercial Vehicles",0,,
,"Unknown","Passenger Vehicles",0,,
,,"Light Commercial Vehicles",0,,
"3833","Diesel","Passenger Vehicles",50,,
,,"Light Commercial Vehicles",73,,
,"Electric","Passenger Vehicles",0,,
,,"Light Commercial Vehicles",0,,
,"Petrol leaded","Passenger Vehicles",0,,
,,"Light Commercial Vehicles",9,,
,"Petrol unleaded","Passenger Vehicles",169,,
,,"Light Commercial Vehicles",29,,
,"LPG/Other gases","Passenger Vehicles",5,,
,,"Light Commercial Vehicles",3,,
,"Dual fuel","Passenger Vehicles",12,,
,,"Light Commercial Vehicles",8,,
,"Other","Passenger Vehicles",0,,
,,"Light Commercial Vehicles",0,,
,"Unknown","Passenger Vehicles",0,,
,,"Light Commercial Vehicles",0,,
"3835","Diesel","Passenger Vehicles",81,,
,,"Light Commercial Vehicles",138,,
,"Electric","Passenger Vehicles",0,,
,,"Light Commercial Vehicles",0,,
,"Petrol leaded","Passenger Vehicles",8,,
,,"Light Commercial Vehicles",3,,
,"Petrol unleaded","Passenger Vehicles",224,,
,,"Light Commercial Vehicles",23,,
,"LPG/Other gases","Passenger Vehicles",3,,
,,"Light Commercial Vehicles",0,,
,"Dual fuel","Passenger Vehicles",8,,
,,"Light Commercial Vehicles",8,,
,"Other","Passenger Vehicles",0,,
,,"Light Commercial Vehicles",0,,
,"Unknown","Passenger Vehicles",0,,
,,"Light Commercial Vehicles",0,,
"3840","Diesel","Passenger Vehicles",1440,,
,,"Light Commercial Vehicles",1774,,
,"Electric","Passenger Vehicles",0,,
,,"Light Commercial Vehicles",0,,
,"Petrol leaded","Passenger Vehicles",208,,
,,"Light Commercial Vehicles",65,,
,"Petrol unleaded","Passenger Vehicles",8807,,
,,"Light Commercial Vehicles",941,,
,"LPG/Other gases","Passenger Vehicles",89,,
,,"Light Commercial Vehicles",74,,
,"Dual fuel","Passenger Vehicles",372,,
,,"Light Commercial Vehicles",147,,
,"Other","Passenger Vehicles",0,,
,,"Light Commercial Vehicles",0,,
,"Unknown","Passenger Vehicles",0,,
,,"Light Commercial Vehicles",0,,
"3841","Diesel","Passenger Vehicles",0,,
,,"Light Commercial Vehicles",9,,
,"Electric","Passenger Vehicles",0,,
,,"Light Commercial Vehicles",0,,
,"Petrol leaded","Passenger Vehicles",0,,
,,"Light Commercial Vehicles",0,,
,"Petrol unleaded","Passenger Vehicles",5,,
,,"Light Commercial Vehicles",6,,
,"LPG/Other gases","Passenger Vehicles",0,,
,,"Light Commercial Vehicles",0,,
,"Dual fuel","Passenger Vehicles",0,,
,,"Light Commercial Vehicles",0,,
,"Other","Passenger Vehicles",0,,
,,"Light Commercial Vehicles",0,,
,"Unknown","Passenger Vehicles",0,,
,,"Light Commercial Vehicles",0,,
"3842","Diesel","Passenger Vehicles",366,,
,,"Light Commercial Vehicles",305,,
,"Electric","Passenger Vehicles",3,,
,,"Light Commercial Vehicles",0,,
,"Petrol leaded","Passenger Vehicles",37,,
,,"Light Commercial Vehicles",12,,
,"Petrol unleaded","Passenger Vehicles",2385,,
,,"Light Commercial Vehicles",177,,
,"LPG/Other gases","Passenger Vehicles",16,,
,,"Light Commercial Vehicles",20,,
,"Dual fuel","Passenger Vehicles",110,,
,,"Light Commercial Vehicles",22,,
,"Other","Passenger Vehicles",0,,
,,"Light Commercial Vehicles",0,,
,"Unknown","Passenger Vehicles",0,,
,,"Light Commercial Vehicles",0,,
"3844","Diesel","Passenger Vehicles",3350,,
,,"Light Commercial Vehicles",3418,,
,"Electric","Passenger Vehicles",3,,
,,"Light Commercial Vehicles",0,,
,"Petrol leaded","Passenger Vehicles",279,,
,,"Light Commercial Vehicles",90,,
,"Petrol unleaded","Passenger Vehicles",15892,,
,,"Light Commercial Vehicles",1353,,
,"LPG/Other gases","Passenger Vehicles",122,,
,,"Light Commercial Vehicles",116,,
,"Dual fuel","Passenger Vehicles",460,,
,,"Light Commercial Vehicles",148,,
,"Other","Passenger Vehicles",0,,
,,"Light Commercial Vehicles",0,,
,"Unknown","Passenger Vehicles",0,,
,,"Light Commercial Vehicles",0,,
"3847","Diesel","Passenger Vehicles",249,,
,,"Light Commercial Vehicles",451,,
,"Electric","Passenger Vehicles",0,,
,,"Light Commercial Vehicles",0,,
,"Petrol leaded","Passenger Vehicles",28,,
,,"Light Commercial Vehicles",14,,
,"Petrol unleaded","Passenger Vehicles",1071,,
,,"Light Commercial Vehicles",199,,
,"LPG/Other gases","Passenger Vehicles",7,,
,,"Light Commercial Vehicles",14,,
,"Dual fuel","Passenger Vehicles",53,,
,,"Light Commercial Vehicles",19,,
,"Other","Passenger Vehicles",0,,
,,"Light Commercial Vehicles",0,,
,"Unknown","Passenger Vehicles",0,,
,,"Light Commercial Vehicles",0,,
"3850","Diesel","Passenger Vehicles",1486,,
,,"Light Commercial Vehicles",1665,,
,"Electric","Passenger Vehicles",0,,
,,"Light Commercial Vehicles",0,,
,"Petrol leaded","Passenger Vehicles",108,,
,,"Light Commercial Vehicles",51,,
,"Petrol unleaded","Passenger Vehicles",7519,,
,,"Light Commercial Vehicles",653,,
,"LPG/Other gases","Passenger Vehicles",46,,
,,"Light Commercial Vehicles",51,,
,"Dual fuel","Passenger Vehicles",179,,
,,"Light Commercial Vehicles",49,,
,"Other","Passenger Vehicles",3,,
,,"Light Commercial Vehicles",0,,
,"Unknown","Passenger Vehicles",0,,
,,"Light Commercial Vehicles",0,,
"3851","Diesel","Passenger Vehicles",710,,
,,"Light Commercial Vehicles",1101,,
,"Electric","Passenger Vehicles",0,,
,,"Light Commercial Vehicles",0,,
,"Petrol leaded","Passenger Vehicles",46,,
,,"Light Commercial Vehicles",40,,
,"Petrol unleaded","Passenger Vehicles",2351,,
,,"Light Commercial Vehicles",370,,
,"LPG/Other gases","Passenger Vehicles",30,,
,,"Light Commercial Vehicles",31,,
,"Dual fuel","Passenger Vehicles",108,,
,,"Light Commercial Vehicles",64,,
,"Other","Passenger Vehicles",0,,
,,"Light Commercial Vehicles",3,,
,"Unknown","Passenger Vehicles",0,,
,,"Light Commercial Vehicles",3,,
"3852","Diesel","Passenger Vehicles",0,,
,,"Light Commercial Vehicles",10,,
,"Electric","Passenger Vehicles",0,,
,,"Light Commercial Vehicles",0,,
,"Petrol leaded","Passenger Vehicles",0,,
,,"Light Commercial Vehicles",0,,
,"Petrol unleaded","Passenger Vehicles",37,,
,,"Light Commercial Vehicles",3,,
,"LPG/Other gases","Passenger Vehicles",3,,
,,"Light Commercial Vehicles",0,,
,"Dual fuel","Passenger Vehicles",0,,
,,"Light Commercial Vehicles",0,,
,"Other","Passenger Vehicles",0,,
,,"Light Commercial Vehicles",0,,
,"Unknown","Passenger Vehicles",0,,
,,"Light Commercial Vehicles",0,,
"3853","Diesel","Passenger Vehicles",0,,
,,"Light Commercial Vehicles",0,,
,"Electric","Passenger Vehicles",0,,
,,"Light Commercial Vehicles",0,,
,"Petrol leaded","Passenger Vehicles",0,,
,,"Light Commercial Vehicles",0,,
,"Petrol unleaded","Passenger Vehicles",16,,
,,"Light Commercial Vehicles",0,,
,"LPG/Other gases","Passenger Vehicles",0,,
,,"Light Commercial Vehicles",0,,
,"Dual fuel","Passenger Vehicles",0,,
,,"Light Commercial Vehicles",0,,
,"Other","Passenger Vehicles",0,,
,,"Light Commercial Vehicles",0,,
,"Unknown","Passenger Vehicles",0,,
,,"Light Commercial Vehicles",0,,
"3854","Diesel","Passenger Vehicles",206,,
,,"Light Commercial Vehicles",305,,
,"Electric","Passenger Vehicles",0,,
,,"Light Commercial Vehicles",0,,
,"Petrol leaded","Passenger Vehicles",21,,
,,"Light Commercial Vehicles",8,,
,"Petrol unleaded","Passenger Vehicles",627,,
,,"Light Commercial Vehicles",109,,
,"LPG/Other gases","Passenger Vehicles",6,,
,,"Light Commercial Vehicles",5,,
,"Dual fuel","Passenger Vehicles",20,,
,,"Light Commercial Vehicles",14,,
,"Other","Passenger Vehicles",0,,
,,"Light Commercial Vehicles",0,,
,"Unknown","Passenger Vehicles",0,,
,,"Light Commercial Vehicles",0,,
"3856","Diesel","Passenger Vehicles",136,,
,,"Light Commercial Vehicles",236,,
,"Electric","Passenger Vehicles",0,,
,,"Light Commercial Vehicles",0,,
,"Petrol leaded","Passenger Vehicles",7,,
,,"Light Commercial Vehicles",7,,
,"Petrol unleaded","Passenger Vehicles",450,,
,,"Light Commercial Vehicles",48,,
,"LPG/Other gases","Passenger Vehicles",4,,
,,"Light Commercial Vehicles",5,,
,"Dual fuel","Passenger Vehicles",15,,
,,"Light Commercial Vehicles",14,,
,"Other","Passenger Vehicles",0,,
,,"Light Commercial Vehicles",0,,
,"Unknown","Passenger Vehicles",0,,
,,"Light Commercial Vehicles",0,,
"3857","Diesel","Passenger Vehicles",63,,
,,"Light Commercial Vehicles",94,,
,"Electric","Passenger Vehicles",0,,
,,"Light Commercial Vehicles",0,,
,"Petrol leaded","Passenger Vehicles",7,,
,,"Light Commercial Vehicles",4,,
,"Petrol unleaded","Passenger Vehicles",171,,
,,"Light Commercial Vehicles",21,,
,"LPG/Other gases","Passenger Vehicles",3,,
,,"Light Commercial Vehicles",4,,
,"Dual fuel","Passenger Vehicles",9,,
,,"Light Commercial Vehicles",6,,
,"Other","Passenger Vehicles",0,,
,,"Light Commercial Vehicles",0,,
,"Unknown","Passenger Vehicles",0,,
,,"Light Commercial Vehicles",0,,
"3858","Diesel","Passenger Vehicles",424,,
,,"Light Commercial Vehicles",685,,
,"Electric","Passenger Vehicles",0,,
,,"Light Commercial Vehicles",0,,
,"Petrol leaded","Passenger Vehicles",38,,
,,"Light Commercial Vehicles",29,,
,"Petrol unleaded","Passenger Vehicles",1302,,
,,"Light Commercial Vehicles",213,,
,"LPG/Other gases","Passenger Vehicles",8,,
,,"Light Commercial Vehicles",22,,
,"Dual fuel","Passenger Vehicles",63,,
,,"Light Commercial Vehicles",42,,
,"Other","Passenger Vehicles",0,,
,,"Light Commercial Vehicles",0,,
,"Unknown","Passenger Vehicles",0,,
,,"Light Commercial Vehicles",0,,
"3859","Diesel","Passenger Vehicles",124,,
,,"Light Commercial Vehicles",232,,
,"Electric","Passenger Vehicles",0,,
,,"Light Commercial Vehicles",0,,
,"Petrol leaded","Passenger Vehicles",6,,
,,"Light Commercial Vehicles",3,,
,"Petrol unleaded","Passenger Vehicles",350,,
,,"Light Commercial Vehicles",59,,
,"LPG/Other gases","Passenger Vehicles",6,,
,,"Light Commercial Vehicles",5,,
,"Dual fuel","Passenger Vehicles",17,,
,,"Light Commercial Vehicles",12,,
,"Other","Passenger Vehicles",0,,
,,"Light Commercial Vehicles",0,,
,"Unknown","Passenger Vehicles",0,,
,,"Light Commercial Vehicles",0,,
"3860","Diesel","Passenger Vehicles",932,,
,,"Light Commercial Vehicles",1404,,
,"Electric","Passenger Vehicles",0,,
,,"Light Commercial Vehicles",0,,
,"Petrol leaded","Passenger Vehicles",83,,
,,"Light Commercial Vehicles",45,,
,"Petrol unleaded","Passenger Vehicles",3508,,
,,"Light Commercial Vehicles",416,,
,"LPG/Other gases","Passenger Vehicles",19,,
,,"Light Commercial Vehicles",30,,
,"Dual fuel","Passenger Vehicles",148,,
,,"Light Commercial Vehicles",64,,
,"Other","Passenger Vehicles",0,,
,,"Light Commercial Vehicles",0,,
,"Unknown","Passenger Vehicles",0,,
,,"Light Commercial Vehicles",0,,
"3862","Diesel","Passenger Vehicles",437,,
,,"Light Commercial Vehicles",728,,
,"Electric","Passenger Vehicles",3,,
,,"Light Commercial Vehicles",0,,
,"Petrol leaded","Passenger Vehicles",52,,
,,"Light Commercial Vehicles",27,,
,"Petrol unleaded","Passenger Vehicles",1476,,
,,"Light Commercial Vehicles",214,,
,"LPG/Other gases","Passenger Vehicles",18,,
,,"Light Commercial Vehicles",4,,
,"Dual fuel","Passenger Vehicles",62,,
,,"Light Commercial Vehicles",26,,
,"Other","Passenger Vehicles",0,,
,,"Light Commercial Vehicles",0,,
,"Unknown","Passenger Vehicles",0,,
,,"Light Commercial Vehicles",0,,
"3864","Diesel","Passenger Vehicles",32,,
,,"Light Commercial Vehicles",65,,
,"Electric","Passenger Vehicles",0,,
,,"Light Commercial Vehicles",0,,
,"Petrol leaded","Passenger Vehicles",0,,
,,"Light Commercial Vehicles",3,,
,"Petrol unleaded","Passenger Vehicles",100,,
,,"Light Commercial Vehicles",31,,
,"LPG/Other gases","Passenger Vehicles",0,,
,,"Light Commercial Vehicles",0,,
,"Dual fuel","Passenger Vehicles",5,,
,,"Light Commercial Vehicles",0,,
,"Other","Passenger Vehicles",0,,
,,"Light Commercial Vehicles",0,,
,"Unknown","Passenger Vehicles",0,,
,,"Light Commercial Vehicles",0,,
"3865","Diesel","Passenger Vehicles",57,,
,,"Light Commercial Vehicles",130,,
,"Electric","Passenger Vehicles",0,,
,,"Light Commercial Vehicles",0,,
,"Petrol leaded","Passenger Vehicles",3,,
,,"Light Commercial Vehicles",3,,
,"Petrol unleaded","Passenger Vehicles",243,,
,,"Light Commercial Vehicles",35,,
,"LPG/Other gases","Passenger Vehicles",0,,
,,"Light Commercial Vehicles",3,,
,"Dual fuel","Passenger Vehicles",11,,
,,"Light Commercial Vehicles",4,,
,"Other","Passenger Vehicles",0,,
,,"Light Commercial Vehicles",0,,
,"Unknown","Passenger Vehicles",0,,
,,"Light Commercial Vehicles",0,,
"3866","Diesel","Passenger Vehicles",0,,
,,"Light Commercial Vehicles",0,,
,"Electric","Passenger Vehicles",0,,
,,"Light Commercial Vehicles",0,,
,"Petrol leaded","Passenger Vehicles",0,,
,,"Light Commercial Vehicles",0,,
,"Petrol unleaded","Passenger Vehicles",0,,
,,"Light Commercial Vehicles",0,,
,"LPG/Other gases","Passenger Vehicles",0,,
,,"Light Commercial Vehicles",0,,
,"Dual fuel","Passenger Vehicles",0,,
,,"Light Commercial Vehicles",0,,
,"Other","Passenger Vehicles",0,,
,,"Light Commercial Vehicles",0,,
,"Unknown","Passenger Vehicles",0,,
,,"Light Commercial Vehicles",0,,
"3869","Diesel","Passenger Vehicles",255,,
,,"Light Commercial Vehicles",274,,
,"Electric","Passenger Vehicles",0,,
,,"Light Commercial Vehicles",0,,
,"Petrol leaded","Passenger Vehicles",20,,
,,"Light Commercial Vehicles",9,,
,"Petrol unleaded","Passenger Vehicles",877,,
,,"Light Commercial Vehicles",90,,
,"LPG/Other gases","Passenger Vehicles",3,,
,,"Light Commercial Vehicles",4,,
,"Dual fuel","Passenger Vehicles",47,,
,,"Light Commercial Vehicles",18,,
,"Other","Passenger Vehicles",0,,
,,"Light Commercial Vehicles",0,,
,"Unknown","Passenger Vehicles",0,,
,,"Light Commercial Vehicles",0,,
"3870","Diesel","Passenger Vehicles",179,,
,,"Light Commercial Vehicles",210,,
,"Electric","Passenger Vehicles",0,,
,,"Light Commercial Vehicles",0,,
,"Petrol leaded","Passenger Vehicles",23,,
,,"Light Commercial Vehicles",12,,
,"Petrol unleaded","Passenger Vehicles",705,,
,,"Light Commercial Vehicles",95,,
,"LPG/Other gases","Passenger Vehicles",12,,
,,"Light Commercial Vehicles",14,,
,"Dual fuel","Passenger Vehicles",44,,
,,"Light Commercial Vehicles",12,,
,"Other","Passenger Vehicles",0,,
,,"Light Commercial Vehicles",0,,
,"Unknown","Passenger Vehicles",0,,
,,"Light Commercial Vehicles",0,,
"3871","Diesel","Passenger Vehicles",414,,
,,"Light Commercial Vehicles",495,,
,"Electric","Passenger Vehicles",3,,
,,"Light Commercial Vehicles",0,,
,"Petrol leaded","Passenger Vehicles",38,,
,,"Light Commercial Vehicles",19,,
,"Petrol unleaded","Passenger Vehicles",1371,,
,,"Light Commercial Vehicles",164,,
,"LPG/Other gases","Passenger Vehicles",10,,
,,"Light Commercial Vehicles",12,,
,"Dual fuel","Passenger Vehicles",85,,
,,"Light Commercial Vehicles",29,,
,"Other","Passenger Vehicles",3,,
,,"Light Commercial Vehicles",0,,
,"Unknown","Passenger Vehicles",0,,
,,"Light Commercial Vehicles",0,,
"3873","Diesel","Passenger Vehicles",51,,
,,"Light Commercial Vehicles",78,,
,"Electric","Passenger Vehicles",0,,
,,"Light Commercial Vehicles",0,,
,"Petrol leaded","Passenger Vehicles",3,,
,,"Light Commercial Vehicles",6,,
,"Petrol unleaded","Passenger Vehicles",164,,
,,"Light Commercial Vehicles",18,,
,"LPG/Other gases","Passenger Vehicles",3,,
,,"Light Commercial Vehicles",3,,
,"Dual fuel","Passenger Vehicles",8,,
,,"Light Commercial Vehicles",10,,
,"Other","Passenger Vehicles",0,,
,,"Light Commercial Vehicles",0,,
,"Unknown","Passenger Vehicles",0,,
,,"Light Commercial Vehicles",0,,
"3874","Diesel","Passenger Vehicles",82,,
,,"Light Commercial Vehicles",165,,
,"Electric","Passenger Vehicles",0,,
,,"Light Commercial Vehicles",0,,
,"Petrol leaded","Passenger Vehicles",4,,
,,"Light Commercial Vehicles",3,,
,"Petrol unleaded","Passenger Vehicles",293,,
,,"Light Commercial Vehicles",59,,
,"LPG/Other gases","Passenger Vehicles",3,,
,,"Light Commercial Vehicles",3,,
,"Dual fuel","Passenger Vehicles",18,,
,,"Light Commercial Vehicles",8,,
,"Other","Passenger Vehicles",0,,
,,"Light Commercial Vehicles",0,,
,"Unknown","Passenger Vehicles",0,,
,,"Light Commercial Vehicles",0,,
"3875","Diesel","Passenger Vehicles",2398,,
,,"Light Commercial Vehicles",3155,,
,"Electric","Passenger Vehicles",3,,
,,"Light Commercial Vehicles",0,,
,"Petrol leaded","Passenger Vehicles",192,,
,,"Light Commercial Vehicles",109,,
,"Petrol unleaded","Passenger Vehicles",9500,,
,,"Light Commercial Vehicles",1006,,
,"LPG/Other gases","Passenger Vehicles",60,,
,,"Light Commercial Vehicles",60,,
,"Dual fuel","Passenger Vehicles",383,,
,,"Light Commercial Vehicles",171,,
,"Other","Passenger Vehicles",0,,
,,"Light Commercial Vehicles",0,,
,"Unknown","Passenger Vehicles",0,,
,,"Light Commercial Vehicles",0,,
"3878","Diesel","Passenger Vehicles",187,,
,,"Light Commercial Vehicles",147,,
,"Electric","Passenger Vehicles",0,,
,,"Light Commercial Vehicles",0,,
,"Petrol leaded","Passenger Vehicles",14,,
,,"Light Commercial Vehicles",9,,
,"Petrol unleaded","Passenger Vehicles",620,,
,,"Light Commercial Vehicles",57,,
,"LPG/Other gases","Passenger Vehicles",7,,
,,"Light Commercial Vehicles",5,,
,"Dual fuel","Passenger Vehicles",26,,
,,"Light Commercial Vehicles",16,,
,"Other","Passenger Vehicles",0,,
,,"Light Commercial Vehicles",0,,
,"Unknown","Passenger Vehicles",0,,
,,"Light Commercial Vehicles",0,,
"3880","Diesel","Passenger Vehicles",536,,
,,"Light Commercial Vehicles",404,,
,"Electric","Passenger Vehicles",3,,
,,"Light Commercial Vehicles",0,,
,"Petrol leaded","Passenger Vehicles",72,,
,,"Light Commercial Vehicles",21,,
,"Petrol unleaded","Passenger Vehicles",2336,,
,,"Light Commercial Vehicles",213,,
,"LPG/Other gases","Passenger Vehicles",16,,
,,"Light Commercial Vehicles",14,,
,"Dual fuel","Passenger Vehicles",88,,
,,"Light Commercial Vehicles",37,,
,"Other","Passenger Vehicles",0,,
,,"Light Commercial Vehicles",0,,
,"Unknown","Passenger Vehicles",0,,
,,"Light Commercial Vehicles",0,,
"3882","Diesel","Passenger Vehicles",209,,
,,"Light Commercial Vehicles",234,,
,"Electric","Passenger Vehicles",0,,
,,"Light Commercial Vehicles",0,,
,"Petrol leaded","Passenger Vehicles",21,,
,,"Light Commercial Vehicles",8,,
,"Petrol unleaded","Passenger Vehicles",559,,
,,"Light Commercial Vehicles",70,,
,"LPG/Other gases","Passenger Vehicles",6,,
,,"Light Commercial Vehicles",5,,
,"Dual fuel","Passenger Vehicles",29,,
,,"Light Commercial Vehicles",13,,
,"Other","Passenger Vehicles",3,,
,,"Light Commercial Vehicles",0,,
,"Unknown","Passenger Vehicles",0,,
,,"Light Commercial Vehicles",0,,
"3885","Diesel","Passenger Vehicles",246,,
,,"Light Commercial Vehicles",486,,
,"Electric","Passenger Vehicles",0,,
,,"Light Commercial Vehicles",0,,
,"Petrol leaded","Passenger Vehicles",14,,
,,"Light Commercial Vehicles",18,,
,"Petrol unleaded","Passenger Vehicles",857,,
,,"Light Commercial Vehicles",120,,
,"LPG/Other gases","Passenger Vehicles",12,,
,,"Light Commercial Vehicles",9,,
,"Dual fuel","Passenger Vehicles",31,,
,,"Light Commercial Vehicles",18,,
,"Other","Passenger Vehicles",0,,
,,"Light Commercial Vehicles",0,,
,"Unknown","Passenger Vehicles",0,,
,,"Light Commercial Vehicles",0,,
"3886","Diesel","Passenger Vehicles",66,,
,,"Light Commercial Vehicles",124,,
,"Electric","Passenger Vehicles",0,,
,,"Light Commercial Vehicles",0,,
,"Petrol leaded","Passenger Vehicles",9,,
,,"Light Commercial Vehicles",3,,
,"Petrol unleaded","Passenger Vehicles",148,,
,,"Light Commercial Vehicles",21,,
,"LPG/Other gases","Passenger Vehicles",0,,
,,"Light Commercial Vehicles",0,,
,"Dual fuel","Passenger Vehicles",4,,
,,"Light Commercial Vehicles",3,,
,"Other","Passenger Vehicles",0,,
,,"Light Commercial Vehicles",0,,
,"Unknown","Passenger Vehicles",0,,
,,"Light Commercial Vehicles",0,,
"3887","Diesel","Passenger Vehicles",37,,
,,"Light Commercial Vehicles",73,,
,"Electric","Passenger Vehicles",0,,
,,"Light Commercial Vehicles",0,,
,"Petrol leaded","Passenger Vehicles",10,,
,,"Light Commercial Vehicles",3,,
,"Petrol unleaded","Passenger Vehicles",166,,
,,"Light Commercial Vehicles",28,,
,"LPG/Other gases","Passenger Vehicles",0,,
,,"Light Commercial Vehicles",0,,
,"Dual fuel","Passenger Vehicles",12,,
,,"Light Commercial Vehicles",5,,
,"Other","Passenger Vehicles",3,,
,,"Light Commercial Vehicles",0,,
,"Unknown","Passenger Vehicles",0,,
,,"Light Commercial Vehicles",0,,
"3888","Diesel","Passenger Vehicles",410,,
,,"Light Commercial Vehicles",787,,
,"Electric","Passenger Vehicles",0,,
,,"Light Commercial Vehicles",0,,
,"Petrol leaded","Passenger Vehicles",42,,
,,"Light Commercial Vehicles",32,,
,"Petrol unleaded","Passenger Vehicles",1576,,
,,"Light Commercial Vehicles",188,,
,"LPG/Other gases","Passenger Vehicles",10,,
,,"Light Commercial Vehicles",3,,
,"Dual fuel","Passenger Vehicles",63,,
,,"Light Commercial Vehicles",46,,
,"Other","Passenger Vehicles",0,,
,,"Light Commercial Vehicles",0,,
,"Unknown","Passenger Vehicles",0,,
,,"Light Commercial Vehicles",0,,
"3889","Diesel","Passenger Vehicles",22,,
,,"Light Commercial Vehicles",44,,
,"Electric","Passenger Vehicles",0,,
,,"Light Commercial Vehicles",0,,
,"Petrol leaded","Passenger Vehicles",3,,
,,"Light Commercial Vehicles",3,,
,"Petrol unleaded","Passenger Vehicles",71,,
,,"Light Commercial Vehicles",26,,
,"LPG/Other gases","Passenger Vehicles",0,,
,,"Light Commercial Vehicles",0,,
,"Dual fuel","Passenger Vehicles",4,,
,,"Light Commercial Vehicles",4,,
,"Other","Passenger Vehicles",0,,
,,"Light Commercial Vehicles",0,,
,"Unknown","Passenger Vehicles",0,,
,,"Light Commercial Vehicles",0,,
"3890","Diesel","Passenger Vehicles",45,,
,,"Light Commercial Vehicles",83,,
,"Electric","Passenger Vehicles",0,,
,,"Light Commercial Vehicles",0,,
,"Petrol leaded","Passenger Vehicles",3,,
,,"Light Commercial Vehicles",3,,
,"Petrol unleaded","Passenger Vehicles",125,,
,,"Light Commercial Vehicles",35,,
,"LPG/Other gases","Passenger Vehicles",0,,
,,"Light Commercial Vehicles",0,,
,"Dual fuel","Passenger Vehicles",14,,
,,"Light Commercial Vehicles",5,,
,"Other","Passenger Vehicles",0,,
,,"Light Commercial Vehicles",0,,
,"Unknown","Passenger Vehicles",0,,
,,"Light Commercial Vehicles",0,,
"3891","Diesel","Passenger Vehicles",19,,
,,"Light Commercial Vehicles",45,,
,"Electric","Passenger Vehicles",0,,
,,"Light Commercial Vehicles",0,,
,"Petrol leaded","Passenger Vehicles",5,,
,,"Light Commercial Vehicles",0,,
,"Petrol unleaded","Passenger Vehicles",69,,
,,"Light Commercial Vehicles",16,,
,"LPG/Other gases","Passenger Vehicles",0,,
,,"Light Commercial Vehicles",0,,
,"Dual fuel","Passenger Vehicles",0,,
,,"Light Commercial Vehicles",3,,
,"Other","Passenger Vehicles",0,,
,,"Light Commercial Vehicles",0,,
,"Unknown","Passenger Vehicles",0,,
,,"Light Commercial Vehicles",0,,
"3892","Diesel","Passenger Vehicles",178,,
,,"Light Commercial Vehicles",171,,
,"Electric","Passenger Vehicles",3,,
,,"Light Commercial Vehicles",0,,
,"Petrol leaded","Passenger Vehicles",10,,
,,"Light Commercial Vehicles",12,,
,"Petrol unleaded","Passenger Vehicles",577,,
,,"Light Commercial Vehicles",81,,
,"LPG/Other gases","Passenger Vehicles",5,,
,,"Light Commercial Vehicles",3,,
,"Dual fuel","Passenger Vehicles",17,,
,,"Light Commercial Vehicles",5,,
,"Other","Passenger Vehicles",0,,
,,"Light Commercial Vehicles",0,,
,"Unknown","Passenger Vehicles",0,,
,,"Light Commercial Vehicles",0,,
"3893","Diesel","Passenger Vehicles",3,,
,,"Light Commercial Vehicles",5,,
,"Electric","Passenger Vehicles",0,,
,,"Light Commercial Vehicles",0,,
,"Petrol leaded","Passenger Vehicles",0,,
,,"Light Commercial Vehicles",0,,
,"Petrol unleaded","Passenger Vehicles",3,,
,,"Light Commercial Vehicles",3,,
,"LPG/Other gases","Passenger Vehicles",0,,
,,"Light Commercial Vehicles",0,,
,"Dual fuel","Passenger Vehicles",0,,
,,"Light Commercial Vehicles",0,,
,"Other","Passenger Vehicles",0,,
,,"Light Commercial Vehicles",0,,
,"Unknown","Passenger Vehicles",0,,
,,"Light Commercial Vehicles",0,,
"3895","Diesel","Passenger Vehicles",27,,
,,"Light Commercial Vehicles",78,,
,"Electric","Passenger Vehicles",0,,
,,"Light Commercial Vehicles",0,,
,"Petrol leaded","Passenger Vehicles",3,,
,,"Light Commercial Vehicles",3,,
,"Petrol unleaded","Passenger Vehicles",71,,
,,"Light Commercial Vehicles",9,,
,"LPG/Other gases","Passenger Vehicles",0,,
,,"Light Commercial Vehicles",0,,
,"Dual fuel","Passenger Vehicles",0,,
,,"Light Commercial Vehicles",3,,
,"Other","Passenger Vehicles",0,,
,,"Light Commercial Vehicles",0,,
,"Unknown","Passenger Vehicles",0,,
,,"Light Commercial Vehicles",0,,
"3896","Diesel","Passenger Vehicles",64,,
,,"Light Commercial Vehicles",135,,
,"Electric","Passenger Vehicles",0,,
,,"Light Commercial Vehicles",0,,
,"Petrol leaded","Passenger Vehicles",6,,
,,"Light Commercial Vehicles",3,,
,"Petrol unleaded","Passenger Vehicles",189,,
,,"Light Commercial Vehicles",23,,
,"LPG/Other gases","Passenger Vehicles",0,,
,,"Light Commercial Vehicles",0,,
,"Dual fuel","Passenger Vehicles",11,,
,,"Light Commercial Vehicles",10,,
,"Other","Passenger Vehicles",0,,
,,"Light Commercial Vehicles",0,,
,"Unknown","Passenger Vehicles",0,,
,,"Light Commercial Vehicles",0,,
"3898","Diesel","Passenger Vehicles",121,,
,,"Light Commercial Vehicles",210,,
,"Electric","Passenger Vehicles",0,,
,,"Light Commercial Vehicles",0,,
,"Petrol leaded","Passenger Vehicles",5,,
,,"Light Commercial Vehicles",4,,
,"Petrol unleaded","Passenger Vehicles",282,,
,,"Light Commercial Vehicles",41,,
,"LPG/Other gases","Passenger Vehicles",0,,
,,"Light Commercial Vehicles",0,,
,"Dual fuel","Passenger Vehicles",10,,
,,"Light Commercial Vehicles",5,,
,"Other","Passenger Vehicles",0,,
,,"Light Commercial Vehicles",0,,
,"Unknown","Passenger Vehicles",0,,
,,"Light Commercial Vehicles",0,,
"3900","Diesel","Passenger Vehicles",27,,
,,"Light Commercial Vehicles",92,,
,"Electric","Passenger Vehicles",0,,
,,"Light Commercial Vehicles",0,,
,"Petrol leaded","Passenger Vehicles",3,,
,,"Light Commercial Vehicles",0,,
,"Petrol unleaded","Passenger Vehicles",83,,
,,"Light Commercial Vehicles",23,,
,"LPG/Other gases","Passenger Vehicles",0,,
,,"Light Commercial Vehicles",0,,
,"Dual fuel","Passenger Vehicles",0,,
,,"Light Commercial Vehicles",0,,
,"Other","Passenger Vehicles",0,,
,,"Light Commercial Vehicles",0,,
,"Unknown","Passenger Vehicles",0,,
,,"Light Commercial Vehicles",0,,
"3902","Diesel","Passenger Vehicles",63,,
,,"Light Commercial Vehicles",91,,
,"Electric","Passenger Vehicles",0,,
,,"Light Commercial Vehicles",0,,
,"Petrol leaded","Passenger Vehicles",0,,
,,"Light Commercial Vehicles",3,,
,"Petrol unleaded","Passenger Vehicles",200,,
,,"Light Commercial Vehicles",27,,
,"LPG/Other gases","Passenger Vehicles",5,,
,,"Light Commercial Vehicles",0,,
,"Dual fuel","Passenger Vehicles",15,,
,,"Light Commercial Vehicles",9,,
,"Other","Passenger Vehicles",0,,
,,"Light Commercial Vehicles",0,,
,"Unknown","Passenger Vehicles",0,,
,,"Light Commercial Vehicles",0,,
"3903","Diesel","Passenger Vehicles",146,,
,,"Light Commercial Vehicles",175,,
,"Electric","Passenger Vehicles",0,,
,,"Light Commercial Vehicles",0,,
,"Petrol leaded","Passenger Vehicles",10,,
,,"Light Commercial Vehicles",13,,
,"Petrol unleaded","Passenger Vehicles",361,,
,,"Light Commercial Vehicles",53,,
,"LPG/Other gases","Passenger Vehicles",5,,
,,"Light Commercial Vehicles",9,,
,"Dual fuel","Passenger Vehicles",19,,
,,"Light Commercial Vehicles",3,,
,"Other","Passenger Vehicles",0,,
,,"Light Commercial Vehicles",0,,
,"Unknown","Passenger Vehicles",0,,
,,"Light Commercial Vehicles",0,,
"3904","Diesel","Passenger Vehicles",262,,
,,"Light Commercial Vehicles",241,,
,"Electric","Passenger Vehicles",0,,
,,"Light Commercial Vehicles",0,,
,"Petrol leaded","Passenger Vehicles",24,,
,,"Light Commercial Vehicles",9,,
,"Petrol unleaded","Passenger Vehicles",880,,
,,"Light Commercial Vehicles",90,,
,"LPG/Other gases","Passenger Vehicles",4,,
,,"Light Commercial Vehicles",10,,
,"Dual fuel","Passenger Vehicles",29,,
,,"Light Commercial Vehicles",12,,
,"Other","Passenger Vehicles",0,,
,,"Light Commercial Vehicles",0,,
,"Unknown","Passenger Vehicles",0,,
,,"Light Commercial Vehicles",0,,
"3909","Diesel","Passenger Vehicles",876,,
,,"Light Commercial Vehicles",1077,,
,"Electric","Passenger Vehicles",0,,
,,"Light Commercial Vehicles",0,,
,"Petrol leaded","Passenger Vehicles",75,,
,,"Light Commercial Vehicles",40,,
,"Petrol unleaded","Passenger Vehicles",4216,,
,,"Light Commercial Vehicles",435,,
,"LPG/Other gases","Passenger Vehicles",29,,
,,"Light Commercial Vehicles",17,,
,"Dual fuel","Passenger Vehicles",198,,
,,"Light Commercial Vehicles",87,,
,"Other","Passenger Vehicles",0,,
,,"Light Commercial Vehicles",0,,
,"Unknown","Passenger Vehicles",0,,
,,"Light Commercial Vehicles",0,,
"3910","Diesel","Passenger Vehicles",1736,,
,,"Light Commercial Vehicles",1936,,
,"Electric","Passenger Vehicles",3,,
,,"Light Commercial Vehicles",0,,
,"Petrol leaded","Passenger Vehicles",201,,
,,"Light Commercial Vehicles",38,,
,"Petrol unleaded","Passenger Vehicles",12222,,
,,"Light Commercial Vehicles",891,,
,"LPG/Other gases","Passenger Vehicles",130,,
,,"Light Commercial Vehicles",87,,
,"Dual fuel","Passenger Vehicles",324,,
,,"Light Commercial Vehicles",111,,
,"Other","Passenger Vehicles",8,,
,,"Light Commercial Vehicles",0,,
,"Unknown","Passenger Vehicles",0,,
,,"Light Commercial Vehicles",0,,
"3911","Diesel","Passenger Vehicles",333,,
,,"Light Commercial Vehicles",521,,
,"Electric","Passenger Vehicles",0,,
,,"Light Commercial Vehicles",3,,
,"Petrol leaded","Passenger Vehicles",66,,
,,"Light Commercial Vehicles",20,,
,"Petrol unleaded","Passenger Vehicles",1861,,
,,"Light Commercial Vehicles",228,,
,"LPG/Other gases","Passenger Vehicles",14,,
,,"Light Commercial Vehicles",26,,
,"Dual fuel","Passenger Vehicles",54,,
,,"Light Commercial Vehicles",30,,
,"Other","Passenger Vehicles",0,,
,,"Light Commercial Vehicles",0,,
,"Unknown","Passenger Vehicles",0,,
,,"Light Commercial Vehicles",0,,
"3912","Diesel","Passenger Vehicles",1433,,
,,"Light Commercial Vehicles",1801,,
,"Electric","Passenger Vehicles",0,,
,,"Light Commercial Vehicles",0,,
,"Petrol leaded","Passenger Vehicles",172,,
,,"Light Commercial Vehicles",48,,
,"Petrol unleaded","Passenger Vehicles",7987,,
,,"Light Commercial Vehicles",830,,
,"LPG/Other gases","Passenger Vehicles",69,,
,,"Light Commercial Vehicles",92,,
,"Dual fuel","Passenger Vehicles",300,,
,,"Light Commercial Vehicles",102,,
,"Other","Passenger Vehicles",0,,
,,"Light Commercial Vehicles",0,,
,"Unknown","Passenger Vehicles",0,,
,,"Light Commercial Vehicles",0,,
"3913","Diesel","Passenger Vehicles",370,,
,,"Light Commercial Vehicles",453,,
,"Electric","Passenger Vehicles",0,,
,,"Light Commercial Vehicles",0,,
,"Petrol leaded","Passenger Vehicles",37,,
,,"Light Commercial Vehicles",14,,
,"Petrol unleaded","Passenger Vehicles",1904,,
,,"Light Commercial Vehicles",203,,
,"LPG/Other gases","Passenger Vehicles",18,,
,,"Light Commercial Vehicles",32,,
,"Dual fuel","Passenger Vehicles",53,,
,,"Light Commercial Vehicles",28,,
,"Other","Passenger Vehicles",0,,
,,"Light Commercial Vehicles",0,,
,"Unknown","Passenger Vehicles",0,,
,,"Light Commercial Vehicles",0,,
"3915","Diesel","Passenger Vehicles",745,,
,,"Light Commercial Vehicles",948,,
,"Electric","Passenger Vehicles",3,,
,,"Light Commercial Vehicles",0,,
,"Petrol leaded","Passenger Vehicles",69,,
,,"Light Commercial Vehicles",22,,
,"Petrol unleaded","Passenger Vehicles",5421,,
,,"Light Commercial Vehicles",450,,
,"LPG/Other gases","Passenger Vehicles",54,,
,,"Light Commercial Vehicles",53,,
,"Dual fuel","Passenger Vehicles",226,,
,,"Light Commercial Vehicles",64,,
,"Other","Passenger Vehicles",0,,
,,"Light Commercial Vehicles",0,,
,"Unknown","Passenger Vehicles",0,,
,,"Light Commercial Vehicles",0,,
"3916","Diesel","Passenger Vehicles",223,,
,,"Light Commercial Vehicles",127,,
,"Electric","Passenger Vehicles",0,,
,,"Light Commercial Vehicles",0,,
,"Petrol leaded","Passenger Vehicles",19,,
,,"Light Commercial Vehicles",6,,
,"Petrol unleaded","Passenger Vehicles",504,,
,,"Light Commercial Vehicles",43,,
,"LPG/Other gases","Passenger Vehicles",11,,
,,"Light Commercial Vehicles",6,,
,"Dual fuel","Passenger Vehicles",23,,
,,"Light Commercial Vehicles",3,,
,"Other","Passenger Vehicles",0,,
,,"Light Commercial Vehicles",0,,
,"Unknown","Passenger Vehicles",0,,
,,"Light Commercial Vehicles",0,,
"3918","Diesel","Passenger Vehicles",432,,
,,"Light Commercial Vehicles",482,,
,"Electric","Passenger Vehicles",0,,
,,"Light Commercial Vehicles",0,,
,"Petrol leaded","Passenger Vehicles",46,,
,,"Light Commercial Vehicles",14,,
,"Petrol unleaded","Passenger Vehicles",1998,,
,,"Light Commercial Vehicles",217,,
,"LPG/Other gases","Passenger Vehicles",24,,
,,"Light Commercial Vehicles",19,,
,"Dual fuel","Passenger Vehicles",84,,
,,"Light Commercial Vehicles",33,,
,"Other","Passenger Vehicles",0,,
,,"Light Commercial Vehicles",0,,
,"Unknown","Passenger Vehicles",0,,
,,"Light Commercial Vehicles",0,,
"3919","Diesel","Passenger Vehicles",253,,
,,"Light Commercial Vehicles",326,,
,"Electric","Passenger Vehicles",0,,
,,"Light Commercial Vehicles",0,,
,"Petrol leaded","Passenger Vehicles",18,,
,,"Light Commercial Vehicles",5,,
,"Petrol unleaded","Passenger Vehicles",1596,,
,,"Light Commercial Vehicles",164,,
,"LPG/Other gases","Passenger Vehicles",10,,
,,"Light Commercial Vehicles",24,,
,"Dual fuel","Passenger Vehicles",78,,
,,"Light Commercial Vehicles",38,,
,"Other","Passenger Vehicles",0,,
,,"Light Commercial Vehicles",0,,
,"Unknown","Passenger Vehicles",0,,
,,"Light Commercial Vehicles",0,,
"3920","Diesel","Passenger Vehicles",43,,
,,"Light Commercial Vehicles",65,,
,"Electric","Passenger Vehicles",0,,
,,"Light Commercial Vehicles",0,,
,"Petrol leaded","Passenger Vehicles",3,,
,,"Light Commercial Vehicles",0,,
,"Petrol unleaded","Passenger Vehicles",313,,
,,"Light Commercial Vehicles",29,,
,"LPG/Other gases","Passenger Vehicles",0,,
,,"Light Commercial Vehicles",0,,
,"Dual fuel","Passenger Vehicles",3,,
,,"Light Commercial Vehicles",0,,
,"Other","Passenger Vehicles",0,,
,,"Light Commercial Vehicles",0,,
,"Unknown","Passenger Vehicles",0,,
,,"Light Commercial Vehicles",0,,
"3921","Diesel","Passenger Vehicles",17,,
,,"Light Commercial Vehicles",27,,
,"Electric","Passenger Vehicles",0,,
,,"Light Commercial Vehicles",0,,
,"Petrol leaded","Passenger Vehicles",0,,
,,"Light Commercial Vehicles",0,,
,"Petrol unleaded","Passenger Vehicles",79,,
,,"Light Commercial Vehicles",14,,
,"LPG/Other gases","Passenger Vehicles",0,,
,,"Light Commercial Vehicles",0,,
,"Dual fuel","Passenger Vehicles",0,,
,,"Light Commercial Vehicles",0,,
,"Other","Passenger Vehicles",0,,
,,"Light Commercial Vehicles",0,,
,"Unknown","Passenger Vehicles",0,,
,,"Light Commercial Vehicles",0,,
"3922","Diesel","Passenger Vehicles",959,,
,,"Light Commercial Vehicles",751,,
,"Electric","Passenger Vehicles",3,,
,,"Light Commercial Vehicles",0,,
,"Petrol leaded","Passenger Vehicles",100,,
,,"Light Commercial Vehicles",35,,
,"Petrol unleaded","Passenger Vehicles",4838,,
,,"Light Commercial Vehicles",479,,
,"LPG/Other gases","Passenger Vehicles",75,,
,,"Light Commercial Vehicles",41,,
,"Dual fuel","Passenger Vehicles",187,,
,,"Light Commercial Vehicles",64,,
,"Other","Passenger Vehicles",0,,
,,"Light Commercial Vehicles",0,,
,"Unknown","Passenger Vehicles",0,,
,,"Light Commercial Vehicles",0,,
"3923","Diesel","Passenger Vehicles",112,,
,,"Light Commercial Vehicles",83,,
,"Electric","Passenger Vehicles",3,,
,,"Light Commercial Vehicles",0,,
,"Petrol leaded","Passenger Vehicles",15,,
,,"Light Commercial Vehicles",3,,
,"Petrol unleaded","Passenger Vehicles",384,,
,,"Light Commercial Vehicles",33,,
,"LPG/Other gases","Passenger Vehicles",10,,
,,"Light Commercial Vehicles",4,,
,"Dual fuel","Passenger Vehicles",12,,
,,"Light Commercial Vehicles",14,,
,"Other","Passenger Vehicles",0,,
,,"Light Commercial Vehicles",0,,
,"Unknown","Passenger Vehicles",0,,
,,"Light Commercial Vehicles",0,,
"3925","Diesel","Passenger Vehicles",457,,
,,"Light Commercial Vehicles",427,,
,"Electric","Passenger Vehicles",0,,
,,"Light Commercial Vehicles",0,,
,"Petrol leaded","Passenger Vehicles",51,,
,,"Light Commercial Vehicles",15,,
,"Petrol unleaded","Passenger Vehicles",1962,,
,,"Light Commercial Vehicles",201,,
,"LPG/Other gases","Passenger Vehicles",34,,
,,"Light Commercial Vehicles",33,,
,"Dual fuel","Passenger Vehicles",58,,
,,"Light Commercial Vehicles",43,,
,"Other","Passenger Vehicles",0,,
,,"Light Commercial Vehicles",0,,
,"Unknown","Passenger Vehicles",0,,
,,"Light Commercial Vehicles",0,,
"3926","Diesel","Passenger Vehicles",543,,
,,"Light Commercial Vehicles",321,,
,"Electric","Passenger Vehicles",0,,
,,"Light Commercial Vehicles",0,,
,"Petrol leaded","Passenger Vehicles",35,,
,,"Light Commercial Vehicles",11,,
,"Petrol unleaded","Passenger Vehicles",1720,,
,,"Light Commercial Vehicles",127,,
,"LPG/Other gases","Passenger Vehicles",10,,
,,"Light Commercial Vehicles",23,,
,"Dual fuel","Passenger Vehicles",38,,
,,"Light Commercial Vehicles",19,,
,"Other","Passenger Vehicles",0,,
,,"Light Commercial Vehicles",0,,
,"Unknown","Passenger Vehicles",0,,
,,"Light Commercial Vehicles",0,,
"3927","Diesel","Passenger Vehicles",248,,
,,"Light Commercial Vehicles",152,,
,"Electric","Passenger Vehicles",0,,
,,"Light Commercial Vehicles",0,,
,"Petrol leaded","Passenger Vehicles",22,,
,,"Light Commercial Vehicles",3,,
,"Petrol unleaded","Passenger Vehicles",937,,
,,"Light Commercial Vehicles",64,,
,"LPG/Other gases","Passenger Vehicles",10,,
,,"Light Commercial Vehicles",3,,
,"Dual fuel","Passenger Vehicles",17,,
,,"Light Commercial Vehicles",13,,
,"Other","Passenger Vehicles",0,,
,,"Light Commercial Vehicles",0,,
,"Unknown","Passenger Vehicles",0,,
,,"Light Commercial Vehicles",0,,
"3928","Diesel","Passenger Vehicles",126,,
,,"Light Commercial Vehicles",73,,
,"Electric","Passenger Vehicles",0,,
,,"Light Commercial Vehicles",0,,
,"Petrol leaded","Passenger Vehicles",3,,
,,"Light Commercial Vehicles",3,,
,"Petrol unleaded","Passenger Vehicles",244,,
,,"Light Commercial Vehicles",29,,
,"LPG/Other gases","Passenger Vehicles",3,,
,,"Light Commercial Vehicles",0,,
,"Dual fuel","Passenger Vehicles",3,,
,,"Light Commercial Vehicles",3,,
,"Other","Passenger Vehicles",0,,
,,"Light Commercial Vehicles",0,,
,"Unknown","Passenger Vehicles",0,,
,,"Light Commercial Vehicles",0,,
"3929","Diesel","Passenger Vehicles",218,,
,,"Light Commercial Vehicles",111,,
,"Electric","Passenger Vehicles",0,,
,,"Light Commercial Vehicles",0,,
,"Petrol leaded","Passenger Vehicles",21,,
,,"Light Commercial Vehicles",5,,
,"Petrol unleaded","Passenger Vehicles",528,,
,,"Light Commercial Vehicles",37,,
,"LPG/Other gases","Passenger Vehicles",3,,
,,"Light Commercial Vehicles",3,,
,"Dual fuel","Passenger Vehicles",3,,
,,"Light Commercial Vehicles",5,,
,"Other","Passenger Vehicles",0,,
,,"Light Commercial Vehicles",0,,
,"Unknown","Passenger Vehicles",0,,
,,"Light Commercial Vehicles",0,,
"3930","Diesel","Passenger Vehicles",2338,,
,,"Light Commercial Vehicles",958,,
,"Electric","Passenger Vehicles",12,,
,,"Light Commercial Vehicles",0,,
,"Petrol leaded","Passenger Vehicles",226,,
,,"Light Commercial Vehicles",29,,
,"Petrol unleaded","Passenger Vehicles",9941,,
,,"Light Commercial Vehicles",436,,
,"LPG/Other gases","Passenger Vehicles",46,,
,,"Light Commercial Vehicles",47,,
,"Dual fuel","Passenger Vehicles",145,,
,,"Light Commercial Vehicles",47,,
,"Other","Passenger Vehicles",4,,
,,"Light Commercial Vehicles",0,,
,"Unknown","Passenger Vehicles",0,,
,,"Light Commercial Vehicles",0,,
"3931","Diesel","Passenger Vehicles",2435,,
,,"Light Commercial Vehicles",1944,,
,"Electric","Passenger Vehicles",11,,
,,"Light Commercial Vehicles",0,,
,"Petrol leaded","Passenger Vehicles",190,,
,,"Light Commercial Vehicles",32,,
,"Petrol unleaded","Passenger Vehicles",14661,,
,,"Light Commercial Vehicles",780,,
,"LPG/Other gases","Passenger Vehicles",103,,
,,"Light Commercial Vehicles",83,,
,"Dual fuel","Passenger Vehicles",261,,
,,"Light Commercial Vehicles",79,,
,"Other","Passenger Vehicles",3,,
,,"Light Commercial Vehicles",0,,
,"Unknown","Passenger Vehicles",0,,
,,"Light Commercial Vehicles",0,,
"3933","Diesel","Passenger Vehicles",211,,
,,"Light Commercial Vehicles",201,,
,"Electric","Passenger Vehicles",0,,
,,"Light Commercial Vehicles",0,,
,"Petrol leaded","Passenger Vehicles",22,,
,,"Light Commercial Vehicles",7,,
,"Petrol unleaded","Passenger Vehicles",557,,
,,"Light Commercial Vehicles",80,,
,"LPG/Other gases","Passenger Vehicles",13,,
,,"Light Commercial Vehicles",15,,
,"Dual fuel","Passenger Vehicles",11,,
,,"Light Commercial Vehicles",9,,
,"Other","Passenger Vehicles",0,,
,,"Light Commercial Vehicles",0,,
,"Unknown","Passenger Vehicles",0,,
,,"Light Commercial Vehicles",0,,
"3934","Diesel","Passenger Vehicles",2167,,
,,"Light Commercial Vehicles",1245,,
,"Electric","Passenger Vehicles",11,,
,,"Light Commercial Vehicles",0,,
,"Petrol leaded","Passenger Vehicles",152,,
,,"Light Commercial Vehicles",35,,
,"Petrol unleaded","Passenger Vehicles",9895,,
,,"Light Commercial Vehicles",505,,
,"LPG/Other gases","Passenger Vehicles",52,,
,,"Light Commercial Vehicles",43,,
,"Dual fuel","Passenger Vehicles",162,,
,,"Light Commercial Vehicles",60,,
,"Other","Passenger Vehicles",0,,
,,"Light Commercial Vehicles",0,,
,"Unknown","Passenger Vehicles",0,,
,,"Light Commercial Vehicles",0,,
"3936","Diesel","Passenger Vehicles",1288,,
,,"Light Commercial Vehicles",1040,,
,"Electric","Passenger Vehicles",4,,
,,"Light Commercial Vehicles",0,,
,"Petrol leaded","Passenger Vehicles",114,,
,,"Light Commercial Vehicles",27,,
,"Petrol unleaded","Passenger Vehicles",7008,,
,,"Light Commercial Vehicles",510,,
,"LPG/Other gases","Passenger Vehicles",66,,
,,"Light Commercial Vehicles",69,,
,"Dual fuel","Passenger Vehicles",205,,
,,"Light Commercial Vehicles",57,,
,"Other","Passenger Vehicles",3,,
,,"Light Commercial Vehicles",3,,
,"Unknown","Passenger Vehicles",0,,
,,"Light Commercial Vehicles",0,,
"3937","Diesel","Passenger Vehicles",295,,
,,"Light Commercial Vehicles",204,,
,"Electric","Passenger Vehicles",0,,
,,"Light Commercial Vehicles",0,,
,"Petrol leaded","Passenger Vehicles",22,,
,,"Light Commercial Vehicles",15,,
,"Petrol unleaded","Passenger Vehicles",808,,
,,"Light Commercial Vehicles",67,,
,"LPG/Other gases","Passenger Vehicles",3,,
,,"Light Commercial Vehicles",3,,
,"Dual fuel","Passenger Vehicles",32,,
,,"Light Commercial Vehicles",8,,
,"Other","Passenger Vehicles",0,,
,,"Light Commercial Vehicles",0,,
,"Unknown","Passenger Vehicles",0,,
,,"Light Commercial Vehicles",0,,
"3938","Diesel","Passenger Vehicles",398,,
,,"Light Commercial Vehicles",283,,
,"Electric","Passenger Vehicles",0,,
,,"Light Commercial Vehicles",0,,
,"Petrol leaded","Passenger Vehicles",44,,
,,"Light Commercial Vehicles",5,,
,"Petrol unleaded","Passenger Vehicles",1848,,
,,"Light Commercial Vehicles",130,,
,"LPG/Other gases","Passenger Vehicles",15,,
,,"Light Commercial Vehicles",14,,
,"Dual fuel","Passenger Vehicles",60,,
,,"Light Commercial Vehicles",12,,
,"Other","Passenger Vehicles",0,,
,,"Light Commercial Vehicles",0,,
,"Unknown","Passenger Vehicles",0,,
,,"Light Commercial Vehicles",0,,
"3939","Diesel","Passenger Vehicles",1308,,
,,"Light Commercial Vehicles",1257,,
,"Electric","Passenger Vehicles",0,,
,,"Light Commercial Vehicles",0,,
,"Petrol leaded","Passenger Vehicles",118,,
,,"Light Commercial Vehicles",37,,
,"Petrol unleaded","Passenger Vehicles",8418,,
,,"Light Commercial Vehicles",698,,
,"LPG/Other gases","Passenger Vehicles",71,,
,,"Light Commercial Vehicles",87,,
,"Dual fuel","Passenger Vehicles",250,,
,,"Light Commercial Vehicles",112,,
,"Other","Passenger Vehicles",3,,
,,"Light Commercial Vehicles",0,,
,"Unknown","Passenger Vehicles",0,,
,,"Light Commercial Vehicles",0,,
"3940","Diesel","Passenger Vehicles",286,,
,,"Light Commercial Vehicles",289,,
,"Electric","Passenger Vehicles",0,,
,,"Light Commercial Vehicles",0,,
,"Petrol leaded","Passenger Vehicles",26,,
,,"Light Commercial Vehicles",8,,
,"Petrol unleaded","Passenger Vehicles",2714,,
,,"Light Commercial Vehicles",164,,
,"LPG/Other gases","Passenger Vehicles",20,,
,,"Light Commercial Vehicles",22,,
,"Dual fuel","Passenger Vehicles",78,,
,,"Light Commercial Vehicles",22,,
,"Other","Passenger Vehicles",3,,
,,"Light Commercial Vehicles",0,,
,"Unknown","Passenger Vehicles",0,,
,,"Light Commercial Vehicles",0,,
"3941","Diesel","Passenger Vehicles",1243,,
,,"Light Commercial Vehicles",1141,,
,"Electric","Passenger Vehicles",6,,
,,"Light Commercial Vehicles",0,,
,"Petrol leaded","Passenger Vehicles",146,,
,,"Light Commercial Vehicles",48,,
,"Petrol unleaded","Passenger Vehicles",7080,,
,,"Light Commercial Vehicles",696,,
,"LPG/Other gases","Passenger Vehicles",73,,
,,"Light Commercial Vehicles",72,,
,"Dual fuel","Passenger Vehicles",245,,
,,"Light Commercial Vehicles",96,,
,"Other","Passenger Vehicles",0,,
,,"Light Commercial Vehicles",0,,
,"Unknown","Passenger Vehicles",0,,
,,"Light Commercial Vehicles",0,,
"3942","Diesel","Passenger Vehicles",366,,
,,"Light Commercial Vehicles",189,,
,"Electric","Passenger Vehicles",0,,
,,"Light Commercial Vehicles",0,,
,"Petrol leaded","Passenger Vehicles",41,,
,,"Light Commercial Vehicles",12,,
,"Petrol unleaded","Passenger Vehicles",1536,,
,,"Light Commercial Vehicles",121,,
,"LPG/Other gases","Passenger Vehicles",10,,
,,"Light Commercial Vehicles",6,,
,"Dual fuel","Passenger Vehicles",22,,
,,"Light Commercial Vehicles",21,,
,"Other","Passenger Vehicles",0,,
,,"Light Commercial Vehicles",0,,
,"Unknown","Passenger Vehicles",0,,
,,"Light Commercial Vehicles",0,,
"3943","Diesel","Passenger Vehicles",309,,
,,"Light Commercial Vehicles",127,,
,"Electric","Passenger Vehicles",3,,
,,"Light Commercial Vehicles",0,,
,"Petrol leaded","Passenger Vehicles",36,,
,,"Light Commercial Vehicles",18,,
,"Petrol unleaded","Passenger Vehicles",1119,,
,,"Light Commercial Vehicles",65,,
,"LPG/Other gases","Passenger Vehicles",4,,
,,"Light Commercial Vehicles",10,,
,"Dual fuel","Passenger Vehicles",15,,
,,"Light Commercial Vehicles",7,,
,"Other","Passenger Vehicles",0,,
,,"Light Commercial Vehicles",0,,
,"Unknown","Passenger Vehicles",0,,
,,"Light Commercial Vehicles",0,,
"3944","Diesel","Passenger Vehicles",130,,
,,"Light Commercial Vehicles",32,,
,"Electric","Passenger Vehicles",3,,
,,"Light Commercial Vehicles",0,,
,"Petrol leaded","Passenger Vehicles",36,,
,,"Light Commercial Vehicles",17,,
,"Petrol unleaded","Passenger Vehicles",513,,
,,"Light Commercial Vehicles",26,,
,"LPG/Other gases","Passenger Vehicles",0,,
,,"Light Commercial Vehicles",3,,
,"Dual fuel","Passenger Vehicles",0,,
,,"Light Commercial Vehicles",3,,
,"Other","Passenger Vehicles",0,,
,,"Light Commercial Vehicles",0,,
,"Unknown","Passenger Vehicles",0,,
,,"Light Commercial Vehicles",0,,
"3945","Diesel","Passenger Vehicles",138,,
,,"Light Commercial Vehicles",196,,
,"Electric","Passenger Vehicles",0,,
,,"Light Commercial Vehicles",0,,
,"Petrol leaded","Passenger Vehicles",6,,
,,"Light Commercial Vehicles",11,,
,"Petrol unleaded","Passenger Vehicles",460,,
,,"Light Commercial Vehicles",73,,
,"LPG/Other gases","Passenger Vehicles",9,,
,,"Light Commercial Vehicles",10,,
,"Dual fuel","Passenger Vehicles",35,,
,,"Light Commercial Vehicles",7,,
,"Other","Passenger Vehicles",0,,
,,"Light Commercial Vehicles",0,,
,"Unknown","Passenger Vehicles",0,,
,,"Light Commercial Vehicles",0,,
"3946","Diesel","Passenger Vehicles",33,,
,,"Light Commercial Vehicles",51,,
,"Electric","Passenger Vehicles",0,,
,,"Light Commercial Vehicles",0,,
,"Petrol leaded","Passenger Vehicles",5,,
,,"Light Commercial Vehicles",0,,
,"Petrol unleaded","Passenger Vehicles",126,,
,,"Light Commercial Vehicles",13,,
,"LPG/Other gases","Passenger Vehicles",4,,
,,"Light Commercial Vehicles",3,,
,"Dual fuel","Passenger Vehicles",7,,
,,"Light Commercial Vehicles",3,,
,"Other","Passenger Vehicles",0,,
,,"Light Commercial Vehicles",0,,
,"Unknown","Passenger Vehicles",0,,
,,"Light Commercial Vehicles",0,,
"3950","Diesel","Passenger Vehicles",489,,
,,"Light Commercial Vehicles",608,,
,"Electric","Passenger Vehicles",0,,
,,"Light Commercial Vehicles",0,,
,"Petrol leaded","Passenger Vehicles",59,,
,,"Light Commercial Vehicles",24,,
,"Petrol unleaded","Passenger Vehicles",2604,,
,,"Light Commercial Vehicles",271,,
,"LPG/Other gases","Passenger Vehicles",32,,
,,"Light Commercial Vehicles",37,,
,"Dual fuel","Passenger Vehicles",114,,
,,"Light Commercial Vehicles",44,,
,"Other","Passenger Vehicles",0,,
,,"Light Commercial Vehicles",0,,
,"Unknown","Passenger Vehicles",0,,
,,"Light Commercial Vehicles",0,,
"3951","Diesel","Passenger Vehicles",159,,
,,"Light Commercial Vehicles",196,,
,"Electric","Passenger Vehicles",0,,
,,"Light Commercial Vehicles",0,,
,"Petrol leaded","Passenger Vehicles",24,,
,,"Light Commercial Vehicles",8,,
,"Petrol unleaded","Passenger Vehicles",464,,
,,"Light Commercial Vehicles",72,,
,"LPG/Other gases","Passenger Vehicles",3,,
,,"Light Commercial Vehicles",3,,
,"Dual fuel","Passenger Vehicles",20,,
,,"Light Commercial Vehicles",18,,
,"Other","Passenger Vehicles",0,,
,,"Light Commercial Vehicles",0,,
,"Unknown","Passenger Vehicles",0,,
,,"Light Commercial Vehicles",0,,
"3953","Diesel","Passenger Vehicles",943,,
,,"Light Commercial Vehicles",1277,,
,"Electric","Passenger Vehicles",0,,
,,"Light Commercial Vehicles",0,,
,"Petrol leaded","Passenger Vehicles",86,,
,,"Light Commercial Vehicles",35,,
,"Petrol unleaded","Passenger Vehicles",4035,,
,,"Light Commercial Vehicles",456,,
,"LPG/Other gases","Passenger Vehicles",28,,
,,"Light Commercial Vehicles",36,,
,"Dual fuel","Passenger Vehicles",125,,
,,"Light Commercial Vehicles",59,,
,"Other","Passenger Vehicles",0,,
,,"Light Commercial Vehicles",0,,
,"Unknown","Passenger Vehicles",0,,
,,"Light Commercial Vehicles",0,,
"3954","Diesel","Passenger Vehicles",54,,
,,"Light Commercial Vehicles",61,,
,"Electric","Passenger Vehicles",0,,
,,"Light Commercial Vehicles",0,,
,"Petrol leaded","Passenger Vehicles",3,,
,,"Light Commercial Vehicles",4,,
,"Petrol unleaded","Passenger Vehicles",191,,
,,"Light Commercial Vehicles",24,,
,"LPG/Other gases","Passenger Vehicles",0,,
,,"Light Commercial Vehicles",0,,
,"Dual fuel","Passenger Vehicles",6,,
,,"Light Commercial Vehicles",0,,
,"Other","Passenger Vehicles",0,,
,,"Light Commercial Vehicles",0,,
,"Unknown","Passenger Vehicles",0,,
,,"Light Commercial Vehicles",0,,
"3956","Diesel","Passenger Vehicles",361,,
,,"Light Commercial Vehicles",517,,
,"Electric","Passenger Vehicles",0,,
,,"Light Commercial Vehicles",0,,
,"Petrol leaded","Passenger Vehicles",40,,
,,"Light Commercial Vehicles",18,,
,"Petrol unleaded","Passenger Vehicles",1447,,
,,"Light Commercial Vehicles",164,,
,"LPG/Other gases","Passenger Vehicles",15,,
,,"Light Commercial Vehicles",16,,
,"Dual fuel","Passenger Vehicles",57,,
,,"Light Commercial Vehicles",30,,
,"Other","Passenger Vehicles",0,,
,,"Light Commercial Vehicles",0,,
,"Unknown","Passenger Vehicles",0,,
,,"Light Commercial Vehicles",0,,
"3957","Diesel","Passenger Vehicles",56,,
,,"Light Commercial Vehicles",87,,
,"Electric","Passenger Vehicles",0,,
,,"Light Commercial Vehicles",0,,
,"Petrol leaded","Passenger Vehicles",7,,
,,"Light Commercial Vehicles",5,,
,"Petrol unleaded","Passenger Vehicles",153,,
,,"Light Commercial Vehicles",32,,
,"LPG/Other gases","Passenger Vehicles",3,,
,,"Light Commercial Vehicles",0,,
,"Dual fuel","Passenger Vehicles",9,,
,,"Light Commercial Vehicles",6,,
,"Other","Passenger Vehicles",0,,
,,"Light Commercial Vehicles",0,,
,"Unknown","Passenger Vehicles",0,,
,,"Light Commercial Vehicles",0,,
"3958","Diesel","Passenger Vehicles",36,,
,,"Light Commercial Vehicles",67,,
,"Electric","Passenger Vehicles",0,,
,,"Light Commercial Vehicles",0,,
,"Petrol leaded","Passenger Vehicles",0,,
,,"Light Commercial Vehicles",0,,
,"Petrol unleaded","Passenger Vehicles",120,,
,,"Light Commercial Vehicles",35,,
,"LPG/Other gases","Passenger Vehicles",0,,
,,"Light Commercial Vehicles",3,,
,"Dual fuel","Passenger Vehicles",9,,
,,"Light Commercial Vehicles",0,,
,"Other","Passenger Vehicles",0,,
,,"Light Commercial Vehicles",0,,
,"Unknown","Passenger Vehicles",0,,
,,"Light Commercial Vehicles",0,,
"3959","Diesel","Passenger Vehicles",219,,
,,"Light Commercial Vehicles",251,,
,"Electric","Passenger Vehicles",0,,
,,"Light Commercial Vehicles",0,,
,"Petrol leaded","Passenger Vehicles",4,,
,,"Light Commercial Vehicles",12,,
,"Petrol unleaded","Passenger Vehicles",544,,
,,"Light Commercial Vehicles",85,,
,"LPG/Other gases","Passenger Vehicles",5,,
,,"Light Commercial Vehicles",3,,
,"Dual fuel","Passenger Vehicles",17,,
,,"Light Commercial Vehicles",14,,
,"Other","Passenger Vehicles",0,,
,,"Light Commercial Vehicles",0,,
,"Unknown","Passenger Vehicles",0,,
,,"Light Commercial Vehicles",0,,
"3960","Diesel","Passenger Vehicles",364,,
,,"Light Commercial Vehicles",460,,
,"Electric","Passenger Vehicles",0,,
,,"Light Commercial Vehicles",0,,
,"Petrol leaded","Passenger Vehicles",30,,
,,"Light Commercial Vehicles",13,,
,"Petrol unleaded","Passenger Vehicles",1325,,
,,"Light Commercial Vehicles",163,,
,"LPG/Other gases","Passenger Vehicles",10,,
,,"Light Commercial Vehicles",8,,
,"Dual fuel","Passenger Vehicles",52,,
,,"Light Commercial Vehicles",22,,
,"Other","Passenger Vehicles",0,,
,,"Light Commercial Vehicles",0,,
,"Unknown","Passenger Vehicles",0,,
,,"Light Commercial Vehicles",0,,
"3962","Diesel","Passenger Vehicles",103,,
,,"Light Commercial Vehicles",191,,
,"Electric","Passenger Vehicles",0,,
,,"Light Commercial Vehicles",0,,
,"Petrol leaded","Passenger Vehicles",12,,
,,"Light Commercial Vehicles",10,,
,"Petrol unleaded","Passenger Vehicles",495,,
,,"Light Commercial Vehicles",72,,
,"LPG/Other gases","Passenger Vehicles",6,,
,,"Light Commercial Vehicles",5,,
,"Dual fuel","Passenger Vehicles",15,,
,,"Light Commercial Vehicles",12,,
,"Other","Passenger Vehicles",0,,
,,"Light Commercial Vehicles",0,,
,"Unknown","Passenger Vehicles",0,,
,,"Light Commercial Vehicles",0,,
"3964","Diesel","Passenger Vehicles",17,,
,,"Light Commercial Vehicles",39,,
,"Electric","Passenger Vehicles",0,,
,,"Light Commercial Vehicles",0,,
,"Petrol leaded","Passenger Vehicles",3,,
,,"Light Commercial Vehicles",3,,
,"Petrol unleaded","Passenger Vehicles",72,,
,,"Light Commercial Vehicles",11,,
,"LPG/Other gases","Passenger Vehicles",0,,
,,"Light Commercial Vehicles",3,,
,"Dual fuel","Passenger Vehicles",0,,
,,"Light Commercial Vehicles",3,,
,"Other","Passenger Vehicles",0,,
,,"Light Commercial Vehicles",0,,
,"Unknown","Passenger Vehicles",0,,
,,"Light Commercial Vehicles",0,,
"3965","Diesel","Passenger Vehicles",25,,
,,"Light Commercial Vehicles",30,,
,"Electric","Passenger Vehicles",0,,
,,"Light Commercial Vehicles",0,,
,"Petrol leaded","Passenger Vehicles",5,,
,,"Light Commercial Vehicles",3,,
,"Petrol unleaded","Passenger Vehicles",108,,
,,"Light Commercial Vehicles",16,,
,"LPG/Other gases","Passenger Vehicles",3,,
,,"Light Commercial Vehicles",0,,
,"Dual fuel","Passenger Vehicles",7,,
,,"Light Commercial Vehicles",3,,
,"Other","Passenger Vehicles",0,,
,,"Light Commercial Vehicles",0,,
,"Unknown","Passenger Vehicles",0,,
,,"Light Commercial Vehicles",0,,
"3966","Diesel","Passenger Vehicles",62,,
,,"Light Commercial Vehicles",138,,
,"Electric","Passenger Vehicles",0,,
,,"Light Commercial Vehicles",0,,
,"Petrol leaded","Passenger Vehicles",8,,
,,"Light Commercial Vehicles",0,,
,"Petrol unleaded","Passenger Vehicles",248,,
,,"Light Commercial Vehicles",53,,
,"LPG/Other gases","Passenger Vehicles",9,,
,,"Light Commercial Vehicles",0,,
,"Dual fuel","Passenger Vehicles",10,,
,,"Light Commercial Vehicles",7,,
,"Other","Passenger Vehicles",0,,
,,"Light Commercial Vehicles",0,,
,"Unknown","Passenger Vehicles",0,,
,,"Light Commercial Vehicles",0,,
"3967","Diesel","Passenger Vehicles",17,,
,,"Light Commercial Vehicles",32,,
,"Electric","Passenger Vehicles",0,,
,,"Light Commercial Vehicles",0,,
,"Petrol leaded","Passenger Vehicles",6,,
,,"Light Commercial Vehicles",3,,
,"Petrol unleaded","Passenger Vehicles",59,,
,,"Light Commercial Vehicles",5,,
,"LPG/Other gases","Passenger Vehicles",0,,
,,"Light Commercial Vehicles",0,,
,"Dual fuel","Passenger Vehicles",3,,
,,"Light Commercial Vehicles",3,,
,"Other","Passenger Vehicles",0,,
,,"Light Commercial Vehicles",0,,
,"Unknown","Passenger Vehicles",0,,
,,"Light Commercial Vehicles",0,,
"3971","Diesel","Passenger Vehicles",522,,
,,"Light Commercial Vehicles",890,,
,"Electric","Passenger Vehicles",0,,
,,"Light Commercial Vehicles",0,,
,"Petrol leaded","Passenger Vehicles",54,,
,,"Light Commercial Vehicles",32,,
,"Petrol unleaded","Passenger Vehicles",2063,,
,,"Light Commercial Vehicles",330,,
,"LPG/Other gases","Passenger Vehicles",18,,
,,"Light Commercial Vehicles",17,,
,"Dual fuel","Passenger Vehicles",85,,
,,"Light Commercial Vehicles",43,,
,"Other","Passenger Vehicles",0,,
,,"Light Commercial Vehicles",0,,
,"Unknown","Passenger Vehicles",0,,
,,"Light Commercial Vehicles",0,,
"3975","Diesel","Passenger Vehicles",923,,
,,"Light Commercial Vehicles",610,,
,"Electric","Passenger Vehicles",3,,
,,"Light Commercial Vehicles",0,,
,"Petrol leaded","Passenger Vehicles",23,,
,,"Light Commercial Vehicles",3,,
,"Petrol unleaded","Passenger Vehicles",8036,,
,,"Light Commercial Vehicles",238,,
,"LPG/Other gases","Passenger Vehicles",84,,
,,"Light Commercial Vehicles",25,,
,"Dual fuel","Passenger Vehicles",180,,
,,"Light Commercial Vehicles",23,,
,"Other","Passenger Vehicles",3,,
,,"Light Commercial Vehicles",0,,
,"Unknown","Passenger Vehicles",0,,
,,"Light Commercial Vehicles",0,,
"3976","Diesel","Passenger Vehicles",898,,
,,"Light Commercial Vehicles",835,,
,"Electric","Passenger Vehicles",8,,
,,"Light Commercial Vehicles",0,,
,"Petrol leaded","Passenger Vehicles",70,,
,,"Light Commercial Vehicles",18,,
,"Petrol unleaded","Passenger Vehicles",13269,,
,,"Light Commercial Vehicles",609,,
,"LPG/Other gases","Passenger Vehicles",151,,
,,"Light Commercial Vehicles",69,,
,"Dual fuel","Passenger Vehicles",425,,
,,"Light Commercial Vehicles",71,,
,"Other","Passenger Vehicles",5,,
,,"Light Commercial Vehicles",0,,
,"Unknown","Passenger Vehicles",0,,
,,"Light Commercial Vehicles",0,,
"3977","Diesel","Passenger Vehicles",5941,,
,,"Light Commercial Vehicles",5424,,
,"Electric","Passenger Vehicles",27,,
,,"Light Commercial Vehicles",3,,
,"Petrol leaded","Passenger Vehicles",473,,
,,"Light Commercial Vehicles",127,,
,"Petrol unleaded","Passenger Vehicles",53307,,
,,"Light Commercial Vehicles",2722,,
,"LPG/Other gases","Passenger Vehicles",580,,
,,"Light Commercial Vehicles",289,,
,"Dual fuel","Passenger Vehicles",1620,,
,,"Light Commercial Vehicles",346,,
,"Other","Passenger Vehicles",11,,
,,"Light Commercial Vehicles",0,,
,"Unknown","Passenger Vehicles",3,,
,,"Light Commercial Vehicles",0,,
"3978","Diesel","Passenger Vehicles",1295,,
,,"Light Commercial Vehicles",1045,,
,"Electric","Passenger Vehicles",12,,
,,"Light Commercial Vehicles",0,,
,"Petrol leaded","Passenger Vehicles",56,,
,,"Light Commercial Vehicles",10,,
,"Petrol unleaded","Passenger Vehicles",12369,,
,,"Light Commercial Vehicles",421,,
,"LPG/Other gases","Passenger Vehicles",88,,
,,"Light Commercial Vehicles",53,,
,"Dual fuel","Passenger Vehicles",278,,
,,"Light Commercial Vehicles",44,,
,"Other","Passenger Vehicles",3,,
,,"Light Commercial Vehicles",0,,
,"Unknown","Passenger Vehicles",0,,
,,"Light Commercial Vehicles",0,,
"3979","Diesel","Passenger Vehicles",46,,
,,"Light Commercial Vehicles",81,,
,"Electric","Passenger Vehicles",0,,
,,"Light Commercial Vehicles",0,,
,"Petrol leaded","Passenger Vehicles",5,,
,,"Light Commercial Vehicles",3,,
,"Petrol unleaded","Passenger Vehicles",158,,
,,"Light Commercial Vehicles",36,,
,"LPG/Other gases","Passenger Vehicles",4,,
,,"Light Commercial Vehicles",4,,
,"Dual fuel","Passenger Vehicles",7,,
,,"Light Commercial Vehicles",5,,
,"Other","Passenger Vehicles",0,,
,,"Light Commercial Vehicles",0,,
,"Unknown","Passenger Vehicles",0,,
,,"Light Commercial Vehicles",0,,
"3980","Diesel","Passenger Vehicles",365,,
,,"Light Commercial Vehicles",509,,
,"Electric","Passenger Vehicles",0,,
,,"Light Commercial Vehicles",0,,
,"Petrol leaded","Passenger Vehicles",37,,
,,"Light Commercial Vehicles",11,,
,"Petrol unleaded","Passenger Vehicles",1604,,
,,"Light Commercial Vehicles",225,,
,"LPG/Other gases","Passenger Vehicles",20,,
,,"Light Commercial Vehicles",26,,
,"Dual fuel","Passenger Vehicles",85,,
,,"Light Commercial Vehicles",43,,
,"Other","Passenger Vehicles",0,,
,,"Light Commercial Vehicles",0,,
,"Unknown","Passenger Vehicles",0,,
,,"Light Commercial Vehicles",0,,
"3981","Diesel","Passenger Vehicles",517,,
,,"Light Commercial Vehicles",853,,
,"Electric","Passenger Vehicles",0,,
,,"Light Commercial Vehicles",0,,
,"Petrol leaded","Passenger Vehicles",45,,
,,"Light Commercial Vehicles",27,,
,"Petrol unleaded","Passenger Vehicles",2320,,
,,"Light Commercial Vehicles",309,,
,"LPG/Other gases","Passenger Vehicles",45,,
,,"Light Commercial Vehicles",38,,
,"Dual fuel","Passenger Vehicles",114,,
,,"Light Commercial Vehicles",54,,
,"Other","Passenger Vehicles",0,,
,,"Light Commercial Vehicles",0,,
,"Unknown","Passenger Vehicles",0,,
,,"Light Commercial Vehicles",0,,
"3984","Diesel","Passenger Vehicles",580,,
,,"Light Commercial Vehicles",770,,
,"Electric","Passenger Vehicles",3,,
,,"Light Commercial Vehicles",0,,
,"Petrol leaded","Passenger Vehicles",83,,
,,"Light Commercial Vehicles",31,,
,"Petrol unleaded","Passenger Vehicles",3184,,
,,"Light Commercial Vehicles",432,,
,"LPG/Other gases","Passenger Vehicles",55,,
,,"Light Commercial Vehicles",57,,
,"Dual fuel","Passenger Vehicles",184,,
,,"Light Commercial Vehicles",75,,
,"Other","Passenger Vehicles",0,,
,,"Light Commercial Vehicles",0,,
,"Unknown","Passenger Vehicles",0,,
,,"Light Commercial Vehicles",0,,
"3987","Diesel","Passenger Vehicles",196,,
,,"Light Commercial Vehicles",288,,
,"Electric","Passenger Vehicles",3,,
,,"Light Commercial Vehicles",0,,
,"Petrol leaded","Passenger Vehicles",28,,
,,"Light Commercial Vehicles",3,,
,"Petrol unleaded","Passenger Vehicles",697,,
,,"Light Commercial Vehicles",126,,
,"LPG/Other gases","Passenger Vehicles",16,,
,,"Light Commercial Vehicles",23,,
,"Dual fuel","Passenger Vehicles",39,,
,,"Light Commercial Vehicles",29,,
,"Other","Passenger Vehicles",0,,
,,"Light Commercial Vehicles",0,,
,"Unknown","Passenger Vehicles",0,,
,,"Light Commercial Vehicles",0,,
"3988","Diesel","Passenger Vehicles",153,,
,,"Light Commercial Vehicles",214,,
,"Electric","Passenger Vehicles",0,,
,,"Light Commercial Vehicles",0,,
,"Petrol leaded","Passenger Vehicles",25,,
,,"Light Commercial Vehicles",15,,
,"Petrol unleaded","Passenger Vehicles",510,,
,,"Light Commercial Vehicles",74,,
,"LPG/Other gases","Passenger Vehicles",9,,
,,"Light Commercial Vehicles",5,,
,"Dual fuel","Passenger Vehicles",29,,
,,"Light Commercial Vehicles",15,,
,"Other","Passenger Vehicles",0,,
,,"Light Commercial Vehicles",0,,
,"Unknown","Passenger Vehicles",0,,
,,"Light Commercial Vehicles",0,,
"3990","Diesel","Passenger Vehicles",20,,
,,"Light Commercial Vehicles",39,,
,"Electric","Passenger Vehicles",0,,
,,"Light Commercial Vehicles",0,,
,"Petrol leaded","Passenger Vehicles",0,,
,,"Light Commercial Vehicles",3,,
,"Petrol unleaded","Passenger Vehicles",69,,
,,"Light Commercial Vehicles",16,,
,"LPG/Other gases","Passenger Vehicles",0,,
,,"Light Commercial Vehicles",3,,
,"Dual fuel","Passenger Vehicles",0,,
,,"Light Commercial Vehicles",3,,
,"Other","Passenger Vehicles",0,,
,,"Light Commercial Vehicles",0,,
,"Unknown","Passenger Vehicles",0,,
,,"Light Commercial Vehicles",0,,
"3991","Diesel","Passenger Vehicles",53,,
,,"Light Commercial Vehicles",74,,
,"Electric","Passenger Vehicles",0,,
,,"Light Commercial Vehicles",0,,
,"Petrol leaded","Passenger Vehicles",10,,
,,"Light Commercial Vehicles",3,,
,"Petrol unleaded","Passenger Vehicles",212,,
,,"Light Commercial Vehicles",34,,
,"LPG/Other gases","Passenger Vehicles",3,,
,,"Light Commercial Vehicles",3,,
,"Dual fuel","Passenger Vehicles",23,,
,,"Light Commercial Vehicles",3,,
,"Other","Passenger Vehicles",0,,
,,"Light Commercial Vehicles",0,,
,"Unknown","Passenger Vehicles",0,,
,,"Light Commercial Vehicles",0,,
"3992","Diesel","Passenger Vehicles",107,,
,,"Light Commercial Vehicles",161,,
,"Electric","Passenger Vehicles",0,,
,,"Light Commercial Vehicles",0,,
,"Petrol leaded","Passenger Vehicles",8,,
,,"Light Commercial Vehicles",9,,
,"Petrol unleaded","Passenger Vehicles",449,,
,,"Light Commercial Vehicles",71,,
,"LPG/Other gases","Passenger Vehicles",3,,
,,"Light Commercial Vehicles",3,,
,"Dual fuel","Passenger Vehicles",21,,
,,"Light Commercial Vehicles",9,,
,"Other","Passenger Vehicles",0,,
,,"Light Commercial Vehicles",0,,
,"Unknown","Passenger Vehicles",0,,
,,"Light Commercial Vehicles",0,,
"3995","Diesel","Passenger Vehicles",896,,
,,"Light Commercial Vehicles",1011,,
,"Electric","Passenger Vehicles",5,,
,,"Light Commercial Vehicles",0,,
,"Petrol leaded","Passenger Vehicles",121,,
,,"Light Commercial Vehicles",39,,
,"Petrol unleaded","Passenger Vehicles",5851,,
,,"Light Commercial Vehicles",609,,
,"LPG/Other gases","Passenger Vehicles",68,,
,,"Light Commercial Vehicles",55,,
,"Dual fuel","Passenger Vehicles",206,,
,,"Light Commercial Vehicles",108,,
,"Other","Passenger Vehicles",0,,
,,"Light Commercial Vehicles",0,,
,"Unknown","Passenger Vehicles",0,,
,,"Light Commercial Vehicles",0,,
"3996","Diesel","Passenger Vehicles",790,,
,,"Light Commercial Vehicles",624,,
,"Electric","Passenger Vehicles",0,,
,,"Light Commercial Vehicles",0,,
,"Petrol leaded","Passenger Vehicles",40,,
,,"Light Commercial Vehicles",18,,
,"Petrol unleaded","Passenger Vehicles",3102,,
,,"Light Commercial Vehicles",256,,
,"LPG/Other gases","Passenger Vehicles",32,,
,,"Light Commercial Vehicles",21,,
,"Dual fuel","Passenger Vehicles",78,,
,,"Light Commercial Vehicles",43,,
,"Other","Passenger Vehicles",3,,
,,"Light Commercial Vehicles",0,,
,"Unknown","Passenger Vehicles",0,,
,,"Light Commercial Vehicles",0,,
"8002","Diesel","Passenger Vehicles",0,,
,,"Light Commercial Vehicles",3,,
,"Electric","Passenger Vehicles",0,,
,,"Light Commercial Vehicles",0,,
,"Petrol leaded","Passenger Vehicles",0,,
,,"Light Commercial Vehicles",0,,
,"Petrol unleaded","Passenger Vehicles",3,,
,,"Light Commercial Vehicles",0,,
,"LPG/Other gases","Passenger Vehicles",0,,
,,"Light Commercial Vehicles",0,,
,"Dual fuel","Passenger Vehicles",0,,
,,"Light Commercial Vehicles",0,,
,"Other","Passenger Vehicles",0,,
,,"Light Commercial Vehicles",0,,
,"Unknown","Passenger Vehicles",0,,
,,"Light Commercial Vehicles",0,,
"8012","Diesel","Passenger Vehicles",0,,
,,"Light Commercial Vehicles",0,,
,"Electric","Passenger Vehicles",0,,
,,"Light Commercial Vehicles",0,,
,"Petrol leaded","Passenger Vehicles",0,,
,,"Light Commercial Vehicles",0,,
,"Petrol unleaded","Passenger Vehicles",3,,
,,"Light Commercial Vehicles",0,,
,"LPG/Other gases","Passenger Vehicles",0,,
,,"Light Commercial Vehicles",0,,
,"Dual fuel","Passenger Vehicles",0,,
,,"Light Commercial Vehicles",0,,
,"Other","Passenger Vehicles",0,,
,,"Light Commercial Vehicles",0,,
,"Unknown","Passenger Vehicles",0,,
,,"Light Commercial Vehicles",0,,
"8051","Diesel","Passenger Vehicles",0,,
,,"Light Commercial Vehicles",0,,
,"Electric","Passenger Vehicles",0,,
,,"Light Commercial Vehicles",0,,
,"Petrol leaded","Passenger Vehicles",0,,
,,"Light Commercial Vehicles",0,,
,"Petrol unleaded","Passenger Vehicles",0,,
,,"Light Commercial Vehicles",0,,
,"LPG/Other gases","Passenger Vehicles",0,,
,,"Light Commercial Vehicles",0,,
,"Dual fuel","Passenger Vehicles",0,,
,,"Light Commercial Vehicles",0,,
,"Other","Passenger Vehicles",0,,
,,"Light Commercial Vehicles",0,,
,"Unknown","Passenger Vehicles",0,,
,,"Light Commercial Vehicles",0,,
"4000","Diesel","Passenger Vehicles",5222,,
,,"Light Commercial Vehicles",6832,,
,"Electric","Passenger Vehicles",24,,
,,"Light Commercial Vehicles",0,,
,"Petrol leaded","Passenger Vehicles",86,,
,,"Light Commercial Vehicles",18,,
,"Petrol unleaded","Passenger Vehicles",16430,,
,,"Light Commercial Vehicles",722,,
,"LPG/Other gases","Passenger Vehicles",21,,
,,"Light Commercial Vehicles",5,,
,"Dual fuel","Passenger Vehicles",19,,
,,"Light Commercial Vehicles",5,,
,"Other","Passenger Vehicles",484,,
,,"Light Commercial Vehicles",7,,
,"Unknown","Passenger Vehicles",0,,
,,"Light Commercial Vehicles",0,,
"4001","Diesel","Passenger Vehicles",116,,
,,"Light Commercial Vehicles",187,,
,"Electric","Passenger Vehicles",0,,
,,"Light Commercial Vehicles",0,,
,"Petrol leaded","Passenger Vehicles",3,,
,,"Light Commercial Vehicles",0,,
,"Petrol unleaded","Passenger Vehicles",1513,,
,,"Light Commercial Vehicles",81,,
,"LPG/Other gases","Passenger Vehicles",0,,
,,"Light Commercial Vehicles",0,,
,"Dual fuel","Passenger Vehicles",3,,
,,"Light Commercial Vehicles",0,,
,"Other","Passenger Vehicles",476,,
,,"Light Commercial Vehicles",0,,
,"Unknown","Passenger Vehicles",0,,
,,"Light Commercial Vehicles",0,,
"4004","Diesel","Passenger Vehicles",0,,
,,"Light Commercial Vehicles",3,,
,"Electric","Passenger Vehicles",0,,
,,"Light Commercial Vehicles",0,,
,"Petrol leaded","Passenger Vehicles",0,,
,,"Light Commercial Vehicles",0,,
,"Petrol unleaded","Passenger Vehicles",9,,
,,"Light Commercial Vehicles",0,,
,"LPG/Other gases","Passenger Vehicles",0,,
,,"Light Commercial Vehicles",0,,
,"Dual fuel","Passenger Vehicles",0,,
,,"Light Commercial Vehicles",0,,
,"Other","Passenger Vehicles",0,,
,,"Light Commercial Vehicles",0,,
,"Unknown","Passenger Vehicles",0,,
,,"Light Commercial Vehicles",0,,
"4005","Diesel","Passenger Vehicles",1274,,
,,"Light Commercial Vehicles",440,,
,"Electric","Passenger Vehicles",19,,
,,"Light Commercial Vehicles",0,,
,"Petrol leaded","Passenger Vehicles",142,,
,,"Light Commercial Vehicles",23,,
,"Petrol unleaded","Passenger Vehicles",7922,,
,,"Light Commercial Vehicles",269,,
,"LPG/Other gases","Passenger Vehicles",0,,
,,"Light Commercial Vehicles",0,,
,"Dual fuel","Passenger Vehicles",29,,
,,"Light Commercial Vehicles",4,,
,"Other","Passenger Vehicles",78,,
,,"Light Commercial Vehicles",0,,
,"Unknown","Passenger Vehicles",0,,
,,"Light Commercial Vehicles",0,,
"4006","Diesel","Passenger Vehicles",2217,,
,,"Light Commercial Vehicles",2501,,
,"Electric","Passenger Vehicles",25,,
,,"Light Commercial Vehicles",0,,
,"Petrol leaded","Passenger Vehicles",83,,
,,"Light Commercial Vehicles",15,,
,"Petrol unleaded","Passenger Vehicles",12013,,
,,"Light Commercial Vehicles",603,,
,"LPG/Other gases","Passenger Vehicles",5,,
,,"Light Commercial Vehicles",13,,
,"Dual fuel","Passenger Vehicles",25,,
,,"Light Commercial Vehicles",11,,
,"Other","Passenger Vehicles",128,,
,,"Light Commercial Vehicles",0,,
,"Unknown","Passenger Vehicles",0,,
,,"Light Commercial Vehicles",0,,
"4007","Diesel","Passenger Vehicles",1388,,
,,"Light Commercial Vehicles",738,,
,"Electric","Passenger Vehicles",9,,
,,"Light Commercial Vehicles",0,,
,"Petrol leaded","Passenger Vehicles",134,,
,,"Light Commercial Vehicles",11,,
,"Petrol unleaded","Passenger Vehicles",7507,,
,,"Light Commercial Vehicles",469,,
,"LPG/Other gases","Passenger Vehicles",3,,
,,"Light Commercial Vehicles",8,,
,"Dual fuel","Passenger Vehicles",26,,
,,"Light Commercial Vehicles",14,,
,"Other","Passenger Vehicles",103,,
,,"Light Commercial Vehicles",0,,
,"Unknown","Passenger Vehicles",0,,
,,"Light Commercial Vehicles",0,,
"4008","Diesel","Passenger Vehicles",1336,,
,,"Light Commercial Vehicles",2032,,
,"Electric","Passenger Vehicles",3,,
,,"Light Commercial Vehicles",0,,
,"Petrol leaded","Passenger Vehicles",3,,
,,"Light Commercial Vehicles",3,,
,"Petrol unleaded","Passenger Vehicles",14548,,
,,"Light Commercial Vehicles",257,,
,"LPG/Other gases","Passenger Vehicles",3,,
,,"Light Commercial Vehicles",13,,
,"Dual fuel","Passenger Vehicles",5,,
,,"Light Commercial Vehicles",3,,
,"Other","Passenger Vehicles",187,,
,,"Light Commercial Vehicles",0,,
,"Unknown","Passenger Vehicles",0,,
,,"Light Commercial Vehicles",0,,
"4009","Diesel","Passenger Vehicles",1136,,
,,"Light Commercial Vehicles",3987,,
,"Electric","Passenger Vehicles",3,,
,,"Light Commercial Vehicles",0,,
,"Petrol leaded","Passenger Vehicles",3,,
,,"Light Commercial Vehicles",3,,
,"Petrol unleaded","Passenger Vehicles",4544,,
,,"Light Commercial Vehicles",705,,
,"LPG/Other gases","Passenger Vehicles",9,,
,,"Light Commercial Vehicles",18,,
,"Dual fuel","Passenger Vehicles",16,,
,,"Light Commercial Vehicles",4,,
,"Other","Passenger Vehicles",31,,
,,"Light Commercial Vehicles",0,,
,"Unknown","Passenger Vehicles",0,,
,,"Light Commercial Vehicles",3,,
"4010","Diesel","Passenger Vehicles",378,,
,,"Light Commercial Vehicles",513,,
,"Electric","Passenger Vehicles",0,,
,,"Light Commercial Vehicles",0,,
,"Petrol leaded","Passenger Vehicles",22,,
,,"Light Commercial Vehicles",7,,
,"Petrol unleaded","Passenger Vehicles",2217,,
,,"Light Commercial Vehicles",293,,
,"LPG/Other gases","Passenger Vehicles",5,,
,,"Light Commercial Vehicles",3,,
,"Dual fuel","Passenger Vehicles",3,,
,,"Light Commercial Vehicles",0,,
,"Other","Passenger Vehicles",160,,
,,"Light Commercial Vehicles",0,,
,"Unknown","Passenger Vehicles",0,,
,,"Light Commercial Vehicles",0,,
"4011","Diesel","Passenger Vehicles",1471,,
,,"Light Commercial Vehicles",825,,
,"Electric","Passenger Vehicles",6,,
,,"Light Commercial Vehicles",0,,
,"Petrol leaded","Passenger Vehicles",119,,
,,"Light Commercial Vehicles",21,,
,"Petrol unleaded","Passenger Vehicles",9707,,
,,"Light Commercial Vehicles",577,,
,"LPG/Other gases","Passenger Vehicles",4,,
,,"Light Commercial Vehicles",6,,
,"Dual fuel","Passenger Vehicles",40,,
,,"Light Commercial Vehicles",9,,
,"Other","Passenger Vehicles",91,,
,,"Light Commercial Vehicles",0,,
,"Unknown","Passenger Vehicles",0,,
,,"Light Commercial Vehicles",0,,
"4012","Diesel","Passenger Vehicles",2407,,
,,"Light Commercial Vehicles",2401,,
,"Electric","Passenger Vehicles",3,,
,,"Light Commercial Vehicles",0,,
,"Petrol leaded","Passenger Vehicles",162,,
,,"Light Commercial Vehicles",31,,
,"Petrol unleaded","Passenger Vehicles",13405,,
,,"Light Commercial Vehicles",823,,
,"LPG/Other gases","Passenger Vehicles",6,,
,,"Light Commercial Vehicles",15,,
,"Dual fuel","Passenger Vehicles",51,,
,,"Light Commercial Vehicles",18,,
,"Other","Passenger Vehicles",491,,
,,"Light Commercial Vehicles",0,,
,"Unknown","Passenger Vehicles",0,,
,,"Light Commercial Vehicles",0,,
"4013","Diesel","Passenger Vehicles",549,,
,,"Light Commercial Vehicles",820,,
,"Electric","Passenger Vehicles",3,,
,,"Light Commercial Vehicles",0,,
,"Petrol leaded","Passenger Vehicles",59,,
,,"Light Commercial Vehicles",17,,
,"Petrol unleaded","Passenger Vehicles",3248,,
,,"Light Commercial Vehicles",1061,,
,"LPG/Other gases","Passenger Vehicles",4,,
,,"Light Commercial Vehicles",5,,
,"Dual fuel","Passenger Vehicles",17,,
,,"Light Commercial Vehicles",16,,
,"Other","Passenger Vehicles",60,,
,,"Light Commercial Vehicles",0,,
,"Unknown","Passenger Vehicles",0,,
,,"Light Commercial Vehicles",0,,
"4014","Diesel","Passenger Vehicles",1170,,
,,"Light Commercial Vehicles",1850,,
,"Electric","Passenger Vehicles",10,,
,,"Light Commercial Vehicles",0,,
,"Petrol leaded","Passenger Vehicles",112,,
,,"Light Commercial Vehicles",20,,
,"Petrol unleaded","Passenger Vehicles",6584,,
,,"Light Commercial Vehicles",832,,
,"LPG/Other gases","Passenger Vehicles",13,,
,,"Light Commercial Vehicles",11,,
,"Dual fuel","Passenger Vehicles",37,,
,,"Light Commercial Vehicles",15,,
,"Other","Passenger Vehicles",87,,
,,"Light Commercial Vehicles",0,,
,"Unknown","Passenger Vehicles",0,,
,,"Light Commercial Vehicles",0,,
"4017","Diesel","Passenger Vehicles",2391,,
,,"Light Commercial Vehicles",2917,,
,"Electric","Passenger Vehicles",3,,
,,"Light Commercial Vehicles",0,,
,"Petrol leaded","Passenger Vehicles",426,,
,,"Light Commercial Vehicles",97,,
,"Petrol unleaded","Passenger Vehicles",17756,,
,,"Light Commercial Vehicles",1522,,
,"LPG/Other gases","Passenger Vehicles",16,,
,,"Light Commercial Vehicles",32,,
,"Dual fuel","Passenger Vehicles",122,,
,,"Light Commercial Vehicles",49,,
,"Other","Passenger Vehicles",162,,
,,"Light Commercial Vehicles",0,,
,"Unknown","Passenger Vehicles",0,,
,,"Light Commercial Vehicles",0,,
"4018","Diesel","Passenger Vehicles",539,,
,,"Light Commercial Vehicles",427,,
,"Electric","Passenger Vehicles",0,,
,,"Light Commercial Vehicles",0,,
,"Petrol leaded","Passenger Vehicles",34,,
,,"Light Commercial Vehicles",13,,
,"Petrol unleaded","Passenger Vehicles",6800,,
,,"Light Commercial Vehicles",225,,
,"LPG/Other gases","Passenger Vehicles",3,,
,,"Light Commercial Vehicles",6,,
,"Dual fuel","Passenger Vehicles",21,,
,,"Light Commercial Vehicles",8,,
,"Other","Passenger Vehicles",74,,
,,"Light Commercial Vehicles",0,,
,"Unknown","Passenger Vehicles",0,,
,,"Light Commercial Vehicles",0,,
"4019","Diesel","Passenger Vehicles",1322,,
,,"Light Commercial Vehicles",1999,,
,"Electric","Passenger Vehicles",0,,
,,"Light Commercial Vehicles",0,,
,"Petrol leaded","Passenger Vehicles",246,,
,,"Light Commercial Vehicles",73,,
,"Petrol unleaded","Passenger Vehicles",10345,,
,,"Light Commercial Vehicles",1167,,
,"LPG/Other gases","Passenger Vehicles",11,,
,,"Light Commercial Vehicles",24,,
,"Dual fuel","Passenger Vehicles",110,,
,,"Light Commercial Vehicles",48,,
,"Other","Passenger Vehicles",48,,
,,"Light Commercial Vehicles",0,,
,"Unknown","Passenger Vehicles",0,,
,,"Light Commercial Vehicles",0,,
"4020","Diesel","Passenger Vehicles",1720,,
,,"Light Commercial Vehicles",1808,,
,"Electric","Passenger Vehicles",6,,
,,"Light Commercial Vehicles",0,,
,"Petrol leaded","Passenger Vehicles",280,,
,,"Light Commercial Vehicles",80,,
,"Petrol unleaded","Passenger Vehicles",11886,,
,,"Light Commercial Vehicles",968,,
,"LPG/Other gases","Passenger Vehicles",16,,
,,"Light Commercial Vehicles",19,,
,"Dual fuel","Passenger Vehicles",83,,
,,"Light Commercial Vehicles",41,,
,"Other","Passenger Vehicles",76,,
,,"Light Commercial Vehicles",0,,
,"Unknown","Passenger Vehicles",0,,
,,"Light Commercial Vehicles",0,,
"4021","Diesel","Passenger Vehicles",559,,
,,"Light Commercial Vehicles",844,,
,"Electric","Passenger Vehicles",0,,
,,"Light Commercial Vehicles",0,,
,"Petrol leaded","Passenger Vehicles",91,,
,,"Light Commercial Vehicles",22,,
,"Petrol unleaded","Passenger Vehicles",4807,,
,,"Light Commercial Vehicles",549,,
,"LPG/Other gases","Passenger Vehicles",12,,
,,"Light Commercial Vehicles",3,,
,"Dual fuel","Passenger Vehicles",52,,
,,"Light Commercial Vehicles",13,,
,"Other","Passenger Vehicles",15,,
,,"Light Commercial Vehicles",0,,
,"Unknown","Passenger Vehicles",0,,
,,"Light Commercial Vehicles",0,,
"4022","Diesel","Passenger Vehicles",366,,
,,"Light Commercial Vehicles",481,,
,"Electric","Passenger Vehicles",0,,
,,"Light Commercial Vehicles",0,,
,"Petrol leaded","Passenger Vehicles",44,,
,,"Light Commercial Vehicles",10,,
,"Petrol unleaded","Passenger Vehicles",3547,,
,,"Light Commercial Vehicles",264,,
,"LPG/Other gases","Passenger Vehicles",11,,
,,"Light Commercial Vehicles",3,,
,"Dual fuel","Passenger Vehicles",35,,
,,"Light Commercial Vehicles",12,,
,"Other","Passenger Vehicles",28,,
,,"Light Commercial Vehicles",0,,
,"Unknown","Passenger Vehicles",0,,
,,"Light Commercial Vehicles",0,,
"4025","Diesel","Passenger Vehicles",46,,
,,"Light Commercial Vehicles",38,,
,"Electric","Passenger Vehicles",0,,
,,"Light Commercial Vehicles",0,,
,"Petrol leaded","Passenger Vehicles",3,,
,,"Light Commercial Vehicles",5,,
,"Petrol unleaded","Passenger Vehicles",95,,
,,"Light Commercial Vehicles",19,,
,"LPG/Other gases","Passenger Vehicles",0,,
,,"Light Commercial Vehicles",0,,
,"Dual fuel","Passenger Vehicles",0,,
,,"Light Commercial Vehicles",3,,
,"Other","Passenger Vehicles",0,,
,,"Light Commercial Vehicles",0,,
,"Unknown","Passenger Vehicles",0,,
,,"Light Commercial Vehicles",0,,
"4030","Diesel","Passenger Vehicles",1146,,
,,"Light Commercial Vehicles",818,,
,"Electric","Passenger Vehicles",7,,
,,"Light Commercial Vehicles",0,,
,"Petrol leaded","Passenger Vehicles",112,,
,,"Light Commercial Vehicles",17,,
,"Petrol unleaded","Passenger Vehicles",8429,,
,,"Light Commercial Vehicles",495,,
,"LPG/Other gases","Passenger Vehicles",4,,
,,"Light Commercial Vehicles",3,,
,"Dual fuel","Passenger Vehicles",38,,
,,"Light Commercial Vehicles",12,,
,"Other","Passenger Vehicles",122,,
,,"Light Commercial Vehicles",0,,
,"Unknown","Passenger Vehicles",0,,
,,"Light Commercial Vehicles",0,,
"4031","Diesel","Passenger Vehicles",1138,,
,,"Light Commercial Vehicles",1107,,
,"Electric","Passenger Vehicles",3,,
,,"Light Commercial Vehicles",0,,
,"Petrol leaded","Passenger Vehicles",132,,
,,"Light Commercial Vehicles",24,,
,"Petrol unleaded","Passenger Vehicles",7219,,
,,"Light Commercial Vehicles",513,,
,"LPG/Other gases","Passenger Vehicles",3,,
,,"Light Commercial Vehicles",8,,
,"Dual fuel","Passenger Vehicles",29,,
,,"Light Commercial Vehicles",12,,
,"Other","Passenger Vehicles",67,,
,,"Light Commercial Vehicles",0,,
,"Unknown","Passenger Vehicles",0,,
,,"Light Commercial Vehicles",0,,
"4032","Diesel","Passenger Vehicles",801,,
,,"Light Commercial Vehicles",805,,
,"Electric","Passenger Vehicles",0,,
,,"Light Commercial Vehicles",0,,
,"Petrol leaded","Passenger Vehicles",96,,
,,"Light Commercial Vehicles",20,,
,"Petrol unleaded","Passenger Vehicles",8691,,
,,"Light Commercial Vehicles",553,,
,"LPG/Other gases","Passenger Vehicles",4,,
,,"Light Commercial Vehicles",3,,
,"Dual fuel","Passenger Vehicles",40,,
,,"Light Commercial Vehicles",14,,
,"Other","Passenger Vehicles",135,,
,,"Light Commercial Vehicles",0,,
,"Unknown","Passenger Vehicles",0,,
,,"Light Commercial Vehicles",0,,
"4034","Diesel","Passenger Vehicles",2800,,
,,"Light Commercial Vehicles",3436,,
,"Electric","Passenger Vehicles",9,,
,,"Light Commercial Vehicles",0,,
,"Petrol leaded","Passenger Vehicles",390,,
,,"Light Commercial Vehicles",85,,
,"Petrol unleaded","Passenger Vehicles",24432,,
,,"Light Commercial Vehicles",1802,,
,"LPG/Other gases","Passenger Vehicles",32,,
,,"Light Commercial Vehicles",26,,
,"Dual fuel","Passenger Vehicles",130,,
,,"Light Commercial Vehicles",49,,
,"Other","Passenger Vehicles",262,,
,,"Light Commercial Vehicles",0,,
,"Unknown","Passenger Vehicles",0,,
,,"Light Commercial Vehicles",0,,
"4035","Diesel","Passenger Vehicles",2185,,
,,"Light Commercial Vehicles",1889,,
,"Electric","Passenger Vehicles",4,,
,,"Light Commercial Vehicles",0,,
,"Petrol leaded","Passenger Vehicles",248,,
,,"Light Commercial Vehicles",52,,
,"Petrol unleaded","Passenger Vehicles",13318,,
,,"Light Commercial Vehicles",830,,
,"LPG/Other gases","Passenger Vehicles",9,,
,,"Light Commercial Vehicles",7,,
,"Dual fuel","Passenger Vehicles",59,,
,,"Light Commercial Vehicles",19,,
,"Other","Passenger Vehicles",133,,
,,"Light Commercial Vehicles",0,,
,"Unknown","Passenger Vehicles",0,,
,,"Light Commercial Vehicles",0,,
"4036","Diesel","Passenger Vehicles",367,,
,,"Light Commercial Vehicles",519,,
,"Electric","Passenger Vehicles",0,,
,,"Light Commercial Vehicles",0,,
,"Petrol leaded","Passenger Vehicles",80,,
,,"Light Commercial Vehicles",28,,
,"Petrol unleaded","Passenger Vehicles",3355,,
,,"Light Commercial Vehicles",305,,
,"LPG/Other gases","Passenger Vehicles",3,,
,,"Light Commercial Vehicles",3,,
,"Dual fuel","Passenger Vehicles",22,,
,,"Light Commercial Vehicles",12,,
,"Other","Passenger Vehicles",25,,
,,"Light Commercial Vehicles",0,,
,"Unknown","Passenger Vehicles",0,,
,,"Light Commercial Vehicles",0,,
"4037","Diesel","Passenger Vehicles",745,,
,,"Light Commercial Vehicles",767,,
,"Electric","Passenger Vehicles",3,,
,,"Light Commercial Vehicles",0,,
,"Petrol leaded","Passenger Vehicles",84,,
,,"Light Commercial Vehicles",11,,
,"Petrol unleaded","Passenger Vehicles",3814,,
,,"Light Commercial Vehicles",257,,
,"LPG/Other gases","Passenger Vehicles",0,,
,,"Light Commercial Vehicles",4,,
,"Dual fuel","Passenger Vehicles",20,,
,,"Light Commercial Vehicles",7,,
,"Other","Passenger Vehicles",30,,
,,"Light Commercial Vehicles",0,,
,"Unknown","Passenger Vehicles",0,,
,,"Light Commercial Vehicles",0,,
"4051","Diesel","Passenger Vehicles",2291,,
,,"Light Commercial Vehicles",1939,,
,"Electric","Passenger Vehicles",6,,
,,"Light Commercial Vehicles",0,,
,"Petrol leaded","Passenger Vehicles",208,,
,,"Light Commercial Vehicles",43,,
,"Petrol unleaded","Passenger Vehicles",13572,,
,,"Light Commercial Vehicles",824,,
,"LPG/Other gases","Passenger Vehicles",5,,
,,"Light Commercial Vehicles",4,,
,"Dual fuel","Passenger Vehicles",54,,
,,"Light Commercial Vehicles",21,,
,"Other","Passenger Vehicles",110,,
,,"Light Commercial Vehicles",0,,
,"Unknown","Passenger Vehicles",0,,
,,"Light Commercial Vehicles",0,,
"4053","Diesel","Passenger Vehicles",2816,,
,,"Light Commercial Vehicles",2999,,
,"Electric","Passenger Vehicles",8,,
,,"Light Commercial Vehicles",0,,
,"Petrol leaded","Passenger Vehicles",411,,
,,"Light Commercial Vehicles",80,,
,"Petrol unleaded","Passenger Vehicles",22913,,
,,"Light Commercial Vehicles",1630,,
,"LPG/Other gases","Passenger Vehicles",22,,
,,"Light Commercial Vehicles",30,,
,"Dual fuel","Passenger Vehicles",91,,
,,"Light Commercial Vehicles",56,,
,"Other","Passenger Vehicles",170,,
,,"Light Commercial Vehicles",0,,
,"Unknown","Passenger Vehicles",0,,
,,"Light Commercial Vehicles",0,,
"4054","Diesel","Passenger Vehicles",836,,
,,"Light Commercial Vehicles",994,,
,"Electric","Passenger Vehicles",0,,
,,"Light Commercial Vehicles",0,,
,"Petrol leaded","Passenger Vehicles",142,,
,,"Light Commercial Vehicles",40,,
,"Petrol unleaded","Passenger Vehicles",6888,,
,,"Light Commercial Vehicles",519,,
,"LPG/Other gases","Passenger Vehicles",6,,
,,"Light Commercial Vehicles",3,,
,"Dual fuel","Passenger Vehicles",42,,
,,"Light Commercial Vehicles",27,,
,"Other","Passenger Vehicles",41,,
,,"Light Commercial Vehicles",0,,
,"Unknown","Passenger Vehicles",0,,
,,"Light Commercial Vehicles",0,,
"4055","Diesel","Passenger Vehicles",1677,,
,,"Light Commercial Vehicles",1593,,
,"Electric","Passenger Vehicles",0,,
,,"Light Commercial Vehicles",0,,
,"Petrol leaded","Passenger Vehicles",204,,
,,"Light Commercial Vehicles",36,,
,"Petrol unleaded","Passenger Vehicles",10487,,
,,"Light Commercial Vehicles",717,,
,"LPG/Other gases","Passenger Vehicles",5,,
,,"Light Commercial Vehicles",4,,
,"Dual fuel","Passenger Vehicles",64,,
,,"Light Commercial Vehicles",9,,
,"Other","Passenger Vehicles",82,,
,,"Light Commercial Vehicles",0,,
,"Unknown","Passenger Vehicles",0,,
,,"Light Commercial Vehicles",0,,
"4059","Diesel","Passenger Vehicles",799,,
,,"Light Commercial Vehicles",505,,
,"Electric","Passenger Vehicles",5,,
,,"Light Commercial Vehicles",0,,
,"Petrol leaded","Passenger Vehicles",73,,
,,"Light Commercial Vehicles",22,,
,"Petrol unleaded","Passenger Vehicles",5571,,
,,"Light Commercial Vehicles",343,,
,"LPG/Other gases","Passenger Vehicles",9,,
,,"Light Commercial Vehicles",7,,
,"Dual fuel","Passenger Vehicles",22,,
,,"Light Commercial Vehicles",7,,
,"Other","Passenger Vehicles",146,,
,,"Light Commercial Vehicles",0,,
,"Unknown","Passenger Vehicles",0,,
,,"Light Commercial Vehicles",0,,
"4060","Diesel","Passenger Vehicles",1244,,
,,"Light Commercial Vehicles",627,,
,"Electric","Passenger Vehicles",3,,
,,"Light Commercial Vehicles",0,,
,"Petrol leaded","Passenger Vehicles",128,,
,,"Light Commercial Vehicles",28,,
,"Petrol unleaded","Passenger Vehicles",6128,,
,,"Light Commercial Vehicles",367,,
,"LPG/Other gases","Passenger Vehicles",3,,
,,"Light Commercial Vehicles",3,,
,"Dual fuel","Passenger Vehicles",24,,
,,"Light Commercial Vehicles",5,,
,"Other","Passenger Vehicles",62,,
,,"Light Commercial Vehicles",0,,
,"Unknown","Passenger Vehicles",0,,
,,"Light Commercial Vehicles",0,,
"4061","Diesel","Passenger Vehicles",1396,,
,,"Light Commercial Vehicles",838,,
,"Electric","Passenger Vehicles",3,,
,,"Light Commercial Vehicles",0,,
,"Petrol leaded","Passenger Vehicles",155,,
,,"Light Commercial Vehicles",27,,
,"Petrol unleaded","Passenger Vehicles",8592,,
,,"Light Commercial Vehicles",391,,
,"LPG/Other gases","Passenger Vehicles",3,,
,,"Light Commercial Vehicles",5,,
,"Dual fuel","Passenger Vehicles",34,,
,,"Light Commercial Vehicles",12,,
,"Other","Passenger Vehicles",75,,
,,"Light Commercial Vehicles",0,,
,"Unknown","Passenger Vehicles",0,,
,,"Light Commercial Vehicles",0,,
"4064","Diesel","Passenger Vehicles",2262,,
,,"Light Commercial Vehicles",4602,,
,"Electric","Passenger Vehicles",11,,
,,"Light Commercial Vehicles",0,,
,"Petrol leaded","Passenger Vehicles",96,,
,,"Light Commercial Vehicles",27,,
,"Petrol unleaded","Passenger Vehicles",7648,,
,,"Light Commercial Vehicles",549,,
,"LPG/Other gases","Passenger Vehicles",12,,
,,"Light Commercial Vehicles",6,,
,"Dual fuel","Passenger Vehicles",23,,
,,"Light Commercial Vehicles",6,,
,"Other","Passenger Vehicles",304,,
,,"Light Commercial Vehicles",0,,
,"Unknown","Passenger Vehicles",0,,
,,"Light Commercial Vehicles",0,,
"4065","Diesel","Passenger Vehicles",943,,
,,"Light Commercial Vehicles",368,,
,"Electric","Passenger Vehicles",8,,
,,"Light Commercial Vehicles",0,,
,"Petrol leaded","Passenger Vehicles",71,,
,,"Light Commercial Vehicles",14,,
,"Petrol unleaded","Passenger Vehicles",4658,,
,,"Light Commercial Vehicles",190,,
,"LPG/Other gases","Passenger Vehicles",4,,
,,"Light Commercial Vehicles",3,,
,"Dual fuel","Passenger Vehicles",11,,
,,"Light Commercial Vehicles",6,,
,"Other","Passenger Vehicles",68,,
,,"Light Commercial Vehicles",0,,
,"Unknown","Passenger Vehicles",0,,
,,"Light Commercial Vehicles",0,,
"4066","Diesel","Passenger Vehicles",1304,,
,,"Light Commercial Vehicles",838,,
,"Electric","Passenger Vehicles",12,,
,,"Light Commercial Vehicles",0,,
,"Petrol leaded","Passenger Vehicles",100,,
,,"Light Commercial Vehicles",5,,
,"Petrol unleaded","Passenger Vehicles",8521,,
,,"Light Commercial Vehicles",346,,
,"LPG/Other gases","Passenger Vehicles",6,,
,,"Light Commercial Vehicles",4,,
,"Dual fuel","Passenger Vehicles",22,,
,,"Light Commercial Vehicles",10,,
,"Other","Passenger Vehicles",105,,
,,"Light Commercial Vehicles",0,,
,"Unknown","Passenger Vehicles",0,,
,,"Light Commercial Vehicles",0,,
"4067","Diesel","Passenger Vehicles",577,,
,,"Light Commercial Vehicles",128,,
,"Electric","Passenger Vehicles",4,,
,,"Light Commercial Vehicles",0,,
,"Petrol leaded","Passenger Vehicles",32,,
,,"Light Commercial Vehicles",9,,
,"Petrol unleaded","Passenger Vehicles",3870,,
,,"Light Commercial Vehicles",88,,
,"LPG/Other gases","Passenger Vehicles",0,,
,,"Light Commercial Vehicles",3,,
,"Dual fuel","Passenger Vehicles",10,,
,,"Light Commercial Vehicles",3,,
,"Other","Passenger Vehicles",73,,
,,"Light Commercial Vehicles",0,,
,"Unknown","Passenger Vehicles",0,,
,,"Light Commercial Vehicles",0,,
"4068","Diesel","Passenger Vehicles",1856,,
,,"Light Commercial Vehicles",750,,
,"Electric","Passenger Vehicles",16,,
,,"Light Commercial Vehicles",0,,
,"Petrol leaded","Passenger Vehicles",150,,
,,"Light Commercial Vehicles",20,,
,"Petrol unleaded","Passenger Vehicles",11825,,
,,"Light Commercial Vehicles",335,,
,"LPG/Other gases","Passenger Vehicles",5,,
,,"Light Commercial Vehicles",3,,
,"Dual fuel","Passenger Vehicles",28,,
,,"Light Commercial Vehicles",14,,
,"Other","Passenger Vehicles",187,,
,,"Light Commercial Vehicles",0,,
,"Unknown","Passenger Vehicles",0,,
,,"Light Commercial Vehicles",0,,
"4069","Diesel","Passenger Vehicles",3905,,
,,"Light Commercial Vehicles",1719,,
,"Electric","Passenger Vehicles",26,,
,,"Light Commercial Vehicles",0,,
,"Petrol leaded","Passenger Vehicles",393,,
,,"Light Commercial Vehicles",56,,
,"Petrol unleaded","Passenger Vehicles",18142,,
,,"Light Commercial Vehicles",725,,
,"LPG/Other gases","Passenger Vehicles",17,,
,,"Light Commercial Vehicles",4,,
,"Dual fuel","Passenger Vehicles",76,,
,,"Light Commercial Vehicles",17,,
,"Other","Passenger Vehicles",283,,
,,"Light Commercial Vehicles",0,,
,"Unknown","Passenger Vehicles",0,,
,,"Light Commercial Vehicles",0,,
"4070","Diesel","Passenger Vehicles",1122,,
,,"Light Commercial Vehicles",803,,
,"Electric","Passenger Vehicles",3,,
,,"Light Commercial Vehicles",0,,
,"Petrol leaded","Passenger Vehicles",89,,
,,"Light Commercial Vehicles",21,,
,"Petrol unleaded","Passenger Vehicles",5736,,
,,"Light Commercial Vehicles",311,,
,"LPG/Other gases","Passenger Vehicles",4,,
,,"Light Commercial Vehicles",3,,
,"Dual fuel","Passenger Vehicles",31,,
,,"Light Commercial Vehicles",6,,
,"Other","Passenger Vehicles",52,,
,,"Light Commercial Vehicles",0,,
,"Unknown","Passenger Vehicles",0,,
,,"Light Commercial Vehicles",0,,
"4072","Diesel","Passenger Vehicles",16,,
,,"Light Commercial Vehicles",51,,
,"Electric","Passenger Vehicles",3,,
,,"Light Commercial Vehicles",0,,
,"Petrol leaded","Passenger Vehicles",0,,
,,"Light Commercial Vehicles",0,,
,"Petrol unleaded","Passenger Vehicles",51,,
,,"Light Commercial Vehicles",55,,
,"LPG/Other gases","Passenger Vehicles",0,,
,,"Light Commercial Vehicles",0,,
,"Dual fuel","Passenger Vehicles",0,,
,,"Light Commercial Vehicles",3,,
,"Other","Passenger Vehicles",12,,
,,"Light Commercial Vehicles",0,,
,"Unknown","Passenger Vehicles",0,,
,,"Light Commercial Vehicles",0,,
"4073","Diesel","Passenger Vehicles",785,,
,,"Light Commercial Vehicles",601,,
,"Electric","Passenger Vehicles",4,,
,,"Light Commercial Vehicles",0,,
,"Petrol leaded","Passenger Vehicles",44,,
,,"Light Commercial Vehicles",6,,
,"Petrol unleaded","Passenger Vehicles",4877,,
,,"Light Commercial Vehicles",262,,
,"LPG/Other gases","Passenger Vehicles",3,,
,,"Light Commercial Vehicles",3,,
,"Dual fuel","Passenger Vehicles",11,,
,,"Light Commercial Vehicles",3,,
,"Other","Passenger Vehicles",108,,
,,"Light Commercial Vehicles",0,,
,"Unknown","Passenger Vehicles",0,,
,,"Light Commercial Vehicles",0,,
"4074","Diesel","Passenger Vehicles",1859,,
,,"Light Commercial Vehicles",1736,,
,"Electric","Passenger Vehicles",3,,
,,"Light Commercial Vehicles",0,,
,"Petrol leaded","Passenger Vehicles",172,,
,,"Light Commercial Vehicles",35,,
,"Petrol unleaded","Passenger Vehicles",13037,,
,,"Light Commercial Vehicles",790,,
,"LPG/Other gases","Passenger Vehicles",14,,
,,"Light Commercial Vehicles",12,,
,"Dual fuel","Passenger Vehicles",52,,
,,"Light Commercial Vehicles",24,,
,"Other","Passenger Vehicles",157,,
,,"Light Commercial Vehicles",0,,
,"Unknown","Passenger Vehicles",0,,
,,"Light Commercial Vehicles",0,,
"4075","Diesel","Passenger Vehicles",1824,,
,,"Light Commercial Vehicles",1175,,
,"Electric","Passenger Vehicles",3,,
,,"Light Commercial Vehicles",0,,
,"Petrol leaded","Passenger Vehicles",213,,
,,"Light Commercial Vehicles",39,,
,"Petrol unleaded","Passenger Vehicles",11617,,
,,"Light Commercial Vehicles",697,,
,"LPG/Other gases","Passenger Vehicles",6,,
,,"Light Commercial Vehicles",8,,
,"Dual fuel","Passenger Vehicles",41,,
,,"Light Commercial Vehicles",15,,
,"Other","Passenger Vehicles",148,,
,,"Light Commercial Vehicles",0,,
,"Unknown","Passenger Vehicles",0,,
,,"Light Commercial Vehicles",0,,
"4076","Diesel","Passenger Vehicles",505,,
,,"Light Commercial Vehicles",1620,,
,"Electric","Passenger Vehicles",0,,
,,"Light Commercial Vehicles",0,,
,"Petrol leaded","Passenger Vehicles",33,,
,,"Light Commercial Vehicles",5,,
,"Petrol unleaded","Passenger Vehicles",3298,,
,,"Light Commercial Vehicles",713,,
,"LPG/Other gases","Passenger Vehicles",6,,
,,"Light Commercial Vehicles",18,,
,"Dual fuel","Passenger Vehicles",18,,
,,"Light Commercial Vehicles",24,,
,"Other","Passenger Vehicles",46,,
,,"Light Commercial Vehicles",0,,
,"Unknown","Passenger Vehicles",0,,
,,"Light Commercial Vehicles",0,,
"4077","Diesel","Passenger Vehicles",1107,,
,,"Light Commercial Vehicles",1273,,
,"Electric","Passenger Vehicles",3,,
,,"Light Commercial Vehicles",0,,
,"Petrol leaded","Passenger Vehicles",125,,
,,"Light Commercial Vehicles",28,,
,"Petrol unleaded","Passenger Vehicles",15576,,
,,"Light Commercial Vehicles",987,,
,"LPG/Other gases","Passenger Vehicles",15,,
,,"Light Commercial Vehicles",12,,
,"Dual fuel","Passenger Vehicles",96,,
,,"Light Commercial Vehicles",29,,
,"Other","Passenger Vehicles",189,,
,,"Light Commercial Vehicles",0,,
,"Unknown","Passenger Vehicles",0,,
,,"Light Commercial Vehicles",0,,
"4078","Diesel","Passenger Vehicles",1408,,
,,"Light Commercial Vehicles",1232,,
,"Electric","Passenger Vehicles",3,,
,,"Light Commercial Vehicles",0,,
,"Petrol leaded","Passenger Vehicles",101,,
,,"Light Commercial Vehicles",25,,
,"Petrol unleaded","Passenger Vehicles",13046,,
,,"Light Commercial Vehicles",695,,
,"LPG/Other gases","Passenger Vehicles",13,,
,,"Light Commercial Vehicles",15,,
,"Dual fuel","Passenger Vehicles",65,,
,,"Light Commercial Vehicles",10,,
,"Other","Passenger Vehicles",107,,
,,"Light Commercial Vehicles",0,,
,"Unknown","Passenger Vehicles",0,,
,,"Light Commercial Vehicles",0,,
"4101","Diesel","Passenger Vehicles",2046,,
,,"Light Commercial Vehicles",1492,,
,"Electric","Passenger Vehicles",11,,
,,"Light Commercial Vehicles",3,,
,"Petrol leaded","Passenger Vehicles",146,,
,,"Light Commercial Vehicles",24,,
,"Petrol unleaded","Passenger Vehicles",12420,,
,,"Light Commercial Vehicles",638,,
,"LPG/Other gases","Passenger Vehicles",4,,
,,"Light Commercial Vehicles",5,,
,"Dual fuel","Passenger Vehicles",47,,
,,"Light Commercial Vehicles",28,,
,"Other","Passenger Vehicles",273,,
,,"Light Commercial Vehicles",0,,
,"Unknown","Passenger Vehicles",0,,
,,"Light Commercial Vehicles",0,,
"4102","Diesel","Passenger Vehicles",520,,
,,"Light Commercial Vehicles",505,,
,"Electric","Passenger Vehicles",0,,
,,"Light Commercial Vehicles",0,,
,"Petrol leaded","Passenger Vehicles",49,,
,,"Light Commercial Vehicles",11,,
,"Petrol unleaded","Passenger Vehicles",4822,,
,,"Light Commercial Vehicles",344,,
,"LPG/Other gases","Passenger Vehicles",5,,
,,"Light Commercial Vehicles",6,,
,"Dual fuel","Passenger Vehicles",26,,
,,"Light Commercial Vehicles",3,,
,"Other","Passenger Vehicles",162,,
,,"Light Commercial Vehicles",0,,
,"Unknown","Passenger Vehicles",0,,
,,"Light Commercial Vehicles",0,,
"4103","Diesel","Passenger Vehicles",694,,
,,"Light Commercial Vehicles",561,,
,"Electric","Passenger Vehicles",0,,
,,"Light Commercial Vehicles",0,,
,"Petrol leaded","Passenger Vehicles",115,,
,,"Light Commercial Vehicles",34,,
,"Petrol unleaded","Passenger Vehicles",6711,,
,,"Light Commercial Vehicles",347,,
,"LPG/Other gases","Passenger Vehicles",4,,
,,"Light Commercial Vehicles",5,,
,"Dual fuel","Passenger Vehicles",30,,
,,"Light Commercial Vehicles",18,,
,"Other","Passenger Vehicles",71,,
,,"Light Commercial Vehicles",0,,
,"Unknown","Passenger Vehicles",0,,
,,"Light Commercial Vehicles",0,,
"4104","Diesel","Passenger Vehicles",506,,
,,"Light Commercial Vehicles",266,,
,"Electric","Passenger Vehicles",6,,
,,"Light Commercial Vehicles",0,,
,"Petrol leaded","Passenger Vehicles",65,,
,,"Light Commercial Vehicles",5,,
,"Petrol unleaded","Passenger Vehicles",3324,,
,,"Light Commercial Vehicles",150,,
,"LPG/Other gases","Passenger Vehicles",0,,
,,"Light Commercial Vehicles",3,,
,"Dual fuel","Passenger Vehicles",15,,
,,"Light Commercial Vehicles",6,,
,"Other","Passenger Vehicles",56,,
,,"Light Commercial Vehicles",0,,
,"Unknown","Passenger Vehicles",0,,
,,"Light Commercial Vehicles",0,,
"4105","Diesel","Passenger Vehicles",1058,,
,,"Light Commercial Vehicles",1091,,
,"Electric","Passenger Vehicles",3,,
,,"Light Commercial Vehicles",0,,
,"Petrol leaded","Passenger Vehicles",123,,
,,"Light Commercial Vehicles",26,,
,"Petrol unleaded","Passenger Vehicles",8361,,
,,"Light Commercial Vehicles",553,,
,"LPG/Other gases","Passenger Vehicles",10,,
,,"Light Commercial Vehicles",9,,
,"Dual fuel","Passenger Vehicles",43,,
,,"Light Commercial Vehicles",14,,
,"Other","Passenger Vehicles",140,,
,,"Light Commercial Vehicles",0,,
,"Unknown","Passenger Vehicles",0,,
,,"Light Commercial Vehicles",0,,
"4106","Diesel","Passenger Vehicles",324,,
,,"Light Commercial Vehicles",1369,,
,"Electric","Passenger Vehicles",0,,
,,"Light Commercial Vehicles",0,,
,"Petrol leaded","Passenger Vehicles",17,,
,,"Light Commercial Vehicles",5,,
,"Petrol unleaded","Passenger Vehicles",1780,,
,,"Light Commercial Vehicles",403,,
,"LPG/Other gases","Passenger Vehicles",3,,
,,"Light Commercial Vehicles",11,,
,"Dual fuel","Passenger Vehicles",6,,
,,"Light Commercial Vehicles",7,,
,"Other","Passenger Vehicles",32,,
,,"Light Commercial Vehicles",0,,
,"Unknown","Passenger Vehicles",0,,
,,"Light Commercial Vehicles",0,,
"4107","Diesel","Passenger Vehicles",517,,
,,"Light Commercial Vehicles",827,,
,"Electric","Passenger Vehicles",3,,
,,"Light Commercial Vehicles",0,,
,"Petrol leaded","Passenger Vehicles",69,,
,,"Light Commercial Vehicles",25,,
,"Petrol unleaded","Passenger Vehicles",3581,,
,,"Light Commercial Vehicles",473,,
,"LPG/Other gases","Passenger Vehicles",7,,
,,"Light Commercial Vehicles",11,,
,"Dual fuel","Passenger Vehicles",42,,
,,"Light Commercial Vehicles",7,,
,"Other","Passenger Vehicles",72,,
,,"Light Commercial Vehicles",0,,
,"Unknown","Passenger Vehicles",0,,
,,"Light Commercial Vehicles",0,,
"4108","Diesel","Passenger Vehicles",541,,
,,"Light Commercial Vehicles",1204,,
,"Electric","Passenger Vehicles",3,,
,,"Light Commercial Vehicles",0,,
,"Petrol leaded","Passenger Vehicles",66,,
,,"Light Commercial Vehicles",12,,
,"Petrol unleaded","Passenger Vehicles",3971,,
,,"Light Commercial Vehicles",675,,
,"LPG/Other gases","Passenger Vehicles",5,,
,,"Light Commercial Vehicles",15,,
,"Dual fuel","Passenger Vehicles",27,,
,,"Light Commercial Vehicles",13,,
,"Other","Passenger Vehicles",193,,
,,"Light Commercial Vehicles",0,,
,"Unknown","Passenger Vehicles",0,,
,,"Light Commercial Vehicles",0,,
"4109","Diesel","Passenger Vehicles",2317,,
,,"Light Commercial Vehicles",1211,,
,"Electric","Passenger Vehicles",14,,
,,"Light Commercial Vehicles",0,,
,"Petrol leaded","Passenger Vehicles",209,,
,,"Light Commercial Vehicles",43,,
,"Petrol unleaded","Passenger Vehicles",19852,,
,,"Light Commercial Vehicles",971,,
,"LPG/Other gases","Passenger Vehicles",27,,
,,"Light Commercial Vehicles",21,,
,"Dual fuel","Passenger Vehicles",91,,
,,"Light Commercial Vehicles",26,,
,"Other","Passenger Vehicles",353,,
,,"Light Commercial Vehicles",0,,
,"Unknown","Passenger Vehicles",0,,
,,"Light Commercial Vehicles",0,,
"4110","Diesel","Passenger Vehicles",915,,
,,"Light Commercial Vehicles",2267,,
,"Electric","Passenger Vehicles",0,,
,,"Light Commercial Vehicles",0,,
,"Petrol leaded","Passenger Vehicles",78,,
,,"Light Commercial Vehicles",17,,
,"Petrol unleaded","Passenger Vehicles",7057,,
,,"Light Commercial Vehicles",884,,
,"LPG/Other gases","Passenger Vehicles",9,,
,,"Light Commercial Vehicles",14,,
,"Dual fuel","Passenger Vehicles",41,,
,,"Light Commercial Vehicles",26,,
,"Other","Passenger Vehicles",163,,
,,"Light Commercial Vehicles",0,,
,"Unknown","Passenger Vehicles",0,,
,,"Light Commercial Vehicles",0,,
"4111","Diesel","Passenger Vehicles",62,,
,,"Light Commercial Vehicles",72,,
,"Electric","Passenger Vehicles",0,,
,,"Light Commercial Vehicles",0,,
,"Petrol leaded","Passenger Vehicles",8,,
,,"Light Commercial Vehicles",5,,
,"Petrol unleaded","Passenger Vehicles",512,,
,,"Light Commercial Vehicles",67,,
,"LPG/Other gases","Passenger Vehicles",0,,
,,"Light Commercial Vehicles",0,,
,"Dual fuel","Passenger Vehicles",3,,
,,"Light Commercial Vehicles",0,,
,"Other","Passenger Vehicles",54,,
,,"Light Commercial Vehicles",0,,
,"Unknown","Passenger Vehicles",0,,
,,"Light Commercial Vehicles",0,,
"4112","Diesel","Passenger Vehicles",593,,
,,"Light Commercial Vehicles",323,,
,"Electric","Passenger Vehicles",3,,
,,"Light Commercial Vehicles",0,,
,"Petrol leaded","Passenger Vehicles",34,,
,,"Light Commercial Vehicles",5,,
,"Petrol unleaded","Passenger Vehicles",4102,,
,,"Light Commercial Vehicles",140,,
,"LPG/Other gases","Passenger Vehicles",3,,
,,"Light Commercial Vehicles",3,,
,"Dual fuel","Passenger Vehicles",23,,
,,"Light Commercial Vehicles",8,,
,"Other","Passenger Vehicles",109,,
,,"Light Commercial Vehicles",0,,
,"Unknown","Passenger Vehicles",0,,
,,"Light Commercial Vehicles",0,,
"4113","Diesel","Passenger Vehicles",2858,,
,,"Light Commercial Vehicles",5766,,
,"Electric","Passenger Vehicles",0,,
,,"Light Commercial Vehicles",0,,
,"Petrol leaded","Passenger Vehicles",128,,
,,"Light Commercial Vehicles",31,,
,"Petrol unleaded","Passenger Vehicles",18193,,
,,"Light Commercial Vehicles",1107,,
,"LPG/Other gases","Passenger Vehicles",25,,
,,"Light Commercial Vehicles",11,,
,"Dual fuel","Passenger Vehicles",69,,
,,"Light Commercial Vehicles",25,,
,"Other","Passenger Vehicles",332,,
,,"Light Commercial Vehicles",0,,
,"Unknown","Passenger Vehicles",0,,
,,"Light Commercial Vehicles",0,,
"4114","Diesel","Passenger Vehicles",1022,,
,,"Light Commercial Vehicles",1647,,
,"Electric","Passenger Vehicles",0,,
,,"Light Commercial Vehicles",0,,
,"Petrol leaded","Passenger Vehicles",147,,
,,"Light Commercial Vehicles",45,,
,"Petrol unleaded","Passenger Vehicles",12826,,
,,"Light Commercial Vehicles",1325,,
,"LPG/Other gases","Passenger Vehicles",30,,
,,"Light Commercial Vehicles",28,,
,"Dual fuel","Passenger Vehicles",161,,
,,"Light Commercial Vehicles",56,,
,"Other","Passenger Vehicles",183,,
,,"Light Commercial Vehicles",0,,
,"Unknown","Passenger Vehicles",0,,
,,"Light Commercial Vehicles",0,,
"4115","Diesel","Passenger Vehicles",1245,,
,,"Light Commercial Vehicles",1098,,
,"Electric","Passenger Vehicles",3,,
,,"Light Commercial Vehicles",0,,
,"Petrol leaded","Passenger Vehicles",119,,
,,"Light Commercial Vehicles",17,,
,"Petrol unleaded","Passenger Vehicles",10033,,
,,"Light Commercial Vehicles",591,,
,"LPG/Other gases","Passenger Vehicles",5,,
,,"Light Commercial Vehicles",7,,
,"Dual fuel","Passenger Vehicles",48,,
,,"Light Commercial Vehicles",11,,
,"Other","Passenger Vehicles",135,,
,,"Light Commercial Vehicles",0,,
,"Unknown","Passenger Vehicles",0,,
,,"Light Commercial Vehicles",0,,
"4116","Diesel","Passenger Vehicles",1768,,
,,"Light Commercial Vehicles",956,,
,"Electric","Passenger Vehicles",6,,
,,"Light Commercial Vehicles",0,,
,"Petrol leaded","Passenger Vehicles",91,,
,,"Light Commercial Vehicles",15,,
,"Petrol unleaded","Passenger Vehicles",13712,,
,,"Light Commercial Vehicles",568,,
,"LPG/Other gases","Passenger Vehicles",13,,
,,"Light Commercial Vehicles",11,,
,"Dual fuel","Passenger Vehicles",66,,
,,"Light Commercial Vehicles",16,,
,"Other","Passenger Vehicles",253,,
,,"Light Commercial Vehicles",0,,
,"Unknown","Passenger Vehicles",0,,
,,"Light Commercial Vehicles",0,,
"4117","Diesel","Passenger Vehicles",114,,
,,"Light Commercial Vehicles",388,,
,"Electric","Passenger Vehicles",0,,
,,"Light Commercial Vehicles",0,,
,"Petrol leaded","Passenger Vehicles",9,,
,,"Light Commercial Vehicles",3,,
,"Petrol unleaded","Passenger Vehicles",873,,
,,"Light Commercial Vehicles",153,,
,"LPG/Other gases","Passenger Vehicles",3,,
,,"Light Commercial Vehicles",3,,
,"Dual fuel","Passenger Vehicles",3,,
,,"Light Commercial Vehicles",0,,
,"Other","Passenger Vehicles",15,,
,,"Light Commercial Vehicles",0,,
,"Unknown","Passenger Vehicles",0,,
,,"Light Commercial Vehicles",0,,
"4118","Diesel","Passenger Vehicles",1900,,
,,"Light Commercial Vehicles",2910,,
,"Electric","Passenger Vehicles",4,,
,,"Light Commercial Vehicles",0,,
,"Petrol leaded","Passenger Vehicles",277,,
,,"Light Commercial Vehicles",80,,
,"Petrol unleaded","Passenger Vehicles",14917,,
,,"Light Commercial Vehicles",1637,,
,"LPG/Other gases","Passenger Vehicles",33,,
,,"Light Commercial Vehicles",18,,
,"Dual fuel","Passenger Vehicles",119,,
,,"Light Commercial Vehicles",45,,
,"Other","Passenger Vehicles",134,,
,,"Light Commercial Vehicles",0,,
,"Unknown","Passenger Vehicles",0,,
,,"Light Commercial Vehicles",0,,
"4119","Diesel","Passenger Vehicles",634,,
,,"Light Commercial Vehicles",1102,,
,"Electric","Passenger Vehicles",3,,
,,"Light Commercial Vehicles",0,,
,"Petrol leaded","Passenger Vehicles",35,,
,,"Light Commercial Vehicles",10,,
,"Petrol unleaded","Passenger Vehicles",4136,,
,,"Light Commercial Vehicles",516,,
,"LPG/Other gases","Passenger Vehicles",4,,
,,"Light Commercial Vehicles",27,,
,"Dual fuel","Passenger Vehicles",28,,
,,"Light Commercial Vehicles",7,,
,"Other","Passenger Vehicles",63,,
,,"Light Commercial Vehicles",0,,
,"Unknown","Passenger Vehicles",0,,
,,"Light Commercial Vehicles",0,,
"4120","Diesel","Passenger Vehicles",574,,
,,"Light Commercial Vehicles",474,,
,"Electric","Passenger Vehicles",3,,
,,"Light Commercial Vehicles",0,,
,"Petrol leaded","Passenger Vehicles",76,,
,,"Light Commercial Vehicles",13,,
,"Petrol unleaded","Passenger Vehicles",5017,,
,,"Light Commercial Vehicles",246,,
,"LPG/Other gases","Passenger Vehicles",4,,
,,"Light Commercial Vehicles",0,,
,"Dual fuel","Passenger Vehicles",21,,
,,"Light Commercial Vehicles",7,,
,"Other","Passenger Vehicles",65,,
,,"Light Commercial Vehicles",0,,
,"Unknown","Passenger Vehicles",0,,
,,"Light Commercial Vehicles",0,,
"4121","Diesel","Passenger Vehicles",1927,,
,,"Light Commercial Vehicles",1330,,
,"Electric","Passenger Vehicles",11,,
,,"Light Commercial Vehicles",0,,
,"Petrol leaded","Passenger Vehicles",187,,
,,"Light Commercial Vehicles",51,,
,"Petrol unleaded","Passenger Vehicles",12211,,
,,"Light Commercial Vehicles",735,,
,"LPG/Other gases","Passenger Vehicles",11,,
,,"Light Commercial Vehicles",16,,
,"Dual fuel","Passenger Vehicles",76,,
,,"Light Commercial Vehicles",25,,
,"Other","Passenger Vehicles",142,,
,,"Light Commercial Vehicles",0,,
,"Unknown","Passenger Vehicles",0,,
,,"Light Commercial Vehicles",0,,
"4122","Diesel","Passenger Vehicles",2735,,
,,"Light Commercial Vehicles",2630,,
,"Electric","Passenger Vehicles",3,,
,,"Light Commercial Vehicles",0,,
,"Petrol leaded","Passenger Vehicles",281,,
,,"Light Commercial Vehicles",59,,
,"Petrol unleaded","Passenger Vehicles",23487,,
,,"Light Commercial Vehicles",1447,,
,"LPG/Other gases","Passenger Vehicles",28,,
,,"Light Commercial Vehicles",23,,
,"Dual fuel","Passenger Vehicles",112,,
,,"Light Commercial Vehicles",37,,
,"Other","Passenger Vehicles",298,,
,,"Light Commercial Vehicles",0,,
,"Unknown","Passenger Vehicles",0,,
,,"Light Commercial Vehicles",0,,
"4123","Diesel","Passenger Vehicles",1518,,
,,"Light Commercial Vehicles",1382,,
,"Electric","Passenger Vehicles",6,,
,,"Light Commercial Vehicles",0,,
,"Petrol leaded","Passenger Vehicles",160,,
,,"Light Commercial Vehicles",37,,
,"Petrol unleaded","Passenger Vehicles",10214,,
,,"Light Commercial Vehicles",783,,
,"LPG/Other gases","Passenger Vehicles",16,,
,,"Light Commercial Vehicles",5,,
,"Dual fuel","Passenger Vehicles",60,,
,,"Light Commercial Vehicles",23,,
,"Other","Passenger Vehicles",121,,
,,"Light Commercial Vehicles",0,,
,"Unknown","Passenger Vehicles",0,,
,,"Light Commercial Vehicles",0,,
"4124","Diesel","Passenger Vehicles",1684,,
,,"Light Commercial Vehicles",2500,,
,"Electric","Passenger Vehicles",0,,
,,"Light Commercial Vehicles",0,,
,"Petrol leaded","Passenger Vehicles",318,,
,,"Light Commercial Vehicles",86,,
,"Petrol unleaded","Passenger Vehicles",9410,,
,,"Light Commercial Vehicles",1220,,
,"LPG/Other gases","Passenger Vehicles",10,,
,,"Light Commercial Vehicles",31,,
,"Dual fuel","Passenger Vehicles",92,,
,,"Light Commercial Vehicles",38,,
,"Other","Passenger Vehicles",56,,
,,"Light Commercial Vehicles",0,,
,"Unknown","Passenger Vehicles",0,,
,,"Light Commercial Vehicles",0,,
"4125","Diesel","Passenger Vehicles",739,,
,,"Light Commercial Vehicles",1002,,
,"Electric","Passenger Vehicles",3,,
,,"Light Commercial Vehicles",0,,
,"Petrol leaded","Passenger Vehicles",188,,
,,"Light Commercial Vehicles",66,,
,"Petrol unleaded","Passenger Vehicles",4415,,
,,"Light Commercial Vehicles",583,,
,"LPG/Other gases","Passenger Vehicles",7,,
,,"Light Commercial Vehicles",18,,
,"Dual fuel","Passenger Vehicles",47,,
,,"Light Commercial Vehicles",26,,
,"Other","Passenger Vehicles",31,,
,,"Light Commercial Vehicles",0,,
,"Unknown","Passenger Vehicles",0,,
,,"Light Commercial Vehicles",0,,
"4127","Diesel","Passenger Vehicles",2154,,
,,"Light Commercial Vehicles",3056,,
,"Electric","Passenger Vehicles",9,,
,,"Light Commercial Vehicles",0,,
,"Petrol leaded","Passenger Vehicles",272,,
,,"Light Commercial Vehicles",65,,
,"Petrol unleaded","Passenger Vehicles",16864,,
,,"Light Commercial Vehicles",1801,,
,"LPG/Other gases","Passenger Vehicles",23,,
,,"Light Commercial Vehicles",37,,
,"Dual fuel","Passenger Vehicles",118,,
,,"Light Commercial Vehicles",48,,
,"Other","Passenger Vehicles",214,,
,,"Light Commercial Vehicles",0,,
,"Unknown","Passenger Vehicles",0,,
,,"Light Commercial Vehicles",0,,
"4128","Diesel","Passenger Vehicles",1241,,
,,"Light Commercial Vehicles",1683,,
,"Electric","Passenger Vehicles",3,,
,,"Light Commercial Vehicles",0,,
,"Petrol leaded","Passenger Vehicles",172,,
,,"Light Commercial Vehicles",33,,
,"Petrol unleaded","Passenger Vehicles",8559,,
,,"Light Commercial Vehicles",808,,
,"LPG/Other gases","Passenger Vehicles",14,,
,,"Light Commercial Vehicles",19,,
,"Dual fuel","Passenger Vehicles",53,,
,,"Light Commercial Vehicles",28,,
,"Other","Passenger Vehicles",54,,
,,"Light Commercial Vehicles",0,,
,"Unknown","Passenger Vehicles",0,,
,,"Light Commercial Vehicles",0,,
"4129","Diesel","Passenger Vehicles",556,,
,,"Light Commercial Vehicles",1487,,
,"Electric","Passenger Vehicles",0,,
,,"Light Commercial Vehicles",0,,
,"Petrol leaded","Passenger Vehicles",88,,
,,"Light Commercial Vehicles",23,,
,"Petrol unleaded","Passenger Vehicles",3621,,
,,"Light Commercial Vehicles",672,,
,"LPG/Other gases","Passenger Vehicles",9,,
,,"Light Commercial Vehicles",8,,
,"Dual fuel","Passenger Vehicles",36,,
,,"Light Commercial Vehicles",21,,
,"Other","Passenger Vehicles",17,,
,,"Light Commercial Vehicles",0,,
,"Unknown","Passenger Vehicles",0,,
,,"Light Commercial Vehicles",0,,
"4130","Diesel","Passenger Vehicles",870,,
,,"Light Commercial Vehicles",1131,,
,"Electric","Passenger Vehicles",0,,
,,"Light Commercial Vehicles",0,,
,"Petrol leaded","Passenger Vehicles",175,,
,,"Light Commercial Vehicles",43,,
,"Petrol unleaded","Passenger Vehicles",4391,,
,,"Light Commercial Vehicles",513,,
,"LPG/Other gases","Passenger Vehicles",7,,
,,"Light Commercial Vehicles",9,,
,"Dual fuel","Passenger Vehicles",30,,
,,"Light Commercial Vehicles",19,,
,"Other","Passenger Vehicles",41,,
,,"Light Commercial Vehicles",0,,
,"Unknown","Passenger Vehicles",0,,
,,"Light Commercial Vehicles",0,,
"4131","Diesel","Passenger Vehicles",535,,
,,"Light Commercial Vehicles",943,,
,"Electric","Passenger Vehicles",0,,
,,"Light Commercial Vehicles",0,,
,"Petrol leaded","Passenger Vehicles",60,,
,,"Light Commercial Vehicles",29,,
,"Petrol unleaded","Passenger Vehicles",5185,,
,,"Light Commercial Vehicles",627,,
,"LPG/Other gases","Passenger Vehicles",11,,
,,"Light Commercial Vehicles",16,,
,"Dual fuel","Passenger Vehicles",47,,
,,"Light Commercial Vehicles",51,,
,"Other","Passenger Vehicles",64,,
,,"Light Commercial Vehicles",0,,
,"Unknown","Passenger Vehicles",0,,
,,"Light Commercial Vehicles",0,,
"4132","Diesel","Passenger Vehicles",1107,,
,,"Light Commercial Vehicles",1744,,
,"Electric","Passenger Vehicles",0,,
,,"Light Commercial Vehicles",0,,
,"Petrol leaded","Passenger Vehicles",163,,
,,"Light Commercial Vehicles",42,,
,"Petrol unleaded","Passenger Vehicles",11549,,
,,"Light Commercial Vehicles",1244,,
,"LPG/Other gases","Passenger Vehicles",24,,
,,"Light Commercial Vehicles",16,,
,"Dual fuel","Passenger Vehicles",100,,
,,"Light Commercial Vehicles",53,,
,"Other","Passenger Vehicles",48,,
,,"Light Commercial Vehicles",0,,
,"Unknown","Passenger Vehicles",3,,
,,"Light Commercial Vehicles",0,,
"4133","Diesel","Passenger Vehicles",1034,,
,,"Light Commercial Vehicles",1539,,
,"Electric","Passenger Vehicles",0,,
,,"Light Commercial Vehicles",0,,
,"Petrol leaded","Passenger Vehicles",160,,
,,"Light Commercial Vehicles",44,,
,"Petrol unleaded","Passenger Vehicles",9093,,
,,"Light Commercial Vehicles",966,,
,"LPG/Other gases","Passenger Vehicles",10,,
,,"Light Commercial Vehicles",7,,
,"Dual fuel","Passenger Vehicles",79,,
,,"Light Commercial Vehicles",31,,
,"Other","Passenger Vehicles",54,,
,,"Light Commercial Vehicles",0,,
,"Unknown","Passenger Vehicles",0,,
,,"Light Commercial Vehicles",0,,
"4151","Diesel","Passenger Vehicles",1272,,
,,"Light Commercial Vehicles",943,,
,"Electric","Passenger Vehicles",5,,
,,"Light Commercial Vehicles",0,,
,"Petrol leaded","Passenger Vehicles",127,,
,,"Light Commercial Vehicles",16,,
,"Petrol unleaded","Passenger Vehicles",9116,,
,,"Light Commercial Vehicles",513,,
,"LPG/Other gases","Passenger Vehicles",5,,
,,"Light Commercial Vehicles",7,,
,"Dual fuel","Passenger Vehicles",30,,
,,"Light Commercial Vehicles",13,,
,"Other","Passenger Vehicles",99,,
,,"Light Commercial Vehicles",0,,
,"Unknown","Passenger Vehicles",0,,
,,"Light Commercial Vehicles",0,,
"4152","Diesel","Passenger Vehicles",3333,,
,,"Light Commercial Vehicles",2364,,
,"Electric","Passenger Vehicles",4,,
,,"Light Commercial Vehicles",0,,
,"Petrol leaded","Passenger Vehicles",330,,
,,"Light Commercial Vehicles",49,,
,"Petrol unleaded","Passenger Vehicles",23703,,
,,"Light Commercial Vehicles",1289,,
,"LPG/Other gases","Passenger Vehicles",19,,
,,"Light Commercial Vehicles",20,,
,"Dual fuel","Passenger Vehicles",97,,
,,"Light Commercial Vehicles",20,,
,"Other","Passenger Vehicles",217,,
,,"Light Commercial Vehicles",0,,
,"Unknown","Passenger Vehicles",0,,
,,"Light Commercial Vehicles",0,,
"4153","Diesel","Passenger Vehicles",369,,
,,"Light Commercial Vehicles",308,,
,"Electric","Passenger Vehicles",3,,
,,"Light Commercial Vehicles",0,,
,"Petrol leaded","Passenger Vehicles",58,,
,,"Light Commercial Vehicles",13,,
,"Petrol unleaded","Passenger Vehicles",2425,,
,,"Light Commercial Vehicles",136,,
,"LPG/Other gases","Passenger Vehicles",0,,
,,"Light Commercial Vehicles",0,,
,"Dual fuel","Passenger Vehicles",7,,
,,"Light Commercial Vehicles",4,,
,"Other","Passenger Vehicles",27,,
,,"Light Commercial Vehicles",0,,
,"Unknown","Passenger Vehicles",0,,
,,"Light Commercial Vehicles",0,,
"4154","Diesel","Passenger Vehicles",1058,,
,,"Light Commercial Vehicles",896,,
,"Electric","Passenger Vehicles",4,,
,,"Light Commercial Vehicles",0,,
,"Petrol leaded","Passenger Vehicles",92,,
,,"Light Commercial Vehicles",17,,
,"Petrol unleaded","Passenger Vehicles",5064,,
,,"Light Commercial Vehicles",342,,
,"LPG/Other gases","Passenger Vehicles",3,,
,,"Light Commercial Vehicles",0,,
,"Dual fuel","Passenger Vehicles",27,,
,,"Light Commercial Vehicles",12,,
,"Other","Passenger Vehicles",50,,
,,"Light Commercial Vehicles",0,,
,"Unknown","Passenger Vehicles",0,,
,,"Light Commercial Vehicles",0,,
"4155","Diesel","Passenger Vehicles",257,,
,,"Light Commercial Vehicles",246,,
,"Electric","Passenger Vehicles",0,,
,,"Light Commercial Vehicles",0,,
,"Petrol leaded","Passenger Vehicles",41,,
,,"Light Commercial Vehicles",13,,
,"Petrol unleaded","Passenger Vehicles",783,,
,,"Light Commercial Vehicles",107,,
,"LPG/Other gases","Passenger Vehicles",0,,
,,"Light Commercial Vehicles",3,,
,"Dual fuel","Passenger Vehicles",5,,
,,"Light Commercial Vehicles",3,,
,"Other","Passenger Vehicles",11,,
,,"Light Commercial Vehicles",0,,
,"Unknown","Passenger Vehicles",0,,
,,"Light Commercial Vehicles",0,,
"4156","Diesel","Passenger Vehicles",418,,
,,"Light Commercial Vehicles",266,,
,"Electric","Passenger Vehicles",0,,
,,"Light Commercial Vehicles",0,,
,"Petrol leaded","Passenger Vehicles",37,,
,,"Light Commercial Vehicles",6,,
,"Petrol unleaded","Passenger Vehicles",1779,,
,,"Light Commercial Vehicles",113,,
,"LPG/Other gases","Passenger Vehicles",0,,
,,"Light Commercial Vehicles",3,,
,"Dual fuel","Passenger Vehicles",8,,
,,"Light Commercial Vehicles",3,,
,"Other","Passenger Vehicles",27,,
,,"Light Commercial Vehicles",0,,
,"Unknown","Passenger Vehicles",0,,
,,"Light Commercial Vehicles",0,,
"4157","Diesel","Passenger Vehicles",1722,,
,,"Light Commercial Vehicles",2930,,
,"Electric","Passenger Vehicles",8,,
,,"Light Commercial Vehicles",0,,
,"Petrol leaded","Passenger Vehicles",274,,
,,"Light Commercial Vehicles",71,,
,"Petrol unleaded","Passenger Vehicles",10662,,
,,"Light Commercial Vehicles",1410,,
,"LPG/Other gases","Passenger Vehicles",12,,
,,"Light Commercial Vehicles",24,,
,"Dual fuel","Passenger Vehicles",76,,
,,"Light Commercial Vehicles",34,,
,"Other","Passenger Vehicles",76,,
,,"Light Commercial Vehicles",0,,
,"Unknown","Passenger Vehicles",0,,
,,"Light Commercial Vehicles",0,,
"4158","Diesel","Passenger Vehicles",285,,
,,"Light Commercial Vehicles",418,,
,"Electric","Passenger Vehicles",0,,
,,"Light Commercial Vehicles",0,,
,"Petrol leaded","Passenger Vehicles",46,,
,,"Light Commercial Vehicles",19,,
,"Petrol unleaded","Passenger Vehicles",1930,,
,,"Light Commercial Vehicles",197,,
,"LPG/Other gases","Passenger Vehicles",0,,
,,"Light Commercial Vehicles",3,,
,"Dual fuel","Passenger Vehicles",13,,
,,"Light Commercial Vehicles",9,,
,"Other","Passenger Vehicles",14,,
,,"Light Commercial Vehicles",0,,
,"Unknown","Passenger Vehicles",0,,
,,"Light Commercial Vehicles",0,,
"4159","Diesel","Passenger Vehicles",1196,,
,,"Light Commercial Vehicles",1335,,
,"Electric","Passenger Vehicles",3,,
,,"Light Commercial Vehicles",0,,
,"Petrol leaded","Passenger Vehicles",177,,
,,"Light Commercial Vehicles",37,,
,"Petrol unleaded","Passenger Vehicles",7176,,
,,"Light Commercial Vehicles",657,,
,"LPG/Other gases","Passenger Vehicles",5,,
,,"Light Commercial Vehicles",6,,
,"Dual fuel","Passenger Vehicles",48,,
,,"Light Commercial Vehicles",22,,
,"Other","Passenger Vehicles",33,,
,,"Light Commercial Vehicles",0,,
,"Unknown","Passenger Vehicles",0,,
,,"Light Commercial Vehicles",0,,
"4160","Diesel","Passenger Vehicles",1659,,
,,"Light Commercial Vehicles",1550,,
,"Electric","Passenger Vehicles",3,,
,,"Light Commercial Vehicles",0,,
,"Petrol leaded","Passenger Vehicles",169,,
,,"Light Commercial Vehicles",41,,
,"Petrol unleaded","Passenger Vehicles",9565,,
,,"Light Commercial Vehicles",707,,
,"LPG/Other gases","Passenger Vehicles",10,,
,,"Light Commercial Vehicles",9,,
,"Dual fuel","Passenger Vehicles",45,,
,,"Light Commercial Vehicles",18,,
,"Other","Passenger Vehicles",60,,
,,"Light Commercial Vehicles",0,,
,"Unknown","Passenger Vehicles",0,,
,,"Light Commercial Vehicles",0,,
"4161","Diesel","Passenger Vehicles",1083,,
,,"Light Commercial Vehicles",1572,,
,"Electric","Passenger Vehicles",0,,
,,"Light Commercial Vehicles",0,,
,"Petrol leaded","Passenger Vehicles",159,,
,,"Light Commercial Vehicles",47,,
,"Petrol unleaded","Passenger Vehicles",8175,,
,,"Light Commercial Vehicles",857,,
,"LPG/Other gases","Passenger Vehicles",10,,
,,"Light Commercial Vehicles",11,,
,"Dual fuel","Passenger Vehicles",46,,
,,"Light Commercial Vehicles",38,,
,"Other","Passenger Vehicles",37,,
,,"Light Commercial Vehicles",0,,
,"Unknown","Passenger Vehicles",0,,
,,"Light Commercial Vehicles",0,,
"4163","Diesel","Passenger Vehicles",1546,,
,,"Light Commercial Vehicles",1542,,
,"Electric","Passenger Vehicles",9,,
,,"Light Commercial Vehicles",0,,
,"Petrol leaded","Passenger Vehicles",146,,
,,"Light Commercial Vehicles",26,,
,"Petrol unleaded","Passenger Vehicles",8382,,
,,"Light Commercial Vehicles",800,,
,"LPG/Other gases","Passenger Vehicles",4,,
,,"Light Commercial Vehicles",5,,
,"Dual fuel","Passenger Vehicles",48,,
,,"Light Commercial Vehicles",22,,
,"Other","Passenger Vehicles",54,,
,,"Light Commercial Vehicles",0,,
,"Unknown","Passenger Vehicles",0,,
,,"Light Commercial Vehicles",0,,
"4164","Diesel","Passenger Vehicles",1455,,
,,"Light Commercial Vehicles",1655,,
,"Electric","Passenger Vehicles",7,,
,,"Light Commercial Vehicles",0,,
,"Petrol leaded","Passenger Vehicles",161,,
,,"Light Commercial Vehicles",37,,
,"Petrol unleaded","Passenger Vehicles",8182,,
,,"Light Commercial Vehicles",638,,
,"LPG/Other gases","Passenger Vehicles",5,,
,,"Light Commercial Vehicles",9,,
,"Dual fuel","Passenger Vehicles",55,,
,,"Light Commercial Vehicles",13,,
,"Other","Passenger Vehicles",48,,
,,"Light Commercial Vehicles",0,,
,"Unknown","Passenger Vehicles",0,,
,,"Light Commercial Vehicles",0,,
"4165","Diesel","Passenger Vehicles",3247,,
,,"Light Commercial Vehicles",4334,,
,"Electric","Passenger Vehicles",3,,
,,"Light Commercial Vehicles",0,,
,"Petrol leaded","Passenger Vehicles",397,,
,,"Light Commercial Vehicles",88,,
,"Petrol unleaded","Passenger Vehicles",18302,,
,,"Light Commercial Vehicles",1795,,
,"LPG/Other gases","Passenger Vehicles",20,,
,,"Light Commercial Vehicles",23,,
,"Dual fuel","Passenger Vehicles",83,,
,,"Light Commercial Vehicles",47,,
,"Other","Passenger Vehicles",89,,
,,"Light Commercial Vehicles",0,,
,"Unknown","Passenger Vehicles",0,,
,,"Light Commercial Vehicles",0,,
"4169","Diesel","Passenger Vehicles",1109,,
,,"Light Commercial Vehicles",700,,
,"Electric","Passenger Vehicles",3,,
,,"Light Commercial Vehicles",0,,
,"Petrol leaded","Passenger Vehicles",123,,
,,"Light Commercial Vehicles",25,,
,"Petrol unleaded","Passenger Vehicles",7950,,
,,"Light Commercial Vehicles",408,,
,"LPG/Other gases","Passenger Vehicles",12,,
,,"Light Commercial Vehicles",8,,
,"Dual fuel","Passenger Vehicles",30,,
,,"Light Commercial Vehicles",12,,
,"Other","Passenger Vehicles",77,,
,,"Light Commercial Vehicles",0,,
,"Unknown","Passenger Vehicles",0,,
,,"Light Commercial Vehicles",0,,
"4170","Diesel","Passenger Vehicles",2413,,
,,"Light Commercial Vehicles",2174,,
,"Electric","Passenger Vehicles",4,,
,,"Light Commercial Vehicles",0,,
,"Petrol leaded","Passenger Vehicles",179,,
,,"Light Commercial Vehicles",38,,
,"Petrol unleaded","Passenger Vehicles",13245,,
,,"Light Commercial Vehicles",889,,
,"LPG/Other gases","Passenger Vehicles",4,,
,,"Light Commercial Vehicles",20,,
,"Dual fuel","Passenger Vehicles",58,,
,,"Light Commercial Vehicles",26,,
,"Other","Passenger Vehicles",82,,
,,"Light Commercial Vehicles",0,,
,"Unknown","Passenger Vehicles",0,,
,,"Light Commercial Vehicles",0,,
"4171","Diesel","Passenger Vehicles",1662,,
,,"Light Commercial Vehicles",884,,
,"Electric","Passenger Vehicles",6,,
,,"Light Commercial Vehicles",0,,
,"Petrol leaded","Passenger Vehicles",150,,
,,"Light Commercial Vehicles",26,,
,"Petrol unleaded","Passenger Vehicles",7945,,
,,"Light Commercial Vehicles",417,,
,"LPG/Other gases","Passenger Vehicles",6,,
,,"Light Commercial Vehicles",8,,
,"Dual fuel","Passenger Vehicles",32,,
,,"Light Commercial Vehicles",9,,
,"Other","Passenger Vehicles",74,,
,,"Light Commercial Vehicles",0,,
,"Unknown","Passenger Vehicles",0,,
,,"Light Commercial Vehicles",0,,
"4172","Diesel","Passenger Vehicles",2266,,
,,"Light Commercial Vehicles",5981,,
,"Electric","Passenger Vehicles",4,,
,,"Light Commercial Vehicles",0,,
,"Petrol leaded","Passenger Vehicles",31,,
,,"Light Commercial Vehicles",13,,
,"Petrol unleaded","Passenger Vehicles",8051,,
,,"Light Commercial Vehicles",768,,
,"LPG/Other gases","Passenger Vehicles",4,,
,,"Light Commercial Vehicles",7,,
,"Dual fuel","Passenger Vehicles",18,,
,,"Light Commercial Vehicles",10,,
,"Other","Passenger Vehicles",215,,
,,"Light Commercial Vehicles",3,,
,"Unknown","Passenger Vehicles",0,,
,,"Light Commercial Vehicles",0,,
"4173","Diesel","Passenger Vehicles",594,,
,,"Light Commercial Vehicles",1050,,
,"Electric","Passenger Vehicles",0,,
,,"Light Commercial Vehicles",0,,
,"Petrol leaded","Passenger Vehicles",63,,
,,"Light Commercial Vehicles",17,,
,"Petrol unleaded","Passenger Vehicles",4572,,
,,"Light Commercial Vehicles",444,,
,"LPG/Other gases","Passenger Vehicles",6,,
,,"Light Commercial Vehicles",9,,
,"Dual fuel","Passenger Vehicles",21,,
,,"Light Commercial Vehicles",13,,
,"Other","Passenger Vehicles",34,,
,,"Light Commercial Vehicles",0,,
,"Unknown","Passenger Vehicles",0,,
,,"Light Commercial Vehicles",0,,
"4174","Diesel","Passenger Vehicles",293,,
,,"Light Commercial Vehicles",715,,
,"Electric","Passenger Vehicles",0,,
,,"Light Commercial Vehicles",0,,
,"Petrol leaded","Passenger Vehicles",34,,
,,"Light Commercial Vehicles",5,,
,"Petrol unleaded","Passenger Vehicles",1373,,
,,"Light Commercial Vehicles",454,,
,"LPG/Other gases","Passenger Vehicles",3,,
,,"Light Commercial Vehicles",9,,
,"Dual fuel","Passenger Vehicles",11,,
,,"Light Commercial Vehicles",7,,
,"Other","Passenger Vehicles",11,,
,,"Light Commercial Vehicles",0,,
,"Unknown","Passenger Vehicles",0,,
,,"Light Commercial Vehicles",0,,
"4178","Diesel","Passenger Vehicles",1803,,
,,"Light Commercial Vehicles",2224,,
,"Electric","Passenger Vehicles",4,,
,,"Light Commercial Vehicles",0,,
,"Petrol leaded","Passenger Vehicles",229,,
,,"Light Commercial Vehicles",70,,
,"Petrol unleaded","Passenger Vehicles",12867,,
,,"Light Commercial Vehicles",1075,,
,"LPG/Other gases","Passenger Vehicles",7,,
,,"Light Commercial Vehicles",18,,
,"Dual fuel","Passenger Vehicles",73,,
,,"Light Commercial Vehicles",24,,
,"Other","Passenger Vehicles",93,,
,,"Light Commercial Vehicles",0,,
,"Unknown","Passenger Vehicles",0,,
,,"Light Commercial Vehicles",0,,
"4179","Diesel","Passenger Vehicles",1673,,
,,"Light Commercial Vehicles",1880,,
,"Electric","Passenger Vehicles",3,,
,,"Light Commercial Vehicles",0,,
,"Petrol leaded","Passenger Vehicles",176,,
,,"Light Commercial Vehicles",47,,
,"Petrol unleaded","Passenger Vehicles",9631,,
,,"Light Commercial Vehicles",720,,
,"LPG/Other gases","Passenger Vehicles",10,,
,,"Light Commercial Vehicles",6,,
,"Dual fuel","Passenger Vehicles",63,,
,,"Light Commercial Vehicles",25,,
,"Other","Passenger Vehicles",81,,
,,"Light Commercial Vehicles",0,,
,"Unknown","Passenger Vehicles",0,,
,,"Light Commercial Vehicles",0,,
"4183","Diesel","Passenger Vehicles",333,,
,,"Light Commercial Vehicles",417,,
,"Electric","Passenger Vehicles",3,,
,,"Light Commercial Vehicles",0,,
,"Petrol leaded","Passenger Vehicles",34,,
,,"Light Commercial Vehicles",14,,
,"Petrol unleaded","Passenger Vehicles",1238,,
,,"Light Commercial Vehicles",202,,
,"LPG/Other gases","Passenger Vehicles",0,,
,,"Light Commercial Vehicles",0,,
,"Dual fuel","Passenger Vehicles",20,,
,,"Light Commercial Vehicles",8,,
,"Other","Passenger Vehicles",3,,
,,"Light Commercial Vehicles",0,,
,"Unknown","Passenger Vehicles",0,,
,,"Light Commercial Vehicles",0,,
"4184","Diesel","Passenger Vehicles",467,,
,,"Light Commercial Vehicles",641,,
,"Electric","Passenger Vehicles",0,,
,,"Light Commercial Vehicles",0,,
,"Petrol leaded","Passenger Vehicles",91,,
,,"Light Commercial Vehicles",47,,
,"Petrol unleaded","Passenger Vehicles",5045,,
,,"Light Commercial Vehicles",986,,
,"LPG/Other gases","Passenger Vehicles",12,,
,,"Light Commercial Vehicles",6,,
,"Dual fuel","Passenger Vehicles",89,,
,,"Light Commercial Vehicles",39,,
,"Other","Passenger Vehicles",13,,
,,"Light Commercial Vehicles",0,,
,"Unknown","Passenger Vehicles",0,,
,,"Light Commercial Vehicles",0,,
"4205","Diesel","Passenger Vehicles",257,,
,,"Light Commercial Vehicles",427,,
,"Electric","Passenger Vehicles",0,,
,,"Light Commercial Vehicles",0,,
,"Petrol leaded","Passenger Vehicles",48,,
,,"Light Commercial Vehicles",15,,
,"Petrol unleaded","Passenger Vehicles",2655,,
,,"Light Commercial Vehicles",277,,
,"LPG/Other gases","Passenger Vehicles",5,,
,,"Light Commercial Vehicles",3,,
,"Dual fuel","Passenger Vehicles",31,,
,,"Light Commercial Vehicles",11,,
,"Other","Passenger Vehicles",10,,
,,"Light Commercial Vehicles",0,,
,"Unknown","Passenger Vehicles",0,,
,,"Light Commercial Vehicles",0,,
"4207","Diesel","Passenger Vehicles",4340,,
,,"Light Commercial Vehicles",7947,,
,"Electric","Passenger Vehicles",3,,
,,"Light Commercial Vehicles",0,,
,"Petrol leaded","Passenger Vehicles",605,,
,,"Light Commercial Vehicles",195,,
,"Petrol unleaded","Passenger Vehicles",29334,,
,,"Light Commercial Vehicles",3784,,
,"LPG/Other gases","Passenger Vehicles",50,,
,,"Light Commercial Vehicles",68,,
,"Dual fuel","Passenger Vehicles",277,,
,,"Light Commercial Vehicles",138,,
,"Other","Passenger Vehicles",116,,
,,"Light Commercial Vehicles",0,,
,"Unknown","Passenger Vehicles",0,,
,,"Light Commercial Vehicles",0,,
"4208","Diesel","Passenger Vehicles",1825,,
,,"Light Commercial Vehicles",2965,,
,"Electric","Passenger Vehicles",3,,
,,"Light Commercial Vehicles",0,,
,"Petrol leaded","Passenger Vehicles",189,,
,,"Light Commercial Vehicles",50,,
,"Petrol unleaded","Passenger Vehicles",10461,,
,,"Light Commercial Vehicles",1199,,
,"LPG/Other gases","Passenger Vehicles",18,,
,,"Light Commercial Vehicles",25,,
,"Dual fuel","Passenger Vehicles",62,,
,,"Light Commercial Vehicles",30,,
,"Other","Passenger Vehicles",50,,
,,"Light Commercial Vehicles",0,,
,"Unknown","Passenger Vehicles",0,,
,,"Light Commercial Vehicles",0,,
"4209","Diesel","Passenger Vehicles",3611,,
,,"Light Commercial Vehicles",4660,,
,"Electric","Passenger Vehicles",6,,
,,"Light Commercial Vehicles",0,,
,"Petrol leaded","Passenger Vehicles",297,,
,,"Light Commercial Vehicles",72,,
,"Petrol unleaded","Passenger Vehicles",29639,,
,,"Light Commercial Vehicles",2394,,
,"LPG/Other gases","Passenger Vehicles",35,,
,,"Light Commercial Vehicles",42,,
,"Dual fuel","Passenger Vehicles",167,,
,,"Light Commercial Vehicles",67,,
,"Other","Passenger Vehicles",146,,
,,"Light Commercial Vehicles",0,,
,"Unknown","Passenger Vehicles",0,,
,,"Light Commercial Vehicles",0,,
"4210","Diesel","Passenger Vehicles",1667,,
,,"Light Commercial Vehicles",2082,,
,"Electric","Passenger Vehicles",0,,
,,"Light Commercial Vehicles",3,,
,"Petrol leaded","Passenger Vehicles",255,,
,,"Light Commercial Vehicles",64,,
,"Petrol unleaded","Passenger Vehicles",10765,,
,,"Light Commercial Vehicles",1139,,
,"LPG/Other gases","Passenger Vehicles",19,,
,,"Light Commercial Vehicles",30,,
,"Dual fuel","Passenger Vehicles",81,,
,,"Light Commercial Vehicles",31,,
,"Other","Passenger Vehicles",42,,
,,"Light Commercial Vehicles",0,,
,"Unknown","Passenger Vehicles",0,,
,,"Light Commercial Vehicles",0,,
"4211","Diesel","Passenger Vehicles",4024,,
,,"Light Commercial Vehicles",5513,,
,"Electric","Passenger Vehicles",14,,
,,"Light Commercial Vehicles",0,,
,"Petrol leaded","Passenger Vehicles",585,,
,,"Light Commercial Vehicles",149,,
,"Petrol unleaded","Passenger Vehicles",33998,,
,,"Light Commercial Vehicles",3623,,
,"LPG/Other gases","Passenger Vehicles",50,,
,,"Light Commercial Vehicles",81,,
,"Dual fuel","Passenger Vehicles",231,,
,,"Light Commercial Vehicles",138,,
,"Other","Passenger Vehicles",237,,
,,"Light Commercial Vehicles",0,,
,"Unknown","Passenger Vehicles",0,,
,,"Light Commercial Vehicles",3,,
"4212","Diesel","Passenger Vehicles",3109,,
,,"Light Commercial Vehicles",2431,,
,"Electric","Passenger Vehicles",30,,
,,"Light Commercial Vehicles",0,,
,"Petrol leaded","Passenger Vehicles",256,,
,,"Light Commercial Vehicles",61,,
,"Petrol unleaded","Passenger Vehicles",16645,,
,,"Light Commercial Vehicles",1300,,
,"LPG/Other gases","Passenger Vehicles",26,,
,,"Light Commercial Vehicles",32,,
,"Dual fuel","Passenger Vehicles",78,,
,,"Light Commercial Vehicles",34,,
,"Other","Passenger Vehicles",185,,
,,"Light Commercial Vehicles",0,,
,"Unknown","Passenger Vehicles",3,,
,,"Light Commercial Vehicles",0,,
"4213","Diesel","Passenger Vehicles",2529,,
,,"Light Commercial Vehicles",2975,,
,"Electric","Passenger Vehicles",14,,
,,"Light Commercial Vehicles",0,,
,"Petrol leaded","Passenger Vehicles",389,,
,,"Light Commercial Vehicles",94,,
,"Petrol unleaded","Passenger Vehicles",15797,,
,,"Light Commercial Vehicles",1824,,
,"LPG/Other gases","Passenger Vehicles",25,,
,,"Light Commercial Vehicles",30,,
,"Dual fuel","Passenger Vehicles",130,,
,,"Light Commercial Vehicles",51,,
,"Other","Passenger Vehicles",90,,
,,"Light Commercial Vehicles",0,,
,"Unknown","Passenger Vehicles",0,,
,,"Light Commercial Vehicles",0,,
"4214","Diesel","Passenger Vehicles",2737,,
,,"Light Commercial Vehicles",3677,,
,"Electric","Passenger Vehicles",6,,
,,"Light Commercial Vehicles",0,,
,"Petrol leaded","Passenger Vehicles",307,,
,,"Light Commercial Vehicles",72,,
,"Petrol unleaded","Passenger Vehicles",21843,,
,,"Light Commercial Vehicles",2441,,
,"LPG/Other gases","Passenger Vehicles",30,,
,,"Light Commercial Vehicles",32,,
,"Dual fuel","Passenger Vehicles",117,,
,,"Light Commercial Vehicles",72,,
,"Other","Passenger Vehicles",239,,
,,"Light Commercial Vehicles",0,,
,"Unknown","Passenger Vehicles",0,,
,,"Light Commercial Vehicles",0,,
"4215","Diesel","Passenger Vehicles",3156,,
,,"Light Commercial Vehicles",2817,,
,"Electric","Passenger Vehicles",16,,
,,"Light Commercial Vehicles",0,,
,"Petrol leaded","Passenger Vehicles",271,,
,,"Light Commercial Vehicles",64,,
,"Petrol unleaded","Passenger Vehicles",31396,,
,,"Light Commercial Vehicles",2072,,
,"LPG/Other gases","Passenger Vehicles",35,,
,,"Light Commercial Vehicles",34,,
,"Dual fuel","Passenger Vehicles",174,,
,,"Light Commercial Vehicles",63,,
,"Other","Passenger Vehicles",388,,
,,"Light Commercial Vehicles",0,,
,"Unknown","Passenger Vehicles",0,,
,,"Light Commercial Vehicles",0,,
"4216","Diesel","Passenger Vehicles",3074,,
,,"Light Commercial Vehicles",2572,,
,"Electric","Passenger Vehicles",18,,
,,"Light Commercial Vehicles",0,,
,"Petrol leaded","Passenger Vehicles",387,,
,,"Light Commercial Vehicles",64,,
,"Petrol unleaded","Passenger Vehicles",21676,,
,,"Light Commercial Vehicles",1611,,
,"LPG/Other gases","Passenger Vehicles",26,,
,,"Light Commercial Vehicles",38,,
,"Dual fuel","Passenger Vehicles",135,,
,,"Light Commercial Vehicles",50,,
,"Other","Passenger Vehicles",160,,
,,"Light Commercial Vehicles",0,,
,"Unknown","Passenger Vehicles",0,,
,,"Light Commercial Vehicles",0,,
"4217","Diesel","Passenger Vehicles",3330,,
,,"Light Commercial Vehicles",2766,,
,"Electric","Passenger Vehicles",35,,
,,"Light Commercial Vehicles",0,,
,"Petrol leaded","Passenger Vehicles",357,,
,,"Light Commercial Vehicles",48,,
,"Petrol unleaded","Passenger Vehicles",23822,,
,,"Light Commercial Vehicles",1351,,
,"LPG/Other gases","Passenger Vehicles",31,,
,,"Light Commercial Vehicles",35,,
,"Dual fuel","Passenger Vehicles",135,,
,,"Light Commercial Vehicles",40,,
,"Other","Passenger Vehicles",340,,
,,"Light Commercial Vehicles",0,,
,"Unknown","Passenger Vehicles",0,,
,,"Light Commercial Vehicles",0,,
"4218","Diesel","Passenger Vehicles",2681,,
,,"Light Commercial Vehicles",1998,,
,"Electric","Passenger Vehicles",8,,
,,"Light Commercial Vehicles",0,,
,"Petrol leaded","Passenger Vehicles",291,,
,,"Light Commercial Vehicles",62,,
,"Petrol unleaded","Passenger Vehicles",18533,,
,,"Light Commercial Vehicles",1351,,
,"LPG/Other gases","Passenger Vehicles",15,,
,,"Light Commercial Vehicles",34,,
,"Dual fuel","Passenger Vehicles",95,,
,,"Light Commercial Vehicles",43,,
,"Other","Passenger Vehicles",183,,
,,"Light Commercial Vehicles",0,,
,"Unknown","Passenger Vehicles",0,,
,,"Light Commercial Vehicles",0,,
"4219","Diesel","Passenger Vehicles",31,,
,,"Light Commercial Vehicles",55,,
,"Electric","Passenger Vehicles",0,,
,,"Light Commercial Vehicles",0,,
,"Petrol leaded","Passenger Vehicles",7,,
,,"Light Commercial Vehicles",0,,
,"Petrol unleaded","Passenger Vehicles",103,,
,,"Light Commercial Vehicles",53,,
,"LPG/Other gases","Passenger Vehicles",0,,
,,"Light Commercial Vehicles",0,,
,"Dual fuel","Passenger Vehicles",0,,
,,"Light Commercial Vehicles",0,,
,"Other","Passenger Vehicles",0,,
,,"Light Commercial Vehicles",0,,
,"Unknown","Passenger Vehicles",0,,
,,"Light Commercial Vehicles",0,,
"4220","Diesel","Passenger Vehicles",2598,,
,,"Light Commercial Vehicles",3401,,
,"Electric","Passenger Vehicles",7,,
,,"Light Commercial Vehicles",0,,
,"Petrol leaded","Passenger Vehicles",259,,
,,"Light Commercial Vehicles",81,,
,"Petrol unleaded","Passenger Vehicles",18629,,
,,"Light Commercial Vehicles",2118,,
,"LPG/Other gases","Passenger Vehicles",25,,
,,"Light Commercial Vehicles",43,,
,"Dual fuel","Passenger Vehicles",94,,
,,"Light Commercial Vehicles",65,,
,"Other","Passenger Vehicles",108,,
,,"Light Commercial Vehicles",0,,
,"Unknown","Passenger Vehicles",0,,
,,"Light Commercial Vehicles",0,,
"4221","Diesel","Passenger Vehicles",1970,,
,,"Light Commercial Vehicles",2355,,
,"Electric","Passenger Vehicles",5,,
,,"Light Commercial Vehicles",0,,
,"Petrol leaded","Passenger Vehicles",245,,
,,"Light Commercial Vehicles",82,,
,"Petrol unleaded","Passenger Vehicles",15018,,
,,"Light Commercial Vehicles",1413,,
,"LPG/Other gases","Passenger Vehicles",10,,
,,"Light Commercial Vehicles",19,,
,"Dual fuel","Passenger Vehicles",106,,
,,"Light Commercial Vehicles",47,,
,"Other","Passenger Vehicles",51,,
,,"Light Commercial Vehicles",0,,
,"Unknown","Passenger Vehicles",0,,
,,"Light Commercial Vehicles",0,,
"4223","Diesel","Passenger Vehicles",1365,,
,,"Light Commercial Vehicles",1671,,
,"Electric","Passenger Vehicles",3,,
,,"Light Commercial Vehicles",0,,
,"Petrol leaded","Passenger Vehicles",176,,
,,"Light Commercial Vehicles",45,,
,"Petrol unleaded","Passenger Vehicles",8446,,
,,"Light Commercial Vehicles",992,,
,"LPG/Other gases","Passenger Vehicles",5,,
,,"Light Commercial Vehicles",17,,
,"Dual fuel","Passenger Vehicles",62,,
,,"Light Commercial Vehicles",29,,
,"Other","Passenger Vehicles",60,,
,,"Light Commercial Vehicles",0,,
,"Unknown","Passenger Vehicles",0,,
,,"Light Commercial Vehicles",0,,
"4224","Diesel","Passenger Vehicles",505,,
,,"Light Commercial Vehicles",593,,
,"Electric","Passenger Vehicles",3,,
,,"Light Commercial Vehicles",0,,
,"Petrol leaded","Passenger Vehicles",60,,
,,"Light Commercial Vehicles",12,,
,"Petrol unleaded","Passenger Vehicles",3874,,
,,"Light Commercial Vehicles",385,,
,"LPG/Other gases","Passenger Vehicles",4,,
,,"Light Commercial Vehicles",9,,
,"Dual fuel","Passenger Vehicles",23,,
,,"Light Commercial Vehicles",11,,
,"Other","Passenger Vehicles",21,,
,,"Light Commercial Vehicles",0,,
,"Unknown","Passenger Vehicles",0,,
,,"Light Commercial Vehicles",0,,
"4225","Diesel","Passenger Vehicles",714,,
,,"Light Commercial Vehicles",737,,
,"Electric","Passenger Vehicles",3,,
,,"Light Commercial Vehicles",0,,
,"Petrol leaded","Passenger Vehicles",83,,
,,"Light Commercial Vehicles",36,,
,"Petrol unleaded","Passenger Vehicles",5834,,
,,"Light Commercial Vehicles",472,,
,"LPG/Other gases","Passenger Vehicles",10,,
,,"Light Commercial Vehicles",10,,
,"Dual fuel","Passenger Vehicles",47,,
,,"Light Commercial Vehicles",20,,
,"Other","Passenger Vehicles",22,,
,,"Light Commercial Vehicles",0,,
,"Unknown","Passenger Vehicles",0,,
,,"Light Commercial Vehicles",0,,
"4226","Diesel","Passenger Vehicles",2325,,
,,"Light Commercial Vehicles",1779,,
,"Electric","Passenger Vehicles",16,,
,,"Light Commercial Vehicles",0,,
,"Petrol leaded","Passenger Vehicles",174,,
,,"Light Commercial Vehicles",33,,
,"Petrol unleaded","Passenger Vehicles",20472,,
,,"Light Commercial Vehicles",1124,,
,"LPG/Other gases","Passenger Vehicles",16,,
,,"Light Commercial Vehicles",21,,
,"Dual fuel","Passenger Vehicles",89,,
,,"Light Commercial Vehicles",27,,
,"Other","Passenger Vehicles",173,,
,,"Light Commercial Vehicles",0,,
,"Unknown","Passenger Vehicles",0,,
,,"Light Commercial Vehicles",0,,
"4227","Diesel","Passenger Vehicles",1399,,
,,"Light Commercial Vehicles",1415,,
,"Electric","Passenger Vehicles",3,,
,,"Light Commercial Vehicles",0,,
,"Petrol leaded","Passenger Vehicles",89,,
,,"Light Commercial Vehicles",25,,
,"Petrol unleaded","Passenger Vehicles",12766,,
,,"Light Commercial Vehicles",799,,
,"LPG/Other gases","Passenger Vehicles",13,,
,,"Light Commercial Vehicles",14,,
,"Dual fuel","Passenger Vehicles",49,,
,,"Light Commercial Vehicles",14,,
,"Other","Passenger Vehicles",131,,
,,"Light Commercial Vehicles",0,,
,"Unknown","Passenger Vehicles",0,,
,,"Light Commercial Vehicles",0,,
"4228","Diesel","Passenger Vehicles",665,,
,,"Light Commercial Vehicles",729,,
,"Electric","Passenger Vehicles",0,,
,,"Light Commercial Vehicles",0,,
,"Petrol leaded","Passenger Vehicles",94,,
,,"Light Commercial Vehicles",37,,
,"Petrol unleaded","Passenger Vehicles",2765,,
,,"Light Commercial Vehicles",383,,
,"LPG/Other gases","Passenger Vehicles",4,,
,,"Light Commercial Vehicles",5,,
,"Dual fuel","Passenger Vehicles",23,,
,,"Light Commercial Vehicles",12,,
,"Other","Passenger Vehicles",10,,
,,"Light Commercial Vehicles",0,,
,"Unknown","Passenger Vehicles",0,,
,,"Light Commercial Vehicles",0,,
"4229","Diesel","Passenger Vehicles",0,,
,,"Light Commercial Vehicles",0,,
,"Electric","Passenger Vehicles",0,,
,,"Light Commercial Vehicles",0,,
,"Petrol leaded","Passenger Vehicles",0,,
,,"Light Commercial Vehicles",0,,
,"Petrol unleaded","Passenger Vehicles",3,,
,,"Light Commercial Vehicles",0,,
,"LPG/Other gases","Passenger Vehicles",0,,
,,"Light Commercial Vehicles",0,,
,"Dual fuel","Passenger Vehicles",0,,
,,"Light Commercial Vehicles",0,,
,"Other","Passenger Vehicles",0,,
,,"Light Commercial Vehicles",0,,
,"Unknown","Passenger Vehicles",0,,
,,"Light Commercial Vehicles",0,,
"4230","Diesel","Passenger Vehicles",7,,
,,"Light Commercial Vehicles",0,,
,"Electric","Passenger Vehicles",0,,
,,"Light Commercial Vehicles",0,,
,"Petrol leaded","Passenger Vehicles",0,,
,,"Light Commercial Vehicles",0,,
,"Petrol unleaded","Passenger Vehicles",8,,
,,"Light Commercial Vehicles",0,,
,"LPG/Other gases","Passenger Vehicles",0,,
,,"Light Commercial Vehicles",0,,
,"Dual fuel","Passenger Vehicles",0,,
,,"Light Commercial Vehicles",0,,
,"Other","Passenger Vehicles",0,,
,,"Light Commercial Vehicles",0,,
,"Unknown","Passenger Vehicles",0,,
,,"Light Commercial Vehicles",0,,
"4270","Diesel","Passenger Vehicles",514,,
,,"Light Commercial Vehicles",788,,
,"Electric","Passenger Vehicles",3,,
,,"Light Commercial Vehicles",0,,
,"Petrol leaded","Passenger Vehicles",96,,
,,"Light Commercial Vehicles",29,,
,"Petrol unleaded","Passenger Vehicles",1957,,
,,"Light Commercial Vehicles",347,,
,"LPG/Other gases","Passenger Vehicles",4,,
,,"Light Commercial Vehicles",10,,
,"Dual fuel","Passenger Vehicles",26,,
,,"Light Commercial Vehicles",16,,
,"Other","Passenger Vehicles",11,,
,,"Light Commercial Vehicles",0,,
,"Unknown","Passenger Vehicles",0,,
,,"Light Commercial Vehicles",0,,
"4271","Diesel","Passenger Vehicles",89,,
,,"Light Commercial Vehicles",77,,
,"Electric","Passenger Vehicles",0,,
,,"Light Commercial Vehicles",0,,
,"Petrol leaded","Passenger Vehicles",9,,
,,"Light Commercial Vehicles",3,,
,"Petrol unleaded","Passenger Vehicles",555,,
,,"Light Commercial Vehicles",79,,
,"LPG/Other gases","Passenger Vehicles",0,,
,,"Light Commercial Vehicles",3,,
,"Dual fuel","Passenger Vehicles",3,,
,,"Light Commercial Vehicles",3,,
,"Other","Passenger Vehicles",4,,
,,"Light Commercial Vehicles",0,,
,"Unknown","Passenger Vehicles",0,,
,,"Light Commercial Vehicles",0,,
"4272","Diesel","Passenger Vehicles",785,,
,,"Light Commercial Vehicles",568,,
,"Electric","Passenger Vehicles",4,,
,,"Light Commercial Vehicles",0,,
,"Petrol leaded","Passenger Vehicles",111,,
,,"Light Commercial Vehicles",23,,
,"Petrol unleaded","Passenger Vehicles",3696,,
,,"Light Commercial Vehicles",381,,
,"LPG/Other gases","Passenger Vehicles",0,,
,,"Light Commercial Vehicles",3,,
,"Dual fuel","Passenger Vehicles",24,,
,,"Light Commercial Vehicles",20,,
,"Other","Passenger Vehicles",39,,
,,"Light Commercial Vehicles",0,,
,"Unknown","Passenger Vehicles",0,,
,,"Light Commercial Vehicles",0,,
"4275","Diesel","Passenger Vehicles",432,,
,,"Light Commercial Vehicles",648,,
,"Electric","Passenger Vehicles",0,,
,,"Light Commercial Vehicles",0,,
,"Petrol leaded","Passenger Vehicles",51,,
,,"Light Commercial Vehicles",25,,
,"Petrol unleaded","Passenger Vehicles",1665,,
,,"Light Commercial Vehicles",273,,
,"LPG/Other gases","Passenger Vehicles",4,,
,,"Light Commercial Vehicles",3,,
,"Dual fuel","Passenger Vehicles",23,,
,,"Light Commercial Vehicles",6,,
,"Other","Passenger Vehicles",10,,
,,"Light Commercial Vehicles",0,,
,"Unknown","Passenger Vehicles",0,,
,,"Light Commercial Vehicles",0,,
"4280","Diesel","Passenger Vehicles",1774,,
,,"Light Commercial Vehicles",2849,,
,"Electric","Passenger Vehicles",0,,
,,"Light Commercial Vehicles",0,,
,"Petrol leaded","Passenger Vehicles",328,,
,,"Light Commercial Vehicles",97,,
,"Petrol unleaded","Passenger Vehicles",8110,,
,,"Light Commercial Vehicles",1332,,
,"LPG/Other gases","Passenger Vehicles",16,,
,,"Light Commercial Vehicles",37,,
,"Dual fuel","Passenger Vehicles",73,,
,,"Light Commercial Vehicles",55,,
,"Other","Passenger Vehicles",29,,
,,"Light Commercial Vehicles",0,,
,"Unknown","Passenger Vehicles",0,,
,,"Light Commercial Vehicles",0,,
"4285","Diesel","Passenger Vehicles",2050,,
,,"Light Commercial Vehicles",3468,,
,"Electric","Passenger Vehicles",0,,
,,"Light Commercial Vehicles",0,,
,"Petrol leaded","Passenger Vehicles",328,,
,,"Light Commercial Vehicles",121,,
,"Petrol unleaded","Passenger Vehicles",9267,,
,,"Light Commercial Vehicles",1399,,
,"LPG/Other gases","Passenger Vehicles",18,,
,,"Light Commercial Vehicles",26,,
,"Dual fuel","Passenger Vehicles",112,,
,,"Light Commercial Vehicles",46,,
,"Other","Passenger Vehicles",38,,
,,"Light Commercial Vehicles",0,,
,"Unknown","Passenger Vehicles",0,,
,,"Light Commercial Vehicles",0,,
"4287","Diesel","Passenger Vehicles",93,,
,,"Light Commercial Vehicles",174,,
,"Electric","Passenger Vehicles",0,,
,,"Light Commercial Vehicles",0,,
,"Petrol leaded","Passenger Vehicles",12,,
,,"Light Commercial Vehicles",9,,
,"Petrol unleaded","Passenger Vehicles",310,,
,,"Light Commercial Vehicles",75,,
,"LPG/Other gases","Passenger Vehicles",0,,
,,"Light Commercial Vehicles",0,,
,"Dual fuel","Passenger Vehicles",6,,
,,"Light Commercial Vehicles",0,,
,"Other","Passenger Vehicles",4,,
,,"Light Commercial Vehicles",0,,
,"Unknown","Passenger Vehicles",0,,
,,"Light Commercial Vehicles",0,,
"4300","Diesel","Passenger Vehicles",4594,,
,,"Light Commercial Vehicles",8231,,
,"Electric","Passenger Vehicles",5,,
,,"Light Commercial Vehicles",0,,
,"Petrol leaded","Passenger Vehicles",327,,
,,"Light Commercial Vehicles",83,,
,"Petrol unleaded","Passenger Vehicles",31514,,
,,"Light Commercial Vehicles",2295,,
,"LPG/Other gases","Passenger Vehicles",43,,
,,"Light Commercial Vehicles",33,,
,"Dual fuel","Passenger Vehicles",196,,
,,"Light Commercial Vehicles",55,,
,"Other","Passenger Vehicles",271,,
,,"Light Commercial Vehicles",0,,
,"Unknown","Passenger Vehicles",0,,
,,"Light Commercial Vehicles",0,,
"4301","Diesel","Passenger Vehicles",1408,,
,,"Light Commercial Vehicles",2041,,
,"Electric","Passenger Vehicles",3,,
,,"Light Commercial Vehicles",0,,
,"Petrol leaded","Passenger Vehicles",175,,
,,"Light Commercial Vehicles",51,,
,"Petrol unleaded","Passenger Vehicles",14280,,
,,"Light Commercial Vehicles",1168,,
,"LPG/Other gases","Passenger Vehicles",16,,
,,"Light Commercial Vehicles",16,,
,"Dual fuel","Passenger Vehicles",79,,
,,"Light Commercial Vehicles",34,,
,"Other","Passenger Vehicles",67,,
,,"Light Commercial Vehicles",0,,
,"Unknown","Passenger Vehicles",0,,
,,"Light Commercial Vehicles",0,,
"4303","Diesel","Passenger Vehicles",151,,
,,"Light Commercial Vehicles",253,,
,"Electric","Passenger Vehicles",0,,
,,"Light Commercial Vehicles",0,,
,"Petrol leaded","Passenger Vehicles",27,,
,,"Light Commercial Vehicles",13,,
,"Petrol unleaded","Passenger Vehicles",1677,,
,,"Light Commercial Vehicles",209,,
,"LPG/Other gases","Passenger Vehicles",6,,
,,"Light Commercial Vehicles",3,,
,"Dual fuel","Passenger Vehicles",19,,
,,"Light Commercial Vehicles",7,,
,"Other","Passenger Vehicles",3,,
,,"Light Commercial Vehicles",0,,
,"Unknown","Passenger Vehicles",0,,
,,"Light Commercial Vehicles",0,,
"4304","Diesel","Passenger Vehicles",1025,,
,,"Light Commercial Vehicles",1642,,
,"Electric","Passenger Vehicles",0,,
,,"Light Commercial Vehicles",0,,
,"Petrol leaded","Passenger Vehicles",217,,
,,"Light Commercial Vehicles",57,,
,"Petrol unleaded","Passenger Vehicles",8601,,
,,"Light Commercial Vehicles",899,,
,"LPG/Other gases","Passenger Vehicles",13,,
,,"Light Commercial Vehicles",13,,
,"Dual fuel","Passenger Vehicles",92,,
,,"Light Commercial Vehicles",25,,
,"Other","Passenger Vehicles",43,,
,,"Light Commercial Vehicles",0,,
,"Unknown","Passenger Vehicles",0,,
,,"Light Commercial Vehicles",0,,
"4305","Diesel","Passenger Vehicles",3744,,
,,"Light Commercial Vehicles",6328,,
,"Electric","Passenger Vehicles",3,,
,,"Light Commercial Vehicles",0,,
,"Petrol leaded","Passenger Vehicles",813,,
,,"Light Commercial Vehicles",206,,
,"Petrol unleaded","Passenger Vehicles",29294,,
,,"Light Commercial Vehicles",2957,,
,"LPG/Other gases","Passenger Vehicles",41,,
,,"Light Commercial Vehicles",43,,
,"Dual fuel","Passenger Vehicles",232,,
,,"Light Commercial Vehicles",92,,
,"Other","Passenger Vehicles",94,,
,,"Light Commercial Vehicles",0,,
,"Unknown","Passenger Vehicles",0,,
,,"Light Commercial Vehicles",0,,
"4306","Diesel","Passenger Vehicles",3675,,
,,"Light Commercial Vehicles",5711,,
,"Electric","Passenger Vehicles",0,,
,,"Light Commercial Vehicles",0,,
,"Petrol leaded","Passenger Vehicles",637,,
,,"Light Commercial Vehicles",180,,
,"Petrol unleaded","Passenger Vehicles",17487,,
,,"Light Commercial Vehicles",2075,,
,"LPG/Other gases","Passenger Vehicles",23,,
,,"Light Commercial Vehicles",45,,
,"Dual fuel","Passenger Vehicles",154,,
,,"Light Commercial Vehicles",88,,
,"Other","Passenger Vehicles",106,,
,,"Light Commercial Vehicles",0,,
,"Unknown","Passenger Vehicles",0,,
,,"Light Commercial Vehicles",0,,
"4307","Diesel","Passenger Vehicles",209,,
,,"Light Commercial Vehicles",414,,
,"Electric","Passenger Vehicles",0,,
,,"Light Commercial Vehicles",0,,
,"Petrol leaded","Passenger Vehicles",24,,
,,"Light Commercial Vehicles",11,,
,"Petrol unleaded","Passenger Vehicles",650,,
,,"Light Commercial Vehicles",133,,
,"LPG/Other gases","Passenger Vehicles",0,,
,,"Light Commercial Vehicles",3,,
,"Dual fuel","Passenger Vehicles",8,,
,,"Light Commercial Vehicles",5,,
,"Other","Passenger Vehicles",0,,
,,"Light Commercial Vehicles",0,,
,"Unknown","Passenger Vehicles",0,,
,,"Light Commercial Vehicles",0,,
"4309","Diesel","Passenger Vehicles",397,,
,,"Light Commercial Vehicles",790,,
,"Electric","Passenger Vehicles",0,,
,,"Light Commercial Vehicles",0,,
,"Petrol leaded","Passenger Vehicles",50,,
,,"Light Commercial Vehicles",24,,
,"Petrol unleaded","Passenger Vehicles",1228,,
,,"Light Commercial Vehicles",253,,
,"LPG/Other gases","Passenger Vehicles",0,,
,,"Light Commercial Vehicles",0,,
,"Dual fuel","Passenger Vehicles",15,,
,,"Light Commercial Vehicles",8,,
,"Other","Passenger Vehicles",3,,
,,"Light Commercial Vehicles",0,,
,"Unknown","Passenger Vehicles",0,,
,,"Light Commercial Vehicles",0,,
"4310","Diesel","Passenger Vehicles",633,,
,,"Light Commercial Vehicles",1243,,
,"Electric","Passenger Vehicles",0,,
,,"Light Commercial Vehicles",0,,
,"Petrol leaded","Passenger Vehicles",105,,
,,"Light Commercial Vehicles",52,,
,"Petrol unleaded","Passenger Vehicles",2520,,
,,"Light Commercial Vehicles",397,,
,"LPG/Other gases","Passenger Vehicles",8,,
,,"Light Commercial Vehicles",3,,
,"Dual fuel","Passenger Vehicles",28,,
,,"Light Commercial Vehicles",18,,
,"Other","Passenger Vehicles",10,,
,,"Light Commercial Vehicles",0,,
,"Unknown","Passenger Vehicles",0,,
,,"Light Commercial Vehicles",0,,
"4311","Diesel","Passenger Vehicles",880,,
,,"Light Commercial Vehicles",1722,,
,"Electric","Passenger Vehicles",0,,
,,"Light Commercial Vehicles",0,,
,"Petrol leaded","Passenger Vehicles",158,,
,,"Light Commercial Vehicles",70,,
,"Petrol unleaded","Passenger Vehicles",4525,,
,,"Light Commercial Vehicles",828,,
,"LPG/Other gases","Passenger Vehicles",23,,
,,"Light Commercial Vehicles",10,,
,"Dual fuel","Passenger Vehicles",68,,
,,"Light Commercial Vehicles",45,,
,"Other","Passenger Vehicles",10,,
,,"Light Commercial Vehicles",0,,
,"Unknown","Passenger Vehicles",0,,
,,"Light Commercial Vehicles",0,,
"4312","Diesel","Passenger Vehicles",290,,
,,"Light Commercial Vehicles",513,,
,"Electric","Passenger Vehicles",0,,
,,"Light Commercial Vehicles",0,,
,"Petrol leaded","Passenger Vehicles",50,,
,,"Light Commercial Vehicles",27,,
,"Petrol unleaded","Passenger Vehicles",1249,,
,,"Light Commercial Vehicles",234,,
,"LPG/Other gases","Passenger Vehicles",3,,
,,"Light Commercial Vehicles",4,,
,"Dual fuel","Passenger Vehicles",11,,
,,"Light Commercial Vehicles",6,,
,"Other","Passenger Vehicles",0,,
,,"Light Commercial Vehicles",0,,
,"Unknown","Passenger Vehicles",0,,
,,"Light Commercial Vehicles",0,,
"4313","Diesel","Passenger Vehicles",266,,
,,"Light Commercial Vehicles",509,,
,"Electric","Passenger Vehicles",0,,
,,"Light Commercial Vehicles",0,,
,"Petrol leaded","Passenger Vehicles",26,,
,,"Light Commercial Vehicles",10,,
,"Petrol unleaded","Passenger Vehicles",954,,
,,"Light Commercial Vehicles",157,,
,"LPG/Other gases","Passenger Vehicles",0,,
,,"Light Commercial Vehicles",0,,
,"Dual fuel","Passenger Vehicles",8,,
,,"Light Commercial Vehicles",4,,
,"Other","Passenger Vehicles",0,,
,,"Light Commercial Vehicles",0,,
,"Unknown","Passenger Vehicles",0,,
,,"Light Commercial Vehicles",0,,
"4314","Diesel","Passenger Vehicles",223,,
,,"Light Commercial Vehicles",423,,
,"Electric","Passenger Vehicles",0,,
,,"Light Commercial Vehicles",0,,
,"Petrol leaded","Passenger Vehicles",55,,
,,"Light Commercial Vehicles",18,,
,"Petrol unleaded","Passenger Vehicles",993,,
,,"Light Commercial Vehicles",214,,
,"LPG/Other gases","Passenger Vehicles",3,,
,,"Light Commercial Vehicles",0,,
,"Dual fuel","Passenger Vehicles",19,,
,,"Light Commercial Vehicles",4,,
,"Other","Passenger Vehicles",5,,
,,"Light Commercial Vehicles",0,,
,"Unknown","Passenger Vehicles",0,,
,,"Light Commercial Vehicles",0,,
"4340","Diesel","Passenger Vehicles",494,,
,,"Light Commercial Vehicles",1025,,
,"Electric","Passenger Vehicles",0,,
,,"Light Commercial Vehicles",0,,
,"Petrol leaded","Passenger Vehicles",96,,
,,"Light Commercial Vehicles",30,,
,"Petrol unleaded","Passenger Vehicles",2286,,
,,"Light Commercial Vehicles",392,,
,"LPG/Other gases","Passenger Vehicles",4,,
,,"Light Commercial Vehicles",4,,
,"Dual fuel","Passenger Vehicles",23,,
,,"Light Commercial Vehicles",20,,
,"Other","Passenger Vehicles",10,,
,,"Light Commercial Vehicles",0,,
,"Unknown","Passenger Vehicles",0,,
,,"Light Commercial Vehicles",0,,
"4341","Diesel","Passenger Vehicles",1270,,
,,"Light Commercial Vehicles",2516,,
,"Electric","Passenger Vehicles",0,,
,,"Light Commercial Vehicles",0,,
,"Petrol leaded","Passenger Vehicles",212,,
,,"Light Commercial Vehicles",93,,
,"Petrol unleaded","Passenger Vehicles",6996,,
,,"Light Commercial Vehicles",1041,,
,"LPG/Other gases","Passenger Vehicles",16,,
,,"Light Commercial Vehicles",18,,
,"Dual fuel","Passenger Vehicles",80,,
,,"Light Commercial Vehicles",51,,
,"Other","Passenger Vehicles",29,,
,,"Light Commercial Vehicles",0,,
,"Unknown","Passenger Vehicles",0,,
,,"Light Commercial Vehicles",0,,
"4342","Diesel","Passenger Vehicles",217,,
,,"Light Commercial Vehicles",475,,
,"Electric","Passenger Vehicles",0,,
,,"Light Commercial Vehicles",0,,
,"Petrol leaded","Passenger Vehicles",62,,
,,"Light Commercial Vehicles",24,,
,"Petrol unleaded","Passenger Vehicles",1164,,
,,"Light Commercial Vehicles",208,,
,"LPG/Other gases","Passenger Vehicles",4,,
,,"Light Commercial Vehicles",3,,
,"Dual fuel","Passenger Vehicles",15,,
,,"Light Commercial Vehicles",9,,
,"Other","Passenger Vehicles",6,,
,,"Light Commercial Vehicles",0,,
,"Unknown","Passenger Vehicles",0,,
,,"Light Commercial Vehicles",0,,
"4343","Diesel","Passenger Vehicles",845,,
,,"Light Commercial Vehicles",2141,,
,"Electric","Passenger Vehicles",0,,
,,"Light Commercial Vehicles",0,,
,"Petrol leaded","Passenger Vehicles",196,,
,,"Light Commercial Vehicles",53,,
,"Petrol unleaded","Passenger Vehicles",5629,,
,,"Light Commercial Vehicles",642,,
,"LPG/Other gases","Passenger Vehicles",6,,
,,"Light Commercial Vehicles",7,,
,"Dual fuel","Passenger Vehicles",53,,
,,"Light Commercial Vehicles",22,,
,"Other","Passenger Vehicles",28,,
,,"Light Commercial Vehicles",0,,
,"Unknown","Passenger Vehicles",0,,
,,"Light Commercial Vehicles",0,,
"4344","Diesel","Passenger Vehicles",267,,
,,"Light Commercial Vehicles",555,,
,"Electric","Passenger Vehicles",0,,
,,"Light Commercial Vehicles",0,,
,"Petrol leaded","Passenger Vehicles",55,,
,,"Light Commercial Vehicles",32,,
,"Petrol unleaded","Passenger Vehicles",1084,,
,,"Light Commercial Vehicles",196,,
,"LPG/Other gases","Passenger Vehicles",0,,
,,"Light Commercial Vehicles",3,,
,"Dual fuel","Passenger Vehicles",13,,
,,"Light Commercial Vehicles",13,,
,"Other","Passenger Vehicles",3,,
,,"Light Commercial Vehicles",0,,
,"Unknown","Passenger Vehicles",0,,
,,"Light Commercial Vehicles",0,,
"4346","Diesel","Passenger Vehicles",113,,
,,"Light Commercial Vehicles",168,,
,"Electric","Passenger Vehicles",0,,
,,"Light Commercial Vehicles",0,,
,"Petrol leaded","Passenger Vehicles",29,,
,,"Light Commercial Vehicles",16,,
,"Petrol unleaded","Passenger Vehicles",459,,
,,"Light Commercial Vehicles",102,,
,"LPG/Other gases","Passenger Vehicles",0,,
,,"Light Commercial Vehicles",3,,
,"Dual fuel","Passenger Vehicles",0,,
,,"Light Commercial Vehicles",3,,
,"Other","Passenger Vehicles",5,,
,,"Light Commercial Vehicles",0,,
,"Unknown","Passenger Vehicles",0,,
,,"Light Commercial Vehicles",0,,
"4347","Diesel","Passenger Vehicles",172,,
,,"Light Commercial Vehicles",331,,
,"Electric","Passenger Vehicles",0,,
,,"Light Commercial Vehicles",0,,
,"Petrol leaded","Passenger Vehicles",35,,
,,"Light Commercial Vehicles",18,,
,"Petrol unleaded","Passenger Vehicles",574,,
,,"Light Commercial Vehicles",109,,
,"LPG/Other gases","Passenger Vehicles",3,,
,,"Light Commercial Vehicles",0,,
,"Dual fuel","Passenger Vehicles",12,,
,,"Light Commercial Vehicles",3,,
,"Other","Passenger Vehicles",8,,
,,"Light Commercial Vehicles",0,,
,"Unknown","Passenger Vehicles",0,,
,,"Light Commercial Vehicles",0,,
"4350","Diesel","Passenger Vehicles",8111,,
,,"Light Commercial Vehicles",13925,,
,"Electric","Passenger Vehicles",9,,
,,"Light Commercial Vehicles",0,,
,"Petrol leaded","Passenger Vehicles",1406,,
,,"Light Commercial Vehicles",442,,
,"Petrol unleaded","Passenger Vehicles",52681,,
,,"Light Commercial Vehicles",5530,,
,"LPG/Other gases","Passenger Vehicles",31,,
,,"Light Commercial Vehicles",39,,
,"Dual fuel","Passenger Vehicles",326,,
,,"Light Commercial Vehicles",144,,
,"Other","Passenger Vehicles",310,,
,,"Light Commercial Vehicles",0,,
,"Unknown","Passenger Vehicles",0,,
,,"Light Commercial Vehicles",0,,
"4352","Diesel","Passenger Vehicles",3393,,
,,"Light Commercial Vehicles",5384,,
,"Electric","Passenger Vehicles",0,,
,,"Light Commercial Vehicles",0,,
,"Petrol leaded","Passenger Vehicles",575,,
,,"Light Commercial Vehicles",204,,
,"Petrol unleaded","Passenger Vehicles",12387,,
,,"Light Commercial Vehicles",1764,,
,"LPG/Other gases","Passenger Vehicles",16,,
,,"Light Commercial Vehicles",10,,
,"Dual fuel","Passenger Vehicles",76,,
,,"Light Commercial Vehicles",48,,
,"Other","Passenger Vehicles",63,,
,,"Light Commercial Vehicles",0,,
,"Unknown","Passenger Vehicles",0,,
,,"Light Commercial Vehicles",0,,
"4353","Diesel","Passenger Vehicles",39,,
,,"Light Commercial Vehicles",108,,
,"Electric","Passenger Vehicles",0,,
,,"Light Commercial Vehicles",0,,
,"Petrol leaded","Passenger Vehicles",3,,
,,"Light Commercial Vehicles",3,,
,"Petrol unleaded","Passenger Vehicles",135,,
,,"Light Commercial Vehicles",23,,
,"LPG/Other gases","Passenger Vehicles",0,,
,,"Light Commercial Vehicles",0,,
,"Dual fuel","Passenger Vehicles",0,,
,,"Light Commercial Vehicles",0,,
,"Other","Passenger Vehicles",0,,
,,"Light Commercial Vehicles",0,,
,"Unknown","Passenger Vehicles",0,,
,,"Light Commercial Vehicles",0,,
"4354","Diesel","Passenger Vehicles",129,,
,,"Light Commercial Vehicles",265,,
,"Electric","Passenger Vehicles",0,,
,,"Light Commercial Vehicles",0,,
,"Petrol leaded","Passenger Vehicles",25,,
,,"Light Commercial Vehicles",20,,
,"Petrol unleaded","Passenger Vehicles",498,,
,,"Light Commercial Vehicles",94,,
,"LPG/Other gases","Passenger Vehicles",0,,
,,"Light Commercial Vehicles",0,,
,"Dual fuel","Passenger Vehicles",3,,
,,"Light Commercial Vehicles",3,,
,"Other","Passenger Vehicles",3,,
,,"Light Commercial Vehicles",0,,
,"Unknown","Passenger Vehicles",0,,
,,"Light Commercial Vehicles",0,,
"4355","Diesel","Passenger Vehicles",299,,
,,"Light Commercial Vehicles",521,,
,"Electric","Passenger Vehicles",0,,
,,"Light Commercial Vehicles",0,,
,"Petrol leaded","Passenger Vehicles",30,,
,,"Light Commercial Vehicles",16,,
,"Petrol unleaded","Passenger Vehicles",1108,,
,,"Light Commercial Vehicles",200,,
,"LPG/Other gases","Passenger Vehicles",0,,
,,"Light Commercial Vehicles",3,,
,"Dual fuel","Passenger Vehicles",8,,
,,"Light Commercial Vehicles",12,,
,"Other","Passenger Vehicles",5,,
,,"Light Commercial Vehicles",0,,
,"Unknown","Passenger Vehicles",0,,
,,"Light Commercial Vehicles",0,,
"4356","Diesel","Passenger Vehicles",586,,
,,"Light Commercial Vehicles",1349,,
,"Electric","Passenger Vehicles",0,,
,,"Light Commercial Vehicles",0,,
,"Petrol leaded","Passenger Vehicles",82,,
,,"Light Commercial Vehicles",64,,
,"Petrol unleaded","Passenger Vehicles",1896,,
,,"Light Commercial Vehicles",414,,
,"LPG/Other gases","Passenger Vehicles",3,,
,,"Light Commercial Vehicles",3,,
,"Dual fuel","Passenger Vehicles",12,,
,,"Light Commercial Vehicles",15,,
,"Other","Passenger Vehicles",8,,
,,"Light Commercial Vehicles",0,,
,"Unknown","Passenger Vehicles",0,,
,,"Light Commercial Vehicles",0,,
"4357","Diesel","Passenger Vehicles",325,,
,,"Light Commercial Vehicles",737,,
,"Electric","Passenger Vehicles",0,,
,,"Light Commercial Vehicles",0,,
,"Petrol leaded","Passenger Vehicles",48,,
,,"Light Commercial Vehicles",23,,
,"Petrol unleaded","Passenger Vehicles",998,,
,,"Light Commercial Vehicles",260,,
,"LPG/Other gases","Passenger Vehicles",3,,
,,"Light Commercial Vehicles",0,,
,"Dual fuel","Passenger Vehicles",10,,
,,"Light Commercial Vehicles",11,,
,"Other","Passenger Vehicles",3,,
,,"Light Commercial Vehicles",0,,
,"Unknown","Passenger Vehicles",0,,
,,"Light Commercial Vehicles",0,,
"4358","Diesel","Passenger Vehicles",260,,
,,"Light Commercial Vehicles",591,,
,"Electric","Passenger Vehicles",0,,
,,"Light Commercial Vehicles",0,,
,"Petrol leaded","Passenger Vehicles",40,,
,,"Light Commercial Vehicles",35,,
,"Petrol unleaded","Passenger Vehicles",997,,
,,"Light Commercial Vehicles",173,,
,"LPG/Other gases","Passenger Vehicles",0,,
,,"Light Commercial Vehicles",0,,
,"Dual fuel","Passenger Vehicles",14,,
,,"Light Commercial Vehicles",5,,
,"Other","Passenger Vehicles",3,,
,,"Light Commercial Vehicles",0,,
,"Unknown","Passenger Vehicles",0,,
,,"Light Commercial Vehicles",0,,
"4359","Diesel","Passenger Vehicles",125,,
,,"Light Commercial Vehicles",315,,
,"Electric","Passenger Vehicles",0,,
,,"Light Commercial Vehicles",0,,
,"Petrol leaded","Passenger Vehicles",20,,
,,"Light Commercial Vehicles",16,,
,"Petrol unleaded","Passenger Vehicles",540,,
,,"Light Commercial Vehicles",116,,
,"LPG/Other gases","Passenger Vehicles",0,,
,,"Light Commercial Vehicles",0,,
,"Dual fuel","Passenger Vehicles",0,,
,,"Light Commercial Vehicles",5,,
,"Other","Passenger Vehicles",3,,
,,"Light Commercial Vehicles",0,,
,"Unknown","Passenger Vehicles",0,,
,,"Light Commercial Vehicles",0,,
"4360","Diesel","Passenger Vehicles",70,,
,,"Light Commercial Vehicles",161,,
,"Electric","Passenger Vehicles",0,,
,,"Light Commercial Vehicles",0,,
,"Petrol leaded","Passenger Vehicles",7,,
,,"Light Commercial Vehicles",6,,
,"Petrol unleaded","Passenger Vehicles",253,,
,,"Light Commercial Vehicles",35,,
,"LPG/Other gases","Passenger Vehicles",0,,
,,"Light Commercial Vehicles",0,,
,"Dual fuel","Passenger Vehicles",0,,
,,"Light Commercial Vehicles",3,,
,"Other","Passenger Vehicles",3,,
,,"Light Commercial Vehicles",0,,
,"Unknown","Passenger Vehicles",0,,
,,"Light Commercial Vehicles",0,,
"4361","Diesel","Passenger Vehicles",287,,
,,"Light Commercial Vehicles",686,,
,"Electric","Passenger Vehicles",0,,
,,"Light Commercial Vehicles",0,,
,"Petrol leaded","Passenger Vehicles",61,,
,,"Light Commercial Vehicles",24,,
,"Petrol unleaded","Passenger Vehicles",1090,,
,,"Light Commercial Vehicles",229,,
,"LPG/Other gases","Passenger Vehicles",0,,
,,"Light Commercial Vehicles",0,,
,"Dual fuel","Passenger Vehicles",14,,
,,"Light Commercial Vehicles",11,,
,"Other","Passenger Vehicles",6,,
,,"Light Commercial Vehicles",0,,
,"Unknown","Passenger Vehicles",0,,
,,"Light Commercial Vehicles",0,,
"4362","Diesel","Passenger Vehicles",260,,
,,"Light Commercial Vehicles",628,,
,"Electric","Passenger Vehicles",0,,
,,"Light Commercial Vehicles",0,,
,"Petrol leaded","Passenger Vehicles",55,,
,,"Light Commercial Vehicles",30,,
,"Petrol unleaded","Passenger Vehicles",1044,,
,,"Light Commercial Vehicles",229,,
,"LPG/Other gases","Passenger Vehicles",0,,
,,"Light Commercial Vehicles",3,,
,"Dual fuel","Passenger Vehicles",11,,
,,"Light Commercial Vehicles",10,,
,"Other","Passenger Vehicles",0,,
,,"Light Commercial Vehicles",0,,
,"Unknown","Passenger Vehicles",0,,
,,"Light Commercial Vehicles",0,,
"4363","Diesel","Passenger Vehicles",95,,
,,"Light Commercial Vehicles",193,,
,"Electric","Passenger Vehicles",0,,
,,"Light Commercial Vehicles",0,,
,"Petrol leaded","Passenger Vehicles",14,,
,,"Light Commercial Vehicles",8,,
,"Petrol unleaded","Passenger Vehicles",230,,
,,"Light Commercial Vehicles",62,,
,"LPG/Other gases","Passenger Vehicles",3,,
,,"Light Commercial Vehicles",0,,
,"Dual fuel","Passenger Vehicles",6,,
,,"Light Commercial Vehicles",0,,
,"Other","Passenger Vehicles",0,,
,,"Light Commercial Vehicles",0,,
,"Unknown","Passenger Vehicles",0,,
,,"Light Commercial Vehicles",0,,
"4364","Diesel","Passenger Vehicles",42,,
,,"Light Commercial Vehicles",129,,
,"Electric","Passenger Vehicles",0,,
,,"Light Commercial Vehicles",0,,
,"Petrol leaded","Passenger Vehicles",3,,
,,"Light Commercial Vehicles",5,,
,"Petrol unleaded","Passenger Vehicles",90,,
,,"Light Commercial Vehicles",18,,
,"LPG/Other gases","Passenger Vehicles",0,,
,,"Light Commercial Vehicles",0,,
,"Dual fuel","Passenger Vehicles",0,,
,,"Light Commercial Vehicles",0,,
,"Other","Passenger Vehicles",0,,
,,"Light Commercial Vehicles",0,,
,"Unknown","Passenger Vehicles",0,,
,,"Light Commercial Vehicles",0,,
"4365","Diesel","Passenger Vehicles",46,,
,,"Light Commercial Vehicles",119,,
,"Electric","Passenger Vehicles",0,,
,,"Light Commercial Vehicles",0,,
,"Petrol leaded","Passenger Vehicles",11,,
,,"Light Commercial Vehicles",13,,
,"Petrol unleaded","Passenger Vehicles",222,,
,,"Light Commercial Vehicles",60,,
,"LPG/Other gases","Passenger Vehicles",3,,
,,"Light Commercial Vehicles",3,,
,"Dual fuel","Passenger Vehicles",5,,
,,"Light Commercial Vehicles",3,,
,"Other","Passenger Vehicles",3,,
,,"Light Commercial Vehicles",0,,
,"Unknown","Passenger Vehicles",0,,
,,"Light Commercial Vehicles",0,,
"4370","Diesel","Passenger Vehicles",1593,,
,,"Light Commercial Vehicles",3445,,
,"Electric","Passenger Vehicles",0,,
,,"Light Commercial Vehicles",0,,
,"Petrol leaded","Passenger Vehicles",317,,
,,"Light Commercial Vehicles",125,,
,"Petrol unleaded","Passenger Vehicles",8200,,
,,"Light Commercial Vehicles",1354,,
,"LPG/Other gases","Passenger Vehicles",4,,
,,"Light Commercial Vehicles",14,,
,"Dual fuel","Passenger Vehicles",66,,
,,"Light Commercial Vehicles",30,,
,"Other","Passenger Vehicles",21,,
,,"Light Commercial Vehicles",0,,
,"Unknown","Passenger Vehicles",0,,
,,"Light Commercial Vehicles",0,,
"4371","Diesel","Passenger Vehicles",77,,
,,"Light Commercial Vehicles",208,,
,"Electric","Passenger Vehicles",0,,
,,"Light Commercial Vehicles",0,,
,"Petrol leaded","Passenger Vehicles",10,,
,,"Light Commercial Vehicles",9,,
,"Petrol unleaded","Passenger Vehicles",271,,
,,"Light Commercial Vehicles",66,,
,"LPG/Other gases","Passenger Vehicles",3,,
,,"Light Commercial Vehicles",0,,
,"Dual fuel","Passenger Vehicles",3,,
,,"Light Commercial Vehicles",3,,
,"Other","Passenger Vehicles",0,,
,,"Light Commercial Vehicles",0,,
,"Unknown","Passenger Vehicles",0,,
,,"Light Commercial Vehicles",0,,
"4372","Diesel","Passenger Vehicles",28,,
,,"Light Commercial Vehicles",45,,
,"Electric","Passenger Vehicles",0,,
,,"Light Commercial Vehicles",0,,
,"Petrol leaded","Passenger Vehicles",0,,
,,"Light Commercial Vehicles",0,,
,"Petrol unleaded","Passenger Vehicles",67,,
,,"Light Commercial Vehicles",13,,
,"LPG/Other gases","Passenger Vehicles",0,,
,,"Light Commercial Vehicles",0,,
,"Dual fuel","Passenger Vehicles",0,,
,,"Light Commercial Vehicles",0,,
,"Other","Passenger Vehicles",0,,
,,"Light Commercial Vehicles",0,,
,"Unknown","Passenger Vehicles",0,,
,,"Light Commercial Vehicles",0,,
"4373","Diesel","Passenger Vehicles",130,,
,,"Light Commercial Vehicles",251,,
,"Electric","Passenger Vehicles",0,,
,,"Light Commercial Vehicles",0,,
,"Petrol leaded","Passenger Vehicles",18,,
,,"Light Commercial Vehicles",10,,
,"Petrol unleaded","Passenger Vehicles",472,,
,,"Light Commercial Vehicles",88,,
,"LPG/Other gases","Passenger Vehicles",3,,
,,"Light Commercial Vehicles",0,,
,"Dual fuel","Passenger Vehicles",5,,
,,"Light Commercial Vehicles",0,,
,"Other","Passenger Vehicles",3,,
,,"Light Commercial Vehicles",0,,
,"Unknown","Passenger Vehicles",0,,
,,"Light Commercial Vehicles",0,,
"4374","Diesel","Passenger Vehicles",52,,
,,"Light Commercial Vehicles",129,,
,"Electric","Passenger Vehicles",0,,
,,"Light Commercial Vehicles",0,,
,"Petrol leaded","Passenger Vehicles",3,,
,,"Light Commercial Vehicles",3,,
,"Petrol unleaded","Passenger Vehicles",159,,
,,"Light Commercial Vehicles",42,,
,"LPG/Other gases","Passenger Vehicles",0,,
,,"Light Commercial Vehicles",0,,
,"Dual fuel","Passenger Vehicles",0,,
,,"Light Commercial Vehicles",3,,
,"Other","Passenger Vehicles",0,,
,,"Light Commercial Vehicles",0,,
,"Unknown","Passenger Vehicles",0,,
,,"Light Commercial Vehicles",0,,
"4375","Diesel","Passenger Vehicles",16,,
,,"Light Commercial Vehicles",65,,
,"Electric","Passenger Vehicles",0,,
,,"Light Commercial Vehicles",0,,
,"Petrol leaded","Passenger Vehicles",10,,
,,"Light Commercial Vehicles",6,,
,"Petrol unleaded","Passenger Vehicles",131,,
,,"Light Commercial Vehicles",28,,
,"LPG/Other gases","Passenger Vehicles",0,,
,,"Light Commercial Vehicles",0,,
,"Dual fuel","Passenger Vehicles",0,,
,,"Light Commercial Vehicles",0,,
,"Other","Passenger Vehicles",0,,
,,"Light Commercial Vehicles",0,,
,"Unknown","Passenger Vehicles",0,,
,,"Light Commercial Vehicles",0,,
"4376","Diesel","Passenger Vehicles",26,,
,,"Light Commercial Vehicles",63,,
,"Electric","Passenger Vehicles",0,,
,,"Light Commercial Vehicles",0,,
,"Petrol leaded","Passenger Vehicles",3,,
,,"Light Commercial Vehicles",0,,
,"Petrol unleaded","Passenger Vehicles",168,,
,,"Light Commercial Vehicles",46,,
,"LPG/Other gases","Passenger Vehicles",0,,
,,"Light Commercial Vehicles",0,,
,"Dual fuel","Passenger Vehicles",3,,
,,"Light Commercial Vehicles",3,,
,"Other","Passenger Vehicles",0,,
,,"Light Commercial Vehicles",0,,
,"Unknown","Passenger Vehicles",0,,
,,"Light Commercial Vehicles",0,,
"4377","Diesel","Passenger Vehicles",65,,
,,"Light Commercial Vehicles",131,,
,"Electric","Passenger Vehicles",0,,
,,"Light Commercial Vehicles",0,,
,"Petrol leaded","Passenger Vehicles",6,,
,,"Light Commercial Vehicles",11,,
,"Petrol unleaded","Passenger Vehicles",284,,
,,"Light Commercial Vehicles",57,,
,"LPG/Other gases","Passenger Vehicles",0,,
,,"Light Commercial Vehicles",0,,
,"Dual fuel","Passenger Vehicles",0,,
,,"Light Commercial Vehicles",0,,
,"Other","Passenger Vehicles",0,,
,,"Light Commercial Vehicles",0,,
,"Unknown","Passenger Vehicles",0,,
,,"Light Commercial Vehicles",0,,
"4378","Diesel","Passenger Vehicles",68,,
,,"Light Commercial Vehicles",120,,
,"Electric","Passenger Vehicles",0,,
,,"Light Commercial Vehicles",0,,
,"Petrol leaded","Passenger Vehicles",9,,
,,"Light Commercial Vehicles",3,,
,"Petrol unleaded","Passenger Vehicles",233,,
,,"Light Commercial Vehicles",54,,
,"LPG/Other gases","Passenger Vehicles",0,,
,,"Light Commercial Vehicles",0,,
,"Dual fuel","Passenger Vehicles",3,,
,,"Light Commercial Vehicles",3,,
,"Other","Passenger Vehicles",0,,
,,"Light Commercial Vehicles",0,,
,"Unknown","Passenger Vehicles",0,,
,,"Light Commercial Vehicles",0,,
"4380","Diesel","Passenger Vehicles",779,,
,,"Light Commercial Vehicles",1436,,
,"Electric","Passenger Vehicles",0,,
,,"Light Commercial Vehicles",0,,
,"Petrol leaded","Passenger Vehicles",124,,
,,"Light Commercial Vehicles",73,,
,"Petrol unleaded","Passenger Vehicles",3680,,
,,"Light Commercial Vehicles",661,,
,"LPG/Other gases","Passenger Vehicles",3,,
,,"Light Commercial Vehicles",5,,
,"Dual fuel","Passenger Vehicles",28,,
,,"Light Commercial Vehicles",20,,
,"Other","Passenger Vehicles",19,,
,,"Light Commercial Vehicles",0,,
,"Unknown","Passenger Vehicles",0,,
,,"Light Commercial Vehicles",0,,
"4381","Diesel","Passenger Vehicles",52,,
,,"Light Commercial Vehicles",134,,
,"Electric","Passenger Vehicles",0,,
,,"Light Commercial Vehicles",0,,
,"Petrol leaded","Passenger Vehicles",9,,
,,"Light Commercial Vehicles",3,,
,"Petrol unleaded","Passenger Vehicles",228,,
,,"Light Commercial Vehicles",47,,
,"LPG/Other gases","Passenger Vehicles",0,,
,,"Light Commercial Vehicles",0,,
,"Dual fuel","Passenger Vehicles",5,,
,,"Light Commercial Vehicles",0,,
,"Other","Passenger Vehicles",0,,
,,"Light Commercial Vehicles",0,,
,"Unknown","Passenger Vehicles",0,,
,,"Light Commercial Vehicles",0,,
"4382","Diesel","Passenger Vehicles",61,,
,,"Light Commercial Vehicles",152,,
,"Electric","Passenger Vehicles",0,,
,,"Light Commercial Vehicles",0,,
,"Petrol leaded","Passenger Vehicles",7,,
,,"Light Commercial Vehicles",5,,
,"Petrol unleaded","Passenger Vehicles",219,,
,,"Light Commercial Vehicles",49,,
,"LPG/Other gases","Passenger Vehicles",0,,
,,"Light Commercial Vehicles",0,,
,"Dual fuel","Passenger Vehicles",3,,
,,"Light Commercial Vehicles",0,,
,"Other","Passenger Vehicles",0,,
,,"Light Commercial Vehicles",0,,
,"Unknown","Passenger Vehicles",0,,
,,"Light Commercial Vehicles",0,,
"4383","Diesel","Passenger Vehicles",44,,
,,"Light Commercial Vehicles",125,,
,"Electric","Passenger Vehicles",0,,
,,"Light Commercial Vehicles",0,,
,"Petrol leaded","Passenger Vehicles",9,,
,,"Light Commercial Vehicles",9,,
,"Petrol unleaded","Passenger Vehicles",268,,
,,"Light Commercial Vehicles",52,,
,"LPG/Other gases","Passenger Vehicles",0,,
,,"Light Commercial Vehicles",0,,
,"Dual fuel","Passenger Vehicles",0,,
,,"Light Commercial Vehicles",4,,
,"Other","Passenger Vehicles",3,,
,,"Light Commercial Vehicles",0,,
,"Unknown","Passenger Vehicles",0,,
,,"Light Commercial Vehicles",0,,
"4384","Diesel","Passenger Vehicles",10,,
,,"Light Commercial Vehicles",10,,
,"Electric","Passenger Vehicles",0,,
,,"Light Commercial Vehicles",0,,
,"Petrol leaded","Passenger Vehicles",0,,
,,"Light Commercial Vehicles",0,,
,"Petrol unleaded","Passenger Vehicles",8,,
,,"Light Commercial Vehicles",0,,
,"LPG/Other gases","Passenger Vehicles",0,,
,,"Light Commercial Vehicles",0,,
,"Dual fuel","Passenger Vehicles",0,,
,,"Light Commercial Vehicles",0,,
,"Other","Passenger Vehicles",0,,
,,"Light Commercial Vehicles",0,,
,"Unknown","Passenger Vehicles",0,,
,,"Light Commercial Vehicles",0,,
"4385","Diesel","Passenger Vehicles",159,,
,,"Light Commercial Vehicles",407,,
,"Electric","Passenger Vehicles",0,,
,,"Light Commercial Vehicles",0,,
,"Petrol leaded","Passenger Vehicles",8,,
,,"Light Commercial Vehicles",13,,
,"Petrol unleaded","Passenger Vehicles",455,,
,,"Light Commercial Vehicles",107,,
,"LPG/Other gases","Passenger Vehicles",0,,
,,"Light Commercial Vehicles",3,,
,"Dual fuel","Passenger Vehicles",4,,
,,"Light Commercial Vehicles",4,,
,"Other","Passenger Vehicles",0,,
,,"Light Commercial Vehicles",0,,
,"Unknown","Passenger Vehicles",0,,
,,"Light Commercial Vehicles",0,,
"4387","Diesel","Passenger Vehicles",153,,
,,"Light Commercial Vehicles",365,,
,"Electric","Passenger Vehicles",0,,
,,"Light Commercial Vehicles",0,,
,"Petrol leaded","Passenger Vehicles",15,,
,,"Light Commercial Vehicles",8,,
,"Petrol unleaded","Passenger Vehicles",494,,
,,"Light Commercial Vehicles",131,,
,"LPG/Other gases","Passenger Vehicles",0,,
,,"Light Commercial Vehicles",0,,
,"Dual fuel","Passenger Vehicles",3,,
,,"Light Commercial Vehicles",3,,
,"Other","Passenger Vehicles",0,,
,,"Light Commercial Vehicles",0,,
,"Unknown","Passenger Vehicles",0,,
,,"Light Commercial Vehicles",0,,
"4388","Diesel","Passenger Vehicles",60,,
,,"Light Commercial Vehicles",139,,
,"Electric","Passenger Vehicles",0,,
,,"Light Commercial Vehicles",0,,
,"Petrol leaded","Passenger Vehicles",3,,
,,"Light Commercial Vehicles",5,,
,"Petrol unleaded","Passenger Vehicles",165,,
,,"Light Commercial Vehicles",35,,
,"LPG/Other gases","Passenger Vehicles",0,,
,,"Light Commercial Vehicles",0,,
,"Dual fuel","Passenger Vehicles",3,,
,,"Light Commercial Vehicles",3,,
,"Other","Passenger Vehicles",0,,
,,"Light Commercial Vehicles",0,,
,"Unknown","Passenger Vehicles",0,,
,,"Light Commercial Vehicles",0,,
"4390","Diesel","Passenger Vehicles",1153,,
,,"Light Commercial Vehicles",2314,,
,"Electric","Passenger Vehicles",0,,
,,"Light Commercial Vehicles",0,,
,"Petrol leaded","Passenger Vehicles",70,,
,,"Light Commercial Vehicles",52,,
,"Petrol unleaded","Passenger Vehicles",2377,,
,,"Light Commercial Vehicles",539,,
,"LPG/Other gases","Passenger Vehicles",3,,
,,"Light Commercial Vehicles",3,,
,"Dual fuel","Passenger Vehicles",6,,
,,"Light Commercial Vehicles",6,,
,"Other","Passenger Vehicles",9,,
,,"Light Commercial Vehicles",0,,
,"Unknown","Passenger Vehicles",0,,
,,"Light Commercial Vehicles",0,,
"4400","Diesel","Passenger Vehicles",176,,
,,"Light Commercial Vehicles",407,,
,"Electric","Passenger Vehicles",0,,
,,"Light Commercial Vehicles",0,,
,"Petrol leaded","Passenger Vehicles",42,,
,,"Light Commercial Vehicles",18,,
,"Petrol unleaded","Passenger Vehicles",847,,
,,"Light Commercial Vehicles",141,,
,"LPG/Other gases","Passenger Vehicles",0,,
,,"Light Commercial Vehicles",0,,
,"Dual fuel","Passenger Vehicles",6,,
,,"Light Commercial Vehicles",3,,
,"Other","Passenger Vehicles",3,,
,,"Light Commercial Vehicles",0,,
,"Unknown","Passenger Vehicles",0,,
,,"Light Commercial Vehicles",0,,
"4401","Diesel","Passenger Vehicles",502,,
,,"Light Commercial Vehicles",1067,,
,"Electric","Passenger Vehicles",0,,
,,"Light Commercial Vehicles",0,,
,"Petrol leaded","Passenger Vehicles",89,,
,,"Light Commercial Vehicles",47,,
,"Petrol unleaded","Passenger Vehicles",2225,,
,,"Light Commercial Vehicles",450,,
,"LPG/Other gases","Passenger Vehicles",0,,
,,"Light Commercial Vehicles",0,,
,"Dual fuel","Passenger Vehicles",18,,
,,"Light Commercial Vehicles",12,,
,"Other","Passenger Vehicles",10,,
,,"Light Commercial Vehicles",0,,
,"Unknown","Passenger Vehicles",0,,
,,"Light Commercial Vehicles",0,,
"4402","Diesel","Passenger Vehicles",32,,
,,"Light Commercial Vehicles",96,,
,"Electric","Passenger Vehicles",0,,
,,"Light Commercial Vehicles",0,,
,"Petrol leaded","Passenger Vehicles",5,,
,,"Light Commercial Vehicles",0,,
,"Petrol unleaded","Passenger Vehicles",114,,
,,"Light Commercial Vehicles",39,,
,"LPG/Other gases","Passenger Vehicles",0,,
,,"Light Commercial Vehicles",0,,
,"Dual fuel","Passenger Vehicles",0,,
,,"Light Commercial Vehicles",3,,
,"Other","Passenger Vehicles",0,,
,,"Light Commercial Vehicles",0,,
,"Unknown","Passenger Vehicles",0,,
,,"Light Commercial Vehicles",0,,
"4403","Diesel","Passenger Vehicles",123,,
,,"Light Commercial Vehicles",266,,
,"Electric","Passenger Vehicles",0,,
,,"Light Commercial Vehicles",0,,
,"Petrol leaded","Passenger Vehicles",20,,
,,"Light Commercial Vehicles",5,,
,"Petrol unleaded","Passenger Vehicles",299,,
,,"Light Commercial Vehicles",82,,
,"LPG/Other gases","Passenger Vehicles",0,,
,,"Light Commercial Vehicles",0,,
,"Dual fuel","Passenger Vehicles",3,,
,,"Light Commercial Vehicles",0,,
,"Other","Passenger Vehicles",0,,
,,"Light Commercial Vehicles",0,,
,"Unknown","Passenger Vehicles",0,,
,,"Light Commercial Vehicles",0,,
"4404","Diesel","Passenger Vehicles",73,,
,,"Light Commercial Vehicles",198,,
,"Electric","Passenger Vehicles",0,,
,,"Light Commercial Vehicles",0,,
,"Petrol leaded","Passenger Vehicles",9,,
,,"Light Commercial Vehicles",12,,
,"Petrol unleaded","Passenger Vehicles",136,,
,,"Light Commercial Vehicles",28,,
,"LPG/Other gases","Passenger Vehicles",0,,
,,"Light Commercial Vehicles",0,,
,"Dual fuel","Passenger Vehicles",0,,
,,"Light Commercial Vehicles",0,,
,"Other","Passenger Vehicles",0,,
,,"Light Commercial Vehicles",0,,
,"Unknown","Passenger Vehicles",0,,
,,"Light Commercial Vehicles",0,,
"4405","Diesel","Passenger Vehicles",1567,,
,,"Light Commercial Vehicles",3094,,
,"Electric","Passenger Vehicles",0,,
,,"Light Commercial Vehicles",0,,
,"Petrol leaded","Passenger Vehicles",203,,
,,"Light Commercial Vehicles",110,,
,"Petrol unleaded","Passenger Vehicles",5298,,
,,"Light Commercial Vehicles",982,,
,"LPG/Other gases","Passenger Vehicles",5,,
,,"Light Commercial Vehicles",3,,
,"Dual fuel","Passenger Vehicles",39,,
,,"Light Commercial Vehicles",35,,
,"Other","Passenger Vehicles",31,,
,,"Light Commercial Vehicles",0,,
,"Unknown","Passenger Vehicles",0,,
,,"Light Commercial Vehicles",0,,
"4406","Diesel","Passenger Vehicles",266,,
,,"Light Commercial Vehicles",492,,
,"Electric","Passenger Vehicles",0,,
,,"Light Commercial Vehicles",0,,
,"Petrol leaded","Passenger Vehicles",18,,
,,"Light Commercial Vehicles",20,,
,"Petrol unleaded","Passenger Vehicles",434,,
,,"Light Commercial Vehicles",119,,
,"LPG/Other gases","Passenger Vehicles",0,,
,,"Light Commercial Vehicles",0,,
,"Dual fuel","Passenger Vehicles",3,,
,,"Light Commercial Vehicles",3,,
,"Other","Passenger Vehicles",3,,
,,"Light Commercial Vehicles",0,,
,"Unknown","Passenger Vehicles",0,,
,,"Light Commercial Vehicles",0,,
"4407","Diesel","Passenger Vehicles",89,,
,,"Light Commercial Vehicles",188,,
,"Electric","Passenger Vehicles",0,,
,,"Light Commercial Vehicles",0,,
,"Petrol leaded","Passenger Vehicles",7,,
,,"Light Commercial Vehicles",5,,
,"Petrol unleaded","Passenger Vehicles",163,,
,,"Light Commercial Vehicles",49,,
,"LPG/Other gases","Passenger Vehicles",0,,
,,"Light Commercial Vehicles",0,,
,"Dual fuel","Passenger Vehicles",3,,
,,"Light Commercial Vehicles",3,,
,"Other","Passenger Vehicles",0,,
,,"Light Commercial Vehicles",0,,
,"Unknown","Passenger Vehicles",0,,
,,"Light Commercial Vehicles",0,,
"4408","Diesel","Passenger Vehicles",106,,
,,"Light Commercial Vehicles",238,,
,"Electric","Passenger Vehicles",0,,
,,"Light Commercial Vehicles",0,,
,"Petrol leaded","Passenger Vehicles",13,,
,,"Light Commercial Vehicles",10,,
,"Petrol unleaded","Passenger Vehicles",201,,
,,"Light Commercial Vehicles",66,,
,"LPG/Other gases","Passenger Vehicles",0,,
,,"Light Commercial Vehicles",0,,
,"Dual fuel","Passenger Vehicles",0,,
,,"Light Commercial Vehicles",3,,
,"Other","Passenger Vehicles",0,,
,,"Light Commercial Vehicles",0,,
,"Unknown","Passenger Vehicles",0,,
,,"Light Commercial Vehicles",0,,
"4410","Diesel","Passenger Vehicles",152,,
,,"Light Commercial Vehicles",392,,
,"Electric","Passenger Vehicles",0,,
,,"Light Commercial Vehicles",0,,
,"Petrol leaded","Passenger Vehicles",20,,
,,"Light Commercial Vehicles",16,,
,"Petrol unleaded","Passenger Vehicles",458,,
,,"Light Commercial Vehicles",108,,
,"LPG/Other gases","Passenger Vehicles",0,,
,,"Light Commercial Vehicles",0,,
,"Dual fuel","Passenger Vehicles",0,,
,,"Light Commercial Vehicles",3,,
,"Other","Passenger Vehicles",3,,
,,"Light Commercial Vehicles",0,,
,"Unknown","Passenger Vehicles",0,,
,,"Light Commercial Vehicles",0,,
"4411","Diesel","Passenger Vehicles",47,,
,,"Light Commercial Vehicles",115,,
,"Electric","Passenger Vehicles",0,,
,,"Light Commercial Vehicles",0,,
,"Petrol leaded","Passenger Vehicles",7,,
,,"Light Commercial Vehicles",0,,
,"Petrol unleaded","Passenger Vehicles",75,,
,,"Light Commercial Vehicles",19,,
,"LPG/Other gases","Passenger Vehicles",0,,
,,"Light Commercial Vehicles",0,,
,"Dual fuel","Passenger Vehicles",3,,
,,"Light Commercial Vehicles",0,,
,"Other","Passenger Vehicles",0,,
,,"Light Commercial Vehicles",0,,
,"Unknown","Passenger Vehicles",0,,
,,"Light Commercial Vehicles",0,,
"4412","Diesel","Passenger Vehicles",35,,
,,"Light Commercial Vehicles",87,,
,"Electric","Passenger Vehicles",0,,
,,"Light Commercial Vehicles",0,,
,"Petrol leaded","Passenger Vehicles",3,,
,,"Light Commercial Vehicles",0,,
,"Petrol unleaded","Passenger Vehicles",55,,
,,"Light Commercial Vehicles",14,,
,"LPG/Other gases","Passenger Vehicles",0,,
,,"Light Commercial Vehicles",0,,
,"Dual fuel","Passenger Vehicles",0,,
,,"Light Commercial Vehicles",0,,
,"Other","Passenger Vehicles",3,,
,,"Light Commercial Vehicles",0,,
,"Unknown","Passenger Vehicles",0,,
,,"Light Commercial Vehicles",0,,
"4413","Diesel","Passenger Vehicles",925,,
,,"Light Commercial Vehicles",1844,,
,"Electric","Passenger Vehicles",0,,
,,"Light Commercial Vehicles",0,,
,"Petrol leaded","Passenger Vehicles",86,,
,,"Light Commercial Vehicles",39,,
,"Petrol unleaded","Passenger Vehicles",2726,,
,,"Light Commercial Vehicles",491,,
,"LPG/Other gases","Passenger Vehicles",3,,
,,"Light Commercial Vehicles",3,,
,"Dual fuel","Passenger Vehicles",36,,
,,"Light Commercial Vehicles",13,,
,"Other","Passenger Vehicles",3,,
,,"Light Commercial Vehicles",0,,
,"Unknown","Passenger Vehicles",0,,
,,"Light Commercial Vehicles",0,,
"4415","Diesel","Passenger Vehicles",278,,
,,"Light Commercial Vehicles",497,,
,"Electric","Passenger Vehicles",0,,
,,"Light Commercial Vehicles",0,,
,"Petrol leaded","Passenger Vehicles",22,,
,,"Light Commercial Vehicles",14,,
,"Petrol unleaded","Passenger Vehicles",683,,
,,"Light Commercial Vehicles",155,,
,"LPG/Other gases","Passenger Vehicles",3,,
,,"Light Commercial Vehicles",0,,
,"Dual fuel","Passenger Vehicles",3,,
,,"Light Commercial Vehicles",3,,
,"Other","Passenger Vehicles",3,,
,,"Light Commercial Vehicles",0,,
,"Unknown","Passenger Vehicles",0,,
,,"Light Commercial Vehicles",0,,
"4416","Diesel","Passenger Vehicles",89,,
,,"Light Commercial Vehicles",214,,
,"Electric","Passenger Vehicles",0,,
,,"Light Commercial Vehicles",0,,
,"Petrol leaded","Passenger Vehicles",3,,
,,"Light Commercial Vehicles",3,,
,"Petrol unleaded","Passenger Vehicles",132,,
,,"Light Commercial Vehicles",30,,
,"LPG/Other gases","Passenger Vehicles",0,,
,,"Light Commercial Vehicles",0,,
,"Dual fuel","Passenger Vehicles",0,,
,,"Light Commercial Vehicles",3,,
,"Other","Passenger Vehicles",0,,
,,"Light Commercial Vehicles",0,,
,"Unknown","Passenger Vehicles",0,,
,,"Light Commercial Vehicles",0,,
"4417","Diesel","Passenger Vehicles",116,,
,,"Light Commercial Vehicles",227,,
,"Electric","Passenger Vehicles",0,,
,,"Light Commercial Vehicles",0,,
,"Petrol leaded","Passenger Vehicles",3,,
,,"Light Commercial Vehicles",4,,
,"Petrol unleaded","Passenger Vehicles",147,,
,,"Light Commercial Vehicles",28,,
,"LPG/Other gases","Passenger Vehicles",0,,
,,"Light Commercial Vehicles",0,,
,"Dual fuel","Passenger Vehicles",5,,
,,"Light Commercial Vehicles",0,,
,"Other","Passenger Vehicles",0,,
,,"Light Commercial Vehicles",0,,
,"Unknown","Passenger Vehicles",0,,
,,"Light Commercial Vehicles",0,,
"4418","Diesel","Passenger Vehicles",31,,
,,"Light Commercial Vehicles",56,,
,"Electric","Passenger Vehicles",0,,
,,"Light Commercial Vehicles",0,,
,"Petrol leaded","Passenger Vehicles",3,,
,,"Light Commercial Vehicles",0,,
,"Petrol unleaded","Passenger Vehicles",22,,
,,"Light Commercial Vehicles",5,,
,"LPG/Other gases","Passenger Vehicles",0,,
,,"Light Commercial Vehicles",0,,
,"Dual fuel","Passenger Vehicles",0,,
,,"Light Commercial Vehicles",0,,
,"Other","Passenger Vehicles",0,,
,,"Light Commercial Vehicles",0,,
,"Unknown","Passenger Vehicles",0,,
,,"Light Commercial Vehicles",0,,
"4419","Diesel","Passenger Vehicles",187,,
,,"Light Commercial Vehicles",345,,
,"Electric","Passenger Vehicles",0,,
,,"Light Commercial Vehicles",0,,
,"Petrol leaded","Passenger Vehicles",32,,
,,"Light Commercial Vehicles",11,,
,"Petrol unleaded","Passenger Vehicles",220,,
,,"Light Commercial Vehicles",44,,
,"LPG/Other gases","Passenger Vehicles",0,,
,,"Light Commercial Vehicles",0,,
,"Dual fuel","Passenger Vehicles",0,,
,,"Light Commercial Vehicles",0,,
,"Other","Passenger Vehicles",0,,
,,"Light Commercial Vehicles",0,,
,"Unknown","Passenger Vehicles",0,,
,,"Light Commercial Vehicles",0,,
"4420","Diesel","Passenger Vehicles",261,,
,,"Light Commercial Vehicles",490,,
,"Electric","Passenger Vehicles",0,,
,,"Light Commercial Vehicles",0,,
,"Petrol leaded","Passenger Vehicles",10,,
,,"Light Commercial Vehicles",16,,
,"Petrol unleaded","Passenger Vehicles",291,,
,,"Light Commercial Vehicles",66,,
,"LPG/Other gases","Passenger Vehicles",0,,
,,"Light Commercial Vehicles",0,,
,"Dual fuel","Passenger Vehicles",3,,
,,"Light Commercial Vehicles",4,,
,"Other","Passenger Vehicles",3,,
,,"Light Commercial Vehicles",0,,
,"Unknown","Passenger Vehicles",0,,
,,"Light Commercial Vehicles",0,,
"4421","Diesel","Passenger Vehicles",198,,
,,"Light Commercial Vehicles",539,,
,"Electric","Passenger Vehicles",0,,
,,"Light Commercial Vehicles",0,,
,"Petrol leaded","Passenger Vehicles",26,,
,,"Light Commercial Vehicles",25,,
,"Petrol unleaded","Passenger Vehicles",963,,
,,"Light Commercial Vehicles",273,,
,"LPG/Other gases","Passenger Vehicles",0,,
,,"Light Commercial Vehicles",0,,
,"Dual fuel","Passenger Vehicles",20,,
,,"Light Commercial Vehicles",9,,
,"Other","Passenger Vehicles",3,,
,,"Light Commercial Vehicles",0,,
,"Unknown","Passenger Vehicles",0,,
,,"Light Commercial Vehicles",0,,
"4422","Diesel","Passenger Vehicles",112,,
,,"Light Commercial Vehicles",231,,
,"Electric","Passenger Vehicles",0,,
,,"Light Commercial Vehicles",0,,
,"Petrol leaded","Passenger Vehicles",3,,
,,"Light Commercial Vehicles",0,,
,"Petrol unleaded","Passenger Vehicles",113,,
,,"Light Commercial Vehicles",30,,
,"LPG/Other gases","Passenger Vehicles",0,,
,,"Light Commercial Vehicles",0,,
,"Dual fuel","Passenger Vehicles",0,,
,,"Light Commercial Vehicles",0,,
,"Other","Passenger Vehicles",0,,
,,"Light Commercial Vehicles",0,,
,"Unknown","Passenger Vehicles",0,,
,,"Light Commercial Vehicles",0,,
"4423","Diesel","Passenger Vehicles",63,,
,,"Light Commercial Vehicles",81,,
,"Electric","Passenger Vehicles",0,,
,,"Light Commercial Vehicles",0,,
,"Petrol leaded","Passenger Vehicles",0,,
,,"Light Commercial Vehicles",0,,
,"Petrol unleaded","Passenger Vehicles",43,,
,,"Light Commercial Vehicles",11,,
,"LPG/Other gases","Passenger Vehicles",0,,
,,"Light Commercial Vehicles",0,,
,"Dual fuel","Passenger Vehicles",0,,
,,"Light Commercial Vehicles",0,,
,"Other","Passenger Vehicles",0,,
,,"Light Commercial Vehicles",0,,
,"Unknown","Passenger Vehicles",0,,
,,"Light Commercial Vehicles",0,,
"4424","Diesel","Passenger Vehicles",35,,
,,"Light Commercial Vehicles",67,,
,"Electric","Passenger Vehicles",0,,
,,"Light Commercial Vehicles",0,,
,"Petrol leaded","Passenger Vehicles",0,,
,,"Light Commercial Vehicles",3,,
,"Petrol unleaded","Passenger Vehicles",48,,
,,"Light Commercial Vehicles",15,,
,"LPG/Other gases","Passenger Vehicles",0,,
,,"Light Commercial Vehicles",0,,
,"Dual fuel","Passenger Vehicles",0,,
,,"Light Commercial Vehicles",0,,
,"Other","Passenger Vehicles",0,,
,,"Light Commercial Vehicles",0,,
,"Unknown","Passenger Vehicles",0,,
,,"Light Commercial Vehicles",0,,
"4425","Diesel","Passenger Vehicles",41,,
,,"Light Commercial Vehicles",101,,
,"Electric","Passenger Vehicles",0,,
,,"Light Commercial Vehicles",0,,
,"Petrol leaded","Passenger Vehicles",0,,
,,"Light Commercial Vehicles",0,,
,"Petrol unleaded","Passenger Vehicles",78,,
,,"Light Commercial Vehicles",19,,
,"LPG/Other gases","Passenger Vehicles",0,,
,,"Light Commercial Vehicles",0,,
,"Dual fuel","Passenger Vehicles",0,,
,,"Light Commercial Vehicles",3,,
,"Other","Passenger Vehicles",0,,
,,"Light Commercial Vehicles",0,,
,"Unknown","Passenger Vehicles",0,,
,,"Light Commercial Vehicles",0,,
"4426","Diesel","Passenger Vehicles",24,,
,,"Light Commercial Vehicles",51,,
,"Electric","Passenger Vehicles",0,,
,,"Light Commercial Vehicles",0,,
,"Petrol leaded","Passenger Vehicles",3,,
,,"Light Commercial Vehicles",0,,
,"Petrol unleaded","Passenger Vehicles",29,,
,,"Light Commercial Vehicles",4,,
,"LPG/Other gases","Passenger Vehicles",0,,
,,"Light Commercial Vehicles",0,,
,"Dual fuel","Passenger Vehicles",0,,
,,"Light Commercial Vehicles",3,,
,"Other","Passenger Vehicles",0,,
,,"Light Commercial Vehicles",0,,
,"Unknown","Passenger Vehicles",0,,
,,"Light Commercial Vehicles",0,,
"4427","Diesel","Passenger Vehicles",56,,
,,"Light Commercial Vehicles",128,,
,"Electric","Passenger Vehicles",0,,
,,"Light Commercial Vehicles",0,,
,"Petrol leaded","Passenger Vehicles",5,,
,,"Light Commercial Vehicles",3,,
,"Petrol unleaded","Passenger Vehicles",89,,
,,"Light Commercial Vehicles",34,,
,"LPG/Other gases","Passenger Vehicles",0,,
,,"Light Commercial Vehicles",0,,
,"Dual fuel","Passenger Vehicles",0,,
,,"Light Commercial Vehicles",0,,
,"Other","Passenger Vehicles",0,,
,,"Light Commercial Vehicles",0,,
,"Unknown","Passenger Vehicles",0,,
,,"Light Commercial Vehicles",0,,
"4428","Diesel","Passenger Vehicles",139,,
,,"Light Commercial Vehicles",273,,
,"Electric","Passenger Vehicles",0,,
,,"Light Commercial Vehicles",0,,
,"Petrol leaded","Passenger Vehicles",3,,
,,"Light Commercial Vehicles",3,,
,"Petrol unleaded","Passenger Vehicles",158,,
,,"Light Commercial Vehicles",35,,
,"LPG/Other gases","Passenger Vehicles",0,,
,,"Light Commercial Vehicles",0,,
,"Dual fuel","Passenger Vehicles",0,,
,,"Light Commercial Vehicles",3,,
,"Other","Passenger Vehicles",0,,
,,"Light Commercial Vehicles",0,,
,"Unknown","Passenger Vehicles",0,,
,,"Light Commercial Vehicles",0,,
"4454","Diesel","Passenger Vehicles",191,,
,,"Light Commercial Vehicles",282,,
,"Electric","Passenger Vehicles",0,,
,,"Light Commercial Vehicles",0,,
,"Petrol leaded","Passenger Vehicles",3,,
,,"Light Commercial Vehicles",0,,
,"Petrol unleaded","Passenger Vehicles",184,,
,,"Light Commercial Vehicles",32,,
,"LPG/Other gases","Passenger Vehicles",0,,
,,"Light Commercial Vehicles",0,,
,"Dual fuel","Passenger Vehicles",0,,
,,"Light Commercial Vehicles",0,,
,"Other","Passenger Vehicles",0,,
,,"Light Commercial Vehicles",0,,
,"Unknown","Passenger Vehicles",0,,
,,"Light Commercial Vehicles",0,,
"4455","Diesel","Passenger Vehicles",1182,,
,,"Light Commercial Vehicles",2565,,
,"Electric","Passenger Vehicles",0,,
,,"Light Commercial Vehicles",0,,
,"Petrol leaded","Passenger Vehicles",95,,
,,"Light Commercial Vehicles",68,,
,"Petrol unleaded","Passenger Vehicles",2637,,
,,"Light Commercial Vehicles",576,,
,"LPG/Other gases","Passenger Vehicles",0,,
,,"Light Commercial Vehicles",0,,
,"Dual fuel","Passenger Vehicles",10,,
,,"Light Commercial Vehicles",9,,
,"Other","Passenger Vehicles",9,,
,,"Light Commercial Vehicles",0,,
,"Unknown","Passenger Vehicles",0,,
,,"Light Commercial Vehicles",0,,
"4461","Diesel","Passenger Vehicles",15,,
,,"Light Commercial Vehicles",27,,
,"Electric","Passenger Vehicles",0,,
,,"Light Commercial Vehicles",0,,
,"Petrol leaded","Passenger Vehicles",3,,
,,"Light Commercial Vehicles",0,,
,"Petrol unleaded","Passenger Vehicles",16,,
,,"Light Commercial Vehicles",9,,
,"LPG/Other gases","Passenger Vehicles",0,,
,,"Light Commercial Vehicles",0,,
,"Dual fuel","Passenger Vehicles",0,,
,,"Light Commercial Vehicles",0,,
,"Other","Passenger Vehicles",0,,
,,"Light Commercial Vehicles",0,,
,"Unknown","Passenger Vehicles",0,,
,,"Light Commercial Vehicles",0,,
"4462","Diesel","Passenger Vehicles",22,,
,,"Light Commercial Vehicles",38,,
,"Electric","Passenger Vehicles",0,,
,,"Light Commercial Vehicles",0,,
,"Petrol leaded","Passenger Vehicles",3,,
,,"Light Commercial Vehicles",3,,
,"Petrol unleaded","Passenger Vehicles",25,,
,,"Light Commercial Vehicles",8,,
,"LPG/Other gases","Passenger Vehicles",0,,
,,"Light Commercial Vehicles",0,,
,"Dual fuel","Passenger Vehicles",0,,
,,"Light Commercial Vehicles",0,,
,"Other","Passenger Vehicles",0,,
,,"Light Commercial Vehicles",0,,
,"Unknown","Passenger Vehicles",0,,
,,"Light Commercial Vehicles",0,,
"4465","Diesel","Passenger Vehicles",221,,
,,"Light Commercial Vehicles",426,,
,"Electric","Passenger Vehicles",0,,
,,"Light Commercial Vehicles",0,,
,"Petrol leaded","Passenger Vehicles",7,,
,,"Light Commercial Vehicles",8,,
,"Petrol unleaded","Passenger Vehicles",358,,
,,"Light Commercial Vehicles",93,,
,"LPG/Other gases","Passenger Vehicles",0,,
,,"Light Commercial Vehicles",0,,
,"Dual fuel","Passenger Vehicles",3,,
,,"Light Commercial Vehicles",0,,
,"Other","Passenger Vehicles",3,,
,,"Light Commercial Vehicles",0,,
,"Unknown","Passenger Vehicles",0,,
,,"Light Commercial Vehicles",0,,
"4467","Diesel","Passenger Vehicles",39,,
,,"Light Commercial Vehicles",66,,
,"Electric","Passenger Vehicles",0,,
,,"Light Commercial Vehicles",0,,
,"Petrol leaded","Passenger Vehicles",0,,
,,"Light Commercial Vehicles",0,,
,"Petrol unleaded","Passenger Vehicles",39,,
,,"Light Commercial Vehicles",9,,
,"LPG/Other gases","Passenger Vehicles",0,,
,,"Light Commercial Vehicles",0,,
,"Dual fuel","Passenger Vehicles",0,,
,,"Light Commercial Vehicles",0,,
,"Other","Passenger Vehicles",0,,
,,"Light Commercial Vehicles",0,,
,"Unknown","Passenger Vehicles",0,,
,,"Light Commercial Vehicles",0,,
"4468","Diesel","Passenger Vehicles",66,,
,,"Light Commercial Vehicles",144,,
,"Electric","Passenger Vehicles",0,,
,,"Light Commercial Vehicles",0,,
,"Petrol leaded","Passenger Vehicles",0,,
,,"Light Commercial Vehicles",0,,
,"Petrol unleaded","Passenger Vehicles",67,,
,,"Light Commercial Vehicles",17,,
,"LPG/Other gases","Passenger Vehicles",0,,
,,"Light Commercial Vehicles",0,,
,"Dual fuel","Passenger Vehicles",3,,
,,"Light Commercial Vehicles",0,,
,"Other","Passenger Vehicles",0,,
,,"Light Commercial Vehicles",0,,
,"Unknown","Passenger Vehicles",0,,
,,"Light Commercial Vehicles",0,,
"4470","Diesel","Passenger Vehicles",352,,
,,"Light Commercial Vehicles",983,,
,"Electric","Passenger Vehicles",0,,
,,"Light Commercial Vehicles",0,,
,"Petrol leaded","Passenger Vehicles",24,,
,,"Light Commercial Vehicles",12,,
,"Petrol unleaded","Passenger Vehicles",1032,,
,,"Light Commercial Vehicles",233,,
,"LPG/Other gases","Passenger Vehicles",0,,
,,"Light Commercial Vehicles",0,,
,"Dual fuel","Passenger Vehicles",3,,
,,"Light Commercial Vehicles",5,,
,"Other","Passenger Vehicles",4,,
,,"Light Commercial Vehicles",0,,
,"Unknown","Passenger Vehicles",0,,
,,"Light Commercial Vehicles",0,,
"4472","Diesel","Passenger Vehicles",233,,
,,"Light Commercial Vehicles",468,,
,"Electric","Passenger Vehicles",0,,
,,"Light Commercial Vehicles",0,,
,"Petrol leaded","Passenger Vehicles",9,,
,,"Light Commercial Vehicles",8,,
,"Petrol unleaded","Passenger Vehicles",433,,
,,"Light Commercial Vehicles",100,,
,"LPG/Other gases","Passenger Vehicles",0,,
,,"Light Commercial Vehicles",0,,
,"Dual fuel","Passenger Vehicles",0,,
,,"Light Commercial Vehicles",3,,
,"Other","Passenger Vehicles",0,,
,,"Light Commercial Vehicles",0,,
,"Unknown","Passenger Vehicles",0,,
,,"Light Commercial Vehicles",0,,
"4474","Diesel","Passenger Vehicles",14,,
,,"Light Commercial Vehicles",26,,
,"Electric","Passenger Vehicles",0,,
,,"Light Commercial Vehicles",0,,
,"Petrol leaded","Passenger Vehicles",0,,
,,"Light Commercial Vehicles",0,,
,"Petrol unleaded","Passenger Vehicles",4,,
,,"Light Commercial Vehicles",8,,
,"LPG/Other gases","Passenger Vehicles",0,,
,,"Light Commercial Vehicles",0,,
,"Dual fuel","Passenger Vehicles",0,,
,,"Light Commercial Vehicles",0,,
,"Other","Passenger Vehicles",0,,
,,"Light Commercial Vehicles",0,,
,"Unknown","Passenger Vehicles",0,,
,,"Light Commercial Vehicles",0,,
"4475","Diesel","Passenger Vehicles",0,,
,,"Light Commercial Vehicles",21,,
,"Electric","Passenger Vehicles",0,,
,,"Light Commercial Vehicles",0,,
,"Petrol leaded","Passenger Vehicles",0,,
,,"Light Commercial Vehicles",0,,
,"Petrol unleaded","Passenger Vehicles",3,,
,,"Light Commercial Vehicles",3,,
,"LPG/Other gases","Passenger Vehicles",0,,
,,"Light Commercial Vehicles",0,,
,"Dual fuel","Passenger Vehicles",0,,
,,"Light Commercial Vehicles",0,,
,"Other","Passenger Vehicles",0,,
,,"Light Commercial Vehicles",0,,
,"Unknown","Passenger Vehicles",0,,
,,"Light Commercial Vehicles",0,,
"4477","Diesel","Passenger Vehicles",104,,
,,"Light Commercial Vehicles",201,,
,"Electric","Passenger Vehicles",0,,
,,"Light Commercial Vehicles",0,,
,"Petrol leaded","Passenger Vehicles",3,,
,,"Light Commercial Vehicles",5,,
,"Petrol unleaded","Passenger Vehicles",117,,
,,"Light Commercial Vehicles",28,,
,"LPG/Other gases","Passenger Vehicles",0,,
,,"Light Commercial Vehicles",0,,
,"Dual fuel","Passenger Vehicles",0,,
,,"Light Commercial Vehicles",0,,
,"Other","Passenger Vehicles",0,,
,,"Light Commercial Vehicles",0,,
,"Unknown","Passenger Vehicles",0,,
,,"Light Commercial Vehicles",0,,
"4478","Diesel","Passenger Vehicles",107,,
,,"Light Commercial Vehicles",230,,
,"Electric","Passenger Vehicles",0,,
,,"Light Commercial Vehicles",0,,
,"Petrol leaded","Passenger Vehicles",0,,
,,"Light Commercial Vehicles",0,,
,"Petrol unleaded","Passenger Vehicles",127,,
,,"Light Commercial Vehicles",19,,
,"LPG/Other gases","Passenger Vehicles",0,,
,,"Light Commercial Vehicles",0,,
,"Dual fuel","Passenger Vehicles",0,,
,,"Light Commercial Vehicles",3,,
,"Other","Passenger Vehicles",0,,
,,"Light Commercial Vehicles",0,,
,"Unknown","Passenger Vehicles",0,,
,,"Light Commercial Vehicles",0,,
"4479","Diesel","Passenger Vehicles",5,,
,,"Light Commercial Vehicles",10,,
,"Electric","Passenger Vehicles",0,,
,,"Light Commercial Vehicles",0,,
,"Petrol leaded","Passenger Vehicles",0,,
,,"Light Commercial Vehicles",0,,
,"Petrol unleaded","Passenger Vehicles",3,,
,,"Light Commercial Vehicles",3,,
,"LPG/Other gases","Passenger Vehicles",0,,
,,"Light Commercial Vehicles",0,,
,"Dual fuel","Passenger Vehicles",0,,
,,"Light Commercial Vehicles",0,,
,"Other","Passenger Vehicles",0,,
,,"Light Commercial Vehicles",0,,
,"Unknown","Passenger Vehicles",0,,
,,"Light Commercial Vehicles",0,,
"4480","Diesel","Passenger Vehicles",157,,
,,"Light Commercial Vehicles",308,,
,"Electric","Passenger Vehicles",0,,
,,"Light Commercial Vehicles",0,,
,"Petrol leaded","Passenger Vehicles",3,,
,,"Light Commercial Vehicles",4,,
,"Petrol unleaded","Passenger Vehicles",161,,
,,"Light Commercial Vehicles",62,,
,"LPG/Other gases","Passenger Vehicles",0,,
,,"Light Commercial Vehicles",0,,
,"Dual fuel","Passenger Vehicles",3,,
,,"Light Commercial Vehicles",0,,
,"Other","Passenger Vehicles",0,,
,,"Light Commercial Vehicles",0,,
,"Unknown","Passenger Vehicles",0,,
,,"Light Commercial Vehicles",0,,
"4481","Diesel","Passenger Vehicles",30,,
,,"Light Commercial Vehicles",46,,
,"Electric","Passenger Vehicles",0,,
,,"Light Commercial Vehicles",0,,
,"Petrol leaded","Passenger Vehicles",0,,
,,"Light Commercial Vehicles",0,,
,"Petrol unleaded","Passenger Vehicles",23,,
,,"Light Commercial Vehicles",9,,
,"LPG/Other gases","Passenger Vehicles",0,,
,,"Light Commercial Vehicles",0,,
,"Dual fuel","Passenger Vehicles",0,,
,,"Light Commercial Vehicles",3,,
,"Other","Passenger Vehicles",0,,
,,"Light Commercial Vehicles",0,,
,"Unknown","Passenger Vehicles",0,,
,,"Light Commercial Vehicles",0,,
"4482","Diesel","Passenger Vehicles",25,,
,,"Light Commercial Vehicles",61,,
,"Electric","Passenger Vehicles",0,,
,,"Light Commercial Vehicles",0,,
,"Petrol leaded","Passenger Vehicles",3,,
,,"Light Commercial Vehicles",0,,
,"Petrol unleaded","Passenger Vehicles",26,,
,,"Light Commercial Vehicles",9,,
,"LPG/Other gases","Passenger Vehicles",0,,
,,"Light Commercial Vehicles",0,,
,"Dual fuel","Passenger Vehicles",0,,
,,"Light Commercial Vehicles",0,,
,"Other","Passenger Vehicles",0,,
,,"Light Commercial Vehicles",0,,
,"Unknown","Passenger Vehicles",0,,
,,"Light Commercial Vehicles",0,,
"4486","Diesel","Passenger Vehicles",222,,
,,"Light Commercial Vehicles",349,,
,"Electric","Passenger Vehicles",0,,
,,"Light Commercial Vehicles",0,,
,"Petrol leaded","Passenger Vehicles",3,,
,,"Light Commercial Vehicles",0,,
,"Petrol unleaded","Passenger Vehicles",186,,
,,"Light Commercial Vehicles",56,,
,"LPG/Other gases","Passenger Vehicles",0,,
,,"Light Commercial Vehicles",0,,
,"Dual fuel","Passenger Vehicles",0,,
,,"Light Commercial Vehicles",3,,
,"Other","Passenger Vehicles",0,,
,,"Light Commercial Vehicles",0,,
,"Unknown","Passenger Vehicles",0,,
,,"Light Commercial Vehicles",0,,
"4487","Diesel","Passenger Vehicles",521,,
,,"Light Commercial Vehicles",1031,,
,"Electric","Passenger Vehicles",0,,
,,"Light Commercial Vehicles",0,,
,"Petrol leaded","Passenger Vehicles",25,,
,,"Light Commercial Vehicles",26,,
,"Petrol unleaded","Passenger Vehicles",1011,,
,,"Light Commercial Vehicles",207,,
,"LPG/Other gases","Passenger Vehicles",0,,
,,"Light Commercial Vehicles",0,,
,"Dual fuel","Passenger Vehicles",5,,
,,"Light Commercial Vehicles",3,,
,"Other","Passenger Vehicles",3,,
,,"Light Commercial Vehicles",0,,
,"Unknown","Passenger Vehicles",0,,
,,"Light Commercial Vehicles",0,,
"4488","Diesel","Passenger Vehicles",50,,
,,"Light Commercial Vehicles",94,,
,"Electric","Passenger Vehicles",0,,
,,"Light Commercial Vehicles",0,,
,"Petrol leaded","Passenger Vehicles",0,,
,,"Light Commercial Vehicles",3,,
,"Petrol unleaded","Passenger Vehicles",36,,
,,"Light Commercial Vehicles",21,,
,"LPG/Other gases","Passenger Vehicles",0,,
,,"Light Commercial Vehicles",0,,
,"Dual fuel","Passenger Vehicles",3,,
,,"Light Commercial Vehicles",0,,
,"Other","Passenger Vehicles",0,,
,,"Light Commercial Vehicles",0,,
,"Unknown","Passenger Vehicles",0,,
,,"Light Commercial Vehicles",0,,
"4489","Diesel","Passenger Vehicles",18,,
,,"Light Commercial Vehicles",48,,
,"Electric","Passenger Vehicles",0,,
,,"Light Commercial Vehicles",0,,
,"Petrol leaded","Passenger Vehicles",0,,
,,"Light Commercial Vehicles",0,,
,"Petrol unleaded","Passenger Vehicles",31,,
,,"Light Commercial Vehicles",10,,
,"LPG/Other gases","Passenger Vehicles",0,,
,,"Light Commercial Vehicles",0,,
,"Dual fuel","Passenger Vehicles",0,,
,,"Light Commercial Vehicles",0,,
,"Other","Passenger Vehicles",0,,
,,"Light Commercial Vehicles",0,,
,"Unknown","Passenger Vehicles",0,,
,,"Light Commercial Vehicles",0,,
"4490","Diesel","Passenger Vehicles",180,,
,,"Light Commercial Vehicles",397,,
,"Electric","Passenger Vehicles",0,,
,,"Light Commercial Vehicles",0,,
,"Petrol leaded","Passenger Vehicles",13,,
,,"Light Commercial Vehicles",10,,
,"Petrol unleaded","Passenger Vehicles",439,,
,,"Light Commercial Vehicles",142,,
,"LPG/Other gases","Passenger Vehicles",0,,
,,"Light Commercial Vehicles",0,,
,"Dual fuel","Passenger Vehicles",3,,
,,"Light Commercial Vehicles",3,,
,"Other","Passenger Vehicles",3,,
,,"Light Commercial Vehicles",0,,
,"Unknown","Passenger Vehicles",0,,
,,"Light Commercial Vehicles",0,,
"4491","Diesel","Passenger Vehicles",12,,
,,"Light Commercial Vehicles",33,,
,"Electric","Passenger Vehicles",0,,
,,"Light Commercial Vehicles",0,,
,"Petrol leaded","Passenger Vehicles",0,,
,,"Light Commercial Vehicles",3,,
,"Petrol unleaded","Passenger Vehicles",22,,
,,"Light Commercial Vehicles",7,,
,"LPG/Other gases","Passenger Vehicles",0,,
,,"Light Commercial Vehicles",0,,
,"Dual fuel","Passenger Vehicles",0,,
,,"Light Commercial Vehicles",0,,
,"Other","Passenger Vehicles",0,,
,,"Light Commercial Vehicles",0,,
,"Unknown","Passenger Vehicles",0,,
,,"Light Commercial Vehicles",0,,
"4492","Diesel","Passenger Vehicles",80,,
,,"Light Commercial Vehicles",124,,
,"Electric","Passenger Vehicles",0,,
,,"Light Commercial Vehicles",0,,
,"Petrol leaded","Passenger Vehicles",3,,
,,"Light Commercial Vehicles",0,,
,"Petrol unleaded","Passenger Vehicles",43,,
,,"Light Commercial Vehicles",24,,
,"LPG/Other gases","Passenger Vehicles",0,,
,,"Light Commercial Vehicles",0,,
,"Dual fuel","Passenger Vehicles",0,,
,,"Light Commercial Vehicles",0,,
,"Other","Passenger Vehicles",0,,
,,"Light Commercial Vehicles",0,,
,"Unknown","Passenger Vehicles",0,,
,,"Light Commercial Vehicles",0,,
"4493","Diesel","Passenger Vehicles",15,,
,,"Light Commercial Vehicles",16,,
,"Electric","Passenger Vehicles",0,,
,,"Light Commercial Vehicles",0,,
,"Petrol leaded","Passenger Vehicles",0,,
,,"Light Commercial Vehicles",3,,
,"Petrol unleaded","Passenger Vehicles",6,,
,,"Light Commercial Vehicles",0,,
,"LPG/Other gases","Passenger Vehicles",0,,
,,"Light Commercial Vehicles",0,,
,"Dual fuel","Passenger Vehicles",0,,
,,"Light Commercial Vehicles",0,,
,"Other","Passenger Vehicles",0,,
,,"Light Commercial Vehicles",0,,
,"Unknown","Passenger Vehicles",0,,
,,"Light Commercial Vehicles",0,,
"4494","Diesel","Passenger Vehicles",47,,
,,"Light Commercial Vehicles",80,,
,"Electric","Passenger Vehicles",0,,
,,"Light Commercial Vehicles",0,,
,"Petrol leaded","Passenger Vehicles",0,,
,,"Light Commercial Vehicles",0,,
,"Petrol unleaded","Passenger Vehicles",19,,
,,"Light Commercial Vehicles",6,,
,"LPG/Other gases","Passenger Vehicles",0,,
,,"Light Commercial Vehicles",0,,
,"Dual fuel","Passenger Vehicles",0,,
,,"Light Commercial Vehicles",0,,
,"Other","Passenger Vehicles",0,,
,,"Light Commercial Vehicles",0,,
,"Unknown","Passenger Vehicles",0,,
,,"Light Commercial Vehicles",0,,
"4496","Diesel","Passenger Vehicles",76,,
,,"Light Commercial Vehicles",176,,
,"Electric","Passenger Vehicles",0,,
,,"Light Commercial Vehicles",0,,
,"Petrol leaded","Passenger Vehicles",3,,
,,"Light Commercial Vehicles",4,,
,"Petrol unleaded","Passenger Vehicles",63,,
,,"Light Commercial Vehicles",17,,
,"LPG/Other gases","Passenger Vehicles",0,,
,,"Light Commercial Vehicles",0,,
,"Dual fuel","Passenger Vehicles",0,,
,,"Light Commercial Vehicles",0,,
,"Other","Passenger Vehicles",0,,
,,"Light Commercial Vehicles",0,,
,"Unknown","Passenger Vehicles",0,,
,,"Light Commercial Vehicles",0,,
"4497","Diesel","Passenger Vehicles",86,,
,,"Light Commercial Vehicles",214,,
,"Electric","Passenger Vehicles",0,,
,,"Light Commercial Vehicles",0,,
,"Petrol leaded","Passenger Vehicles",3,,
,,"Light Commercial Vehicles",0,,
,"Petrol unleaded","Passenger Vehicles",83,,
,,"Light Commercial Vehicles",29,,
,"LPG/Other gases","Passenger Vehicles",0,,
,,"Light Commercial Vehicles",0,,
,"Dual fuel","Passenger Vehicles",0,,
,,"Light Commercial Vehicles",3,,
,"Other","Passenger Vehicles",0,,
,,"Light Commercial Vehicles",0,,
,"Unknown","Passenger Vehicles",0,,
,,"Light Commercial Vehicles",0,,
"4498","Diesel","Passenger Vehicles",65,,
,,"Light Commercial Vehicles",119,,
,"Electric","Passenger Vehicles",0,,
,,"Light Commercial Vehicles",0,,
,"Petrol leaded","Passenger Vehicles",0,,
,,"Light Commercial Vehicles",3,,
,"Petrol unleaded","Passenger Vehicles",48,,
,,"Light Commercial Vehicles",18,,
,"LPG/Other gases","Passenger Vehicles",0,,
,,"Light Commercial Vehicles",0,,
,"Dual fuel","Passenger Vehicles",0,,
,,"Light Commercial Vehicles",0,,
,"Other","Passenger Vehicles",0,,
,,"Light Commercial Vehicles",0,,
,"Unknown","Passenger Vehicles",0,,
,,"Light Commercial Vehicles",0,,
"4500","Diesel","Passenger Vehicles",3342,,
,,"Light Commercial Vehicles",4987,,
,"Electric","Passenger Vehicles",4,,
,,"Light Commercial Vehicles",0,,
,"Petrol leaded","Passenger Vehicles",460,,
,,"Light Commercial Vehicles",109,,
,"Petrol unleaded","Passenger Vehicles",21940,,
,,"Light Commercial Vehicles",2507,,
,"LPG/Other gases","Passenger Vehicles",19,,
,,"Light Commercial Vehicles",40,,
,"Dual fuel","Passenger Vehicles",151,,
,,"Light Commercial Vehicles",77,,
,"Other","Passenger Vehicles",138,,
,,"Light Commercial Vehicles",0,,
,"Unknown","Passenger Vehicles",0,,
,,"Light Commercial Vehicles",0,,
"4501","Diesel","Passenger Vehicles",360,,
,,"Light Commercial Vehicles",628,,
,"Electric","Passenger Vehicles",0,,
,,"Light Commercial Vehicles",0,,
,"Petrol leaded","Passenger Vehicles",59,,
,,"Light Commercial Vehicles",17,,
,"Petrol unleaded","Passenger Vehicles",2844,,
,,"Light Commercial Vehicles",321,,
,"LPG/Other gases","Passenger Vehicles",6,,
,,"Light Commercial Vehicles",6,,
,"Dual fuel","Passenger Vehicles",19,,
,,"Light Commercial Vehicles",21,,
,"Other","Passenger Vehicles",12,,
,,"Light Commercial Vehicles",0,,
,"Unknown","Passenger Vehicles",0,,
,,"Light Commercial Vehicles",0,,
"4502","Diesel","Passenger Vehicles",579,,
,,"Light Commercial Vehicles",783,,
,"Electric","Passenger Vehicles",3,,
,,"Light Commercial Vehicles",0,,
,"Petrol leaded","Passenger Vehicles",48,,
,,"Light Commercial Vehicles",15,,
,"Petrol unleaded","Passenger Vehicles",4177,,
,,"Light Commercial Vehicles",412,,
,"LPG/Other gases","Passenger Vehicles",3,,
,,"Light Commercial Vehicles",3,,
,"Dual fuel","Passenger Vehicles",43,,
,,"Light Commercial Vehicles",14,,
,"Other","Passenger Vehicles",24,,
,,"Light Commercial Vehicles",0,,
,"Unknown","Passenger Vehicles",0,,
,,"Light Commercial Vehicles",0,,
"4503","Diesel","Passenger Vehicles",2861,,
,,"Light Commercial Vehicles",3854,,
,"Electric","Passenger Vehicles",0,,
,,"Light Commercial Vehicles",0,,
,"Petrol leaded","Passenger Vehicles",352,,
,,"Light Commercial Vehicles",90,,
,"Petrol unleaded","Passenger Vehicles",22768,,
,,"Light Commercial Vehicles",1893,,
,"LPG/Other gases","Passenger Vehicles",30,,
,,"Light Commercial Vehicles",23,,
,"Dual fuel","Passenger Vehicles",158,,
,,"Light Commercial Vehicles",56,,
,"Other","Passenger Vehicles",123,,
,,"Light Commercial Vehicles",0,,
,"Unknown","Passenger Vehicles",0,,
,,"Light Commercial Vehicles",0,,
"4504","Diesel","Passenger Vehicles",1599,,
,,"Light Commercial Vehicles",2464,,
,"Electric","Passenger Vehicles",3,,
,,"Light Commercial Vehicles",0,,
,"Petrol leaded","Passenger Vehicles",225,,
,,"Light Commercial Vehicles",40,,
,"Petrol unleaded","Passenger Vehicles",8830,,
,,"Light Commercial Vehicles",839,,
,"LPG/Other gases","Passenger Vehicles",4,,
,,"Light Commercial Vehicles",16,,
,"Dual fuel","Passenger Vehicles",74,,
,,"Light Commercial Vehicles",46,,
,"Other","Passenger Vehicles",44,,
,,"Light Commercial Vehicles",0,,
,"Unknown","Passenger Vehicles",0,,
,,"Light Commercial Vehicles",0,,
"4505","Diesel","Passenger Vehicles",1963,,
,,"Light Commercial Vehicles",2951,,
,"Electric","Passenger Vehicles",3,,
,,"Light Commercial Vehicles",0,,
,"Petrol leaded","Passenger Vehicles",376,,
,,"Light Commercial Vehicles",91,,
,"Petrol unleaded","Passenger Vehicles",10433,,
,,"Light Commercial Vehicles",1255,,
,"LPG/Other gases","Passenger Vehicles",19,,
,,"Light Commercial Vehicles",29,,
,"Dual fuel","Passenger Vehicles",127,,
,,"Light Commercial Vehicles",46,,
,"Other","Passenger Vehicles",39,,
,,"Light Commercial Vehicles",0,,
,"Unknown","Passenger Vehicles",0,,
,,"Light Commercial Vehicles",0,,
"4506","Diesel","Passenger Vehicles",1658,,
,,"Light Commercial Vehicles",2471,,
,"Electric","Passenger Vehicles",0,,
,,"Light Commercial Vehicles",0,,
,"Petrol leaded","Passenger Vehicles",281,,
,,"Light Commercial Vehicles",76,,
,"Petrol unleaded","Passenger Vehicles",10943,,
,,"Light Commercial Vehicles",1117,,
,"LPG/Other gases","Passenger Vehicles",18,,
,,"Light Commercial Vehicles",16,,
,"Dual fuel","Passenger Vehicles",114,,
,,"Light Commercial Vehicles",57,,
,"Other","Passenger Vehicles",51,,
,,"Light Commercial Vehicles",0,,
,"Unknown","Passenger Vehicles",0,,
,,"Light Commercial Vehicles",0,,
"4507","Diesel","Passenger Vehicles",1769,,
,,"Light Commercial Vehicles",1757,,
,"Electric","Passenger Vehicles",3,,
,,"Light Commercial Vehicles",0,,
,"Petrol leaded","Passenger Vehicles",179,,
,,"Light Commercial Vehicles",53,,
,"Petrol unleaded","Passenger Vehicles",9716,,
,,"Light Commercial Vehicles",814,,
,"LPG/Other gases","Passenger Vehicles",10,,
,,"Light Commercial Vehicles",10,,
,"Dual fuel","Passenger Vehicles",111,,
,,"Light Commercial Vehicles",40,,
,"Other","Passenger Vehicles",61,,
,,"Light Commercial Vehicles",0,,
,"Unknown","Passenger Vehicles",0,,
,,"Light Commercial Vehicles",0,,
"4508","Diesel","Passenger Vehicles",1096,,
,,"Light Commercial Vehicles",1746,,
,"Electric","Passenger Vehicles",3,,
,,"Light Commercial Vehicles",0,,
,"Petrol leaded","Passenger Vehicles",201,,
,,"Light Commercial Vehicles",50,,
,"Petrol unleaded","Passenger Vehicles",8927,,
,,"Light Commercial Vehicles",1008,,
,"LPG/Other gases","Passenger Vehicles",18,,
,,"Light Commercial Vehicles",16,,
,"Dual fuel","Passenger Vehicles",113,,
,,"Light Commercial Vehicles",43,,
,"Other","Passenger Vehicles",38,,
,,"Light Commercial Vehicles",0,,
,"Unknown","Passenger Vehicles",0,,
,,"Light Commercial Vehicles",0,,
"4509","Diesel","Passenger Vehicles",2158,,
,,"Light Commercial Vehicles",2403,,
,"Electric","Passenger Vehicles",5,,
,,"Light Commercial Vehicles",0,,
,"Petrol leaded","Passenger Vehicles",102,,
,,"Light Commercial Vehicles",25,,
,"Petrol unleaded","Passenger Vehicles",16669,,
,,"Light Commercial Vehicles",752,,
,"LPG/Other gases","Passenger Vehicles",12,,
,,"Light Commercial Vehicles",14,,
,"Dual fuel","Passenger Vehicles",66,,
,,"Light Commercial Vehicles",19,,
,"Other","Passenger Vehicles",143,,
,,"Light Commercial Vehicles",0,,
,"Unknown","Passenger Vehicles",0,,
,,"Light Commercial Vehicles",0,,
"4510","Diesel","Passenger Vehicles",3597,,
,,"Light Commercial Vehicles",5900,,
,"Electric","Passenger Vehicles",3,,
,,"Light Commercial Vehicles",0,,
,"Petrol leaded","Passenger Vehicles",510,,
,,"Light Commercial Vehicles",162,,
,"Petrol unleaded","Passenger Vehicles",23368,,
,,"Light Commercial Vehicles",2598,,
,"LPG/Other gases","Passenger Vehicles",40,,
,,"Light Commercial Vehicles",39,,
,"Dual fuel","Passenger Vehicles",285,,
,,"Light Commercial Vehicles",113,,
,"Other","Passenger Vehicles",101,,
,,"Light Commercial Vehicles",0,,
,"Unknown","Passenger Vehicles",0,,
,,"Light Commercial Vehicles",0,,
"4511","Diesel","Passenger Vehicles",858,,
,,"Light Commercial Vehicles",1095,,
,"Electric","Passenger Vehicles",3,,
,,"Light Commercial Vehicles",0,,
,"Petrol leaded","Passenger Vehicles",110,,
,,"Light Commercial Vehicles",35,,
,"Petrol unleaded","Passenger Vehicles",4734,,
,,"Light Commercial Vehicles",460,,
,"LPG/Other gases","Passenger Vehicles",6,,
,,"Light Commercial Vehicles",9,,
,"Dual fuel","Passenger Vehicles",60,,
,,"Light Commercial Vehicles",25,,
,"Other","Passenger Vehicles",14,,
,,"Light Commercial Vehicles",0,,
,"Unknown","Passenger Vehicles",0,,
,,"Light Commercial Vehicles",0,,
"4512","Diesel","Passenger Vehicles",439,,
,,"Light Commercial Vehicles",776,,
,"Electric","Passenger Vehicles",0,,
,,"Light Commercial Vehicles",0,,
,"Petrol leaded","Passenger Vehicles",69,,
,,"Light Commercial Vehicles",31,,
,"Petrol unleaded","Passenger Vehicles",1506,,
,,"Light Commercial Vehicles",279,,
,"LPG/Other gases","Passenger Vehicles",3,,
,,"Light Commercial Vehicles",5,,
,"Dual fuel","Passenger Vehicles",18,,
,,"Light Commercial Vehicles",12,,
,"Other","Passenger Vehicles",4,,
,,"Light Commercial Vehicles",0,,
,"Unknown","Passenger Vehicles",0,,
,,"Light Commercial Vehicles",0,,
"4514","Diesel","Passenger Vehicles",714,,
,,"Light Commercial Vehicles",1340,,
,"Electric","Passenger Vehicles",0,,
,,"Light Commercial Vehicles",0,,
,"Petrol leaded","Passenger Vehicles",121,,
,,"Light Commercial Vehicles",56,,
,"Petrol unleaded","Passenger Vehicles",2827,,
,,"Light Commercial Vehicles",494,,
,"LPG/Other gases","Passenger Vehicles",5,,
,,"Light Commercial Vehicles",13,,
,"Dual fuel","Passenger Vehicles",34,,
,,"Light Commercial Vehicles",26,,
,"Other","Passenger Vehicles",6,,
,,"Light Commercial Vehicles",0,,
,"Unknown","Passenger Vehicles",0,,
,,"Light Commercial Vehicles",0,,
"4515","Diesel","Passenger Vehicles",450,,
,,"Light Commercial Vehicles",799,,
,"Electric","Passenger Vehicles",0,,
,,"Light Commercial Vehicles",0,,
,"Petrol leaded","Passenger Vehicles",58,,
,,"Light Commercial Vehicles",29,,
,"Petrol unleaded","Passenger Vehicles",1780,,
,,"Light Commercial Vehicles",250,,
,"LPG/Other gases","Passenger Vehicles",3,,
,,"Light Commercial Vehicles",4,,
,"Dual fuel","Passenger Vehicles",21,,
,,"Light Commercial Vehicles",13,,
,"Other","Passenger Vehicles",11,,
,,"Light Commercial Vehicles",0,,
,"Unknown","Passenger Vehicles",0,,
,,"Light Commercial Vehicles",0,,
"4516","Diesel","Passenger Vehicles",433,,
,,"Light Commercial Vehicles",763,,
,"Electric","Passenger Vehicles",0,,
,,"Light Commercial Vehicles",0,,
,"Petrol leaded","Passenger Vehicles",109,,
,,"Light Commercial Vehicles",30,,
,"Petrol unleaded","Passenger Vehicles",1938,,
,,"Light Commercial Vehicles",293,,
,"LPG/Other gases","Passenger Vehicles",0,,
,,"Light Commercial Vehicles",8,,
,"Dual fuel","Passenger Vehicles",23,,
,,"Light Commercial Vehicles",16,,
,"Other","Passenger Vehicles",5,,
,,"Light Commercial Vehicles",0,,
,"Unknown","Passenger Vehicles",0,,
,,"Light Commercial Vehicles",0,,
"4517","Diesel","Passenger Vehicles",84,,
,,"Light Commercial Vehicles",154,,
,"Electric","Passenger Vehicles",0,,
,,"Light Commercial Vehicles",0,,
,"Petrol leaded","Passenger Vehicles",18,,
,,"Light Commercial Vehicles",3,,
,"Petrol unleaded","Passenger Vehicles",455,,
,,"Light Commercial Vehicles",65,,
,"LPG/Other gases","Passenger Vehicles",0,,
,,"Light Commercial Vehicles",3,,
,"Dual fuel","Passenger Vehicles",3,,
,,"Light Commercial Vehicles",5,,
,"Other","Passenger Vehicles",3,,
,,"Light Commercial Vehicles",0,,
,"Unknown","Passenger Vehicles",0,,
,,"Light Commercial Vehicles",0,,
"4518","Diesel","Passenger Vehicles",518,,
,,"Light Commercial Vehicles",834,,
,"Electric","Passenger Vehicles",0,,
,,"Light Commercial Vehicles",0,,
,"Petrol leaded","Passenger Vehicles",98,,
,,"Light Commercial Vehicles",28,,
,"Petrol unleaded","Passenger Vehicles",2450,,
,,"Light Commercial Vehicles",348,,
,"LPG/Other gases","Passenger Vehicles",9,,
,,"Light Commercial Vehicles",3,,
,"Dual fuel","Passenger Vehicles",34,,
,,"Light Commercial Vehicles",15,,
,"Other","Passenger Vehicles",15,,
,,"Light Commercial Vehicles",0,,
,"Unknown","Passenger Vehicles",0,,
,,"Light Commercial Vehicles",0,,
"4519","Diesel","Passenger Vehicles",854,,
,,"Light Commercial Vehicles",1331,,
,"Electric","Passenger Vehicles",0,,
,,"Light Commercial Vehicles",0,,
,"Petrol leaded","Passenger Vehicles",142,,
,,"Light Commercial Vehicles",35,,
,"Petrol unleaded","Passenger Vehicles",4172,,
,,"Light Commercial Vehicles",563,,
,"LPG/Other gases","Passenger Vehicles",7,,
,,"Light Commercial Vehicles",13,,
,"Dual fuel","Passenger Vehicles",34,,
,,"Light Commercial Vehicles",26,,
,"Other","Passenger Vehicles",33,,
,,"Light Commercial Vehicles",0,,
,"Unknown","Passenger Vehicles",0,,
,,"Light Commercial Vehicles",0,,
"4520","Diesel","Passenger Vehicles",1846,,
,,"Light Commercial Vehicles",1809,,
,"Electric","Passenger Vehicles",10,,
,,"Light Commercial Vehicles",0,,
,"Petrol leaded","Passenger Vehicles",309,,
,,"Light Commercial Vehicles",63,,
,"Petrol unleaded","Passenger Vehicles",6570,,
,,"Light Commercial Vehicles",809,,
,"LPG/Other gases","Passenger Vehicles",11,,
,,"Light Commercial Vehicles",16,,
,"Dual fuel","Passenger Vehicles",52,,
,,"Light Commercial Vehicles",27,,
,"Other","Passenger Vehicles",77,,
,,"Light Commercial Vehicles",0,,
,"Unknown","Passenger Vehicles",0,,
,,"Light Commercial Vehicles",0,,
"4521","Diesel","Passenger Vehicles",610,,
,,"Light Commercial Vehicles",848,,
,"Electric","Passenger Vehicles",3,,
,,"Light Commercial Vehicles",0,,
,"Petrol leaded","Passenger Vehicles",114,,
,,"Light Commercial Vehicles",27,,
,"Petrol unleaded","Passenger Vehicles",2132,,
,,"Light Commercial Vehicles",276,,
,"LPG/Other gases","Passenger Vehicles",4,,
,,"Light Commercial Vehicles",4,,
,"Dual fuel","Passenger Vehicles",33,,
,,"Light Commercial Vehicles",11,,
,"Other","Passenger Vehicles",24,,
,,"Light Commercial Vehicles",0,,
,"Unknown","Passenger Vehicles",0,,
,,"Light Commercial Vehicles",0,,
"4550","Diesel","Passenger Vehicles",444,,
,,"Light Commercial Vehicles",611,,
,"Electric","Passenger Vehicles",3,,
,,"Light Commercial Vehicles",0,,
,"Petrol leaded","Passenger Vehicles",59,,
,,"Light Commercial Vehicles",21,,
,"Petrol unleaded","Passenger Vehicles",2118,,
,,"Light Commercial Vehicles",336,,
,"LPG/Other gases","Passenger Vehicles",7,,
,,"Light Commercial Vehicles",3,,
,"Dual fuel","Passenger Vehicles",36,,
,,"Light Commercial Vehicles",20,,
,"Other","Passenger Vehicles",7,,
,,"Light Commercial Vehicles",0,,
,"Unknown","Passenger Vehicles",0,,
,,"Light Commercial Vehicles",0,,
"4551","Diesel","Passenger Vehicles",5115,,
,,"Light Commercial Vehicles",6037,,
,"Electric","Passenger Vehicles",8,,
,,"Light Commercial Vehicles",0,,
,"Petrol leaded","Passenger Vehicles",521,,
,,"Light Commercial Vehicles",119,,
,"Petrol unleaded","Passenger Vehicles",30918,,
,,"Light Commercial Vehicles",2449,,
,"LPG/Other gases","Passenger Vehicles",26,,
,,"Light Commercial Vehicles",22,,
,"Dual fuel","Passenger Vehicles",216,,
,,"Light Commercial Vehicles",87,,
,"Other","Passenger Vehicles",222,,
,,"Light Commercial Vehicles",0,,
,"Unknown","Passenger Vehicles",0,,
,,"Light Commercial Vehicles",0,,
"4552","Diesel","Passenger Vehicles",1090,,
,,"Light Commercial Vehicles",1181,,
,"Electric","Passenger Vehicles",0,,
,,"Light Commercial Vehicles",0,,
,"Petrol leaded","Passenger Vehicles",162,,
,,"Light Commercial Vehicles",51,,
,"Petrol unleaded","Passenger Vehicles",4537,,
,,"Light Commercial Vehicles",498,,
,"LPG/Other gases","Passenger Vehicles",4,,
,,"Light Commercial Vehicles",9,,
,"Dual fuel","Passenger Vehicles",45,,
,,"Light Commercial Vehicles",31,,
,"Other","Passenger Vehicles",47,,
,,"Light Commercial Vehicles",0,,
,"Unknown","Passenger Vehicles",0,,
,,"Light Commercial Vehicles",0,,
"4553","Diesel","Passenger Vehicles",772,,
,,"Light Commercial Vehicles",1037,,
,"Electric","Passenger Vehicles",3,,
,,"Light Commercial Vehicles",0,,
,"Petrol leaded","Passenger Vehicles",150,,
,,"Light Commercial Vehicles",46,,
,"Petrol unleaded","Passenger Vehicles",3210,,
,,"Light Commercial Vehicles",417,,
,"LPG/Other gases","Passenger Vehicles",4,,
,,"Light Commercial Vehicles",6,,
,"Dual fuel","Passenger Vehicles",45,,
,,"Light Commercial Vehicles",11,,
,"Other","Passenger Vehicles",21,,
,,"Light Commercial Vehicles",0,,
,"Unknown","Passenger Vehicles",0,,
,,"Light Commercial Vehicles",0,,
"4554","Diesel","Passenger Vehicles",246,,
,,"Light Commercial Vehicles",308,,
,"Electric","Passenger Vehicles",3,,
,,"Light Commercial Vehicles",0,,
,"Petrol leaded","Passenger Vehicles",48,,
,,"Light Commercial Vehicles",12,,
,"Petrol unleaded","Passenger Vehicles",921,,
,,"Light Commercial Vehicles",154,,
,"LPG/Other gases","Passenger Vehicles",3,,
,,"Light Commercial Vehicles",6,,
,"Dual fuel","Passenger Vehicles",14,,
,,"Light Commercial Vehicles",10,,
,"Other","Passenger Vehicles",9,,
,,"Light Commercial Vehicles",0,,
,"Unknown","Passenger Vehicles",0,,
,,"Light Commercial Vehicles",0,,
"4555","Diesel","Passenger Vehicles",858,,
,,"Light Commercial Vehicles",980,,
,"Electric","Passenger Vehicles",0,,
,,"Light Commercial Vehicles",0,,
,"Petrol leaded","Passenger Vehicles",124,,
,,"Light Commercial Vehicles",24,,
,"Petrol unleaded","Passenger Vehicles",3551,,
,,"Light Commercial Vehicles",382,,
,"LPG/Other gases","Passenger Vehicles",3,,
,,"Light Commercial Vehicles",5,,
,"Dual fuel","Passenger Vehicles",40,,
,,"Light Commercial Vehicles",16,,
,"Other","Passenger Vehicles",24,,
,,"Light Commercial Vehicles",0,,
,"Unknown","Passenger Vehicles",0,,
,,"Light Commercial Vehicles",0,,
"4556","Diesel","Passenger Vehicles",4308,,
,,"Light Commercial Vehicles",4479,,
,"Electric","Passenger Vehicles",13,,
,,"Light Commercial Vehicles",0,,
,"Petrol leaded","Passenger Vehicles",391,,
,,"Light Commercial Vehicles",79,,
,"Petrol unleaded","Passenger Vehicles",23000,,
,,"Light Commercial Vehicles",1773,,
,"LPG/Other gases","Passenger Vehicles",13,,
,,"Light Commercial Vehicles",26,,
,"Dual fuel","Passenger Vehicles",145,,
,,"Light Commercial Vehicles",42,,
,"Other","Passenger Vehicles",186,,
,,"Light Commercial Vehicles",0,,
,"Unknown","Passenger Vehicles",0,,
,,"Light Commercial Vehicles",0,,
"4557","Diesel","Passenger Vehicles",1660,,
,,"Light Commercial Vehicles",1852,,
,"Electric","Passenger Vehicles",3,,
,,"Light Commercial Vehicles",0,,
,"Petrol leaded","Passenger Vehicles",134,,
,,"Light Commercial Vehicles",36,,
,"Petrol unleaded","Passenger Vehicles",9734,,
,,"Light Commercial Vehicles",769,,
,"LPG/Other gases","Passenger Vehicles",3,,
,,"Light Commercial Vehicles",11,,
,"Dual fuel","Passenger Vehicles",81,,
,,"Light Commercial Vehicles",28,,
,"Other","Passenger Vehicles",77,,
,,"Light Commercial Vehicles",0,,
,"Unknown","Passenger Vehicles",0,,
,,"Light Commercial Vehicles",0,,
"4558","Diesel","Passenger Vehicles",1777,,
,,"Light Commercial Vehicles",2404,,
,"Electric","Passenger Vehicles",3,,
,,"Light Commercial Vehicles",0,,
,"Petrol leaded","Passenger Vehicles",146,,
,,"Light Commercial Vehicles",38,,
,"Petrol unleaded","Passenger Vehicles",12347,,
,,"Light Commercial Vehicles",906,,
,"LPG/Other gases","Passenger Vehicles",6,,
,,"Light Commercial Vehicles",18,,
,"Dual fuel","Passenger Vehicles",83,,
,,"Light Commercial Vehicles",36,,
,"Other","Passenger Vehicles",112,,
,,"Light Commercial Vehicles",0,,
,"Unknown","Passenger Vehicles",3,,
,,"Light Commercial Vehicles",0,,
"4559","Diesel","Passenger Vehicles",744,,
,,"Light Commercial Vehicles",869,,
,"Electric","Passenger Vehicles",0,,
,,"Light Commercial Vehicles",0,,
,"Petrol leaded","Passenger Vehicles",95,,
,,"Light Commercial Vehicles",36,,
,"Petrol unleaded","Passenger Vehicles",3224,,
,,"Light Commercial Vehicles",373,,
,"LPG/Other gases","Passenger Vehicles",3,,
,,"Light Commercial Vehicles",3,,
,"Dual fuel","Passenger Vehicles",33,,
,,"Light Commercial Vehicles",23,,
,"Other","Passenger Vehicles",30,,
,,"Light Commercial Vehicles",0,,
,"Unknown","Passenger Vehicles",0,,
,,"Light Commercial Vehicles",0,,
"4560","Diesel","Passenger Vehicles",3139,,
,,"Light Commercial Vehicles",3871,,
,"Electric","Passenger Vehicles",3,,
,,"Light Commercial Vehicles",0,,
,"Petrol leaded","Passenger Vehicles",405,,
,,"Light Commercial Vehicles",130,,
,"Petrol unleaded","Passenger Vehicles",17294,,
,,"Light Commercial Vehicles",1731,,
,"LPG/Other gases","Passenger Vehicles",18,,
,,"Light Commercial Vehicles",19,,
,"Dual fuel","Passenger Vehicles",189,,
,,"Light Commercial Vehicles",83,,
,"Other","Passenger Vehicles",113,,
,,"Light Commercial Vehicles",0,,
,"Unknown","Passenger Vehicles",0,,
,,"Light Commercial Vehicles",0,,
"4561","Diesel","Passenger Vehicles",1034,,
,,"Light Commercial Vehicles",1404,,
,"Electric","Passenger Vehicles",3,,
,,"Light Commercial Vehicles",0,,
,"Petrol leaded","Passenger Vehicles",152,,
,,"Light Commercial Vehicles",46,,
,"Petrol unleaded","Passenger Vehicles",3836,,
,,"Light Commercial Vehicles",565,,
,"LPG/Other gases","Passenger Vehicles",4,,
,,"Light Commercial Vehicles",8,,
,"Dual fuel","Passenger Vehicles",50,,
,,"Light Commercial Vehicles",26,,
,"Other","Passenger Vehicles",15,,
,,"Light Commercial Vehicles",0,,
,"Unknown","Passenger Vehicles",0,,
,,"Light Commercial Vehicles",0,,
"4562","Diesel","Passenger Vehicles",1220,,
,,"Light Commercial Vehicles",1269,,
,"Electric","Passenger Vehicles",0,,
,,"Light Commercial Vehicles",0,,
,"Petrol leaded","Passenger Vehicles",134,,
,,"Light Commercial Vehicles",56,,
,"Petrol unleaded","Passenger Vehicles",4382,,
,,"Light Commercial Vehicles",469,,
,"LPG/Other gases","Passenger Vehicles",3,,
,,"Light Commercial Vehicles",9,,
,"Dual fuel","Passenger Vehicles",60,,
,,"Light Commercial Vehicles",37,,
,"Other","Passenger Vehicles",43,,
,,"Light Commercial Vehicles",0,,
,"Unknown","Passenger Vehicles",0,,
,,"Light Commercial Vehicles",0,,
"4563","Diesel","Passenger Vehicles",1149,,
,,"Light Commercial Vehicles",1284,,
,"Electric","Passenger Vehicles",3,,
,,"Light Commercial Vehicles",0,,
,"Petrol leaded","Passenger Vehicles",148,,
,,"Light Commercial Vehicles",52,,
,"Petrol unleaded","Passenger Vehicles",4637,,
,,"Light Commercial Vehicles",546,,
,"LPG/Other gases","Passenger Vehicles",5,,
,,"Light Commercial Vehicles",12,,
,"Dual fuel","Passenger Vehicles",50,,
,,"Light Commercial Vehicles",40,,
,"Other","Passenger Vehicles",27,,
,,"Light Commercial Vehicles",0,,
,"Unknown","Passenger Vehicles",0,,
,,"Light Commercial Vehicles",0,,
"4564","Diesel","Passenger Vehicles",1088,,
,,"Light Commercial Vehicles",1126,,
,"Electric","Passenger Vehicles",0,,
,,"Light Commercial Vehicles",0,,
,"Petrol leaded","Passenger Vehicles",89,,
,,"Light Commercial Vehicles",24,,
,"Petrol unleaded","Passenger Vehicles",5891,,
,,"Light Commercial Vehicles",472,,
,"LPG/Other gases","Passenger Vehicles",10,,
,,"Light Commercial Vehicles",5,,
,"Dual fuel","Passenger Vehicles",37,,
,,"Light Commercial Vehicles",16,,
,"Other","Passenger Vehicles",66,,
,,"Light Commercial Vehicles",0,,
,"Unknown","Passenger Vehicles",0,,
,,"Light Commercial Vehicles",0,,
"4565","Diesel","Passenger Vehicles",1424,,
,,"Light Commercial Vehicles",1625,,
,"Electric","Passenger Vehicles",0,,
,,"Light Commercial Vehicles",0,,
,"Petrol leaded","Passenger Vehicles",181,,
,,"Light Commercial Vehicles",58,,
,"Petrol unleaded","Passenger Vehicles",7483,,
,,"Light Commercial Vehicles",748,,
,"LPG/Other gases","Passenger Vehicles",11,,
,,"Light Commercial Vehicles",8,,
,"Dual fuel","Passenger Vehicles",83,,
,,"Light Commercial Vehicles",42,,
,"Other","Passenger Vehicles",49,,
,,"Light Commercial Vehicles",0,,
,"Unknown","Passenger Vehicles",0,,
,,"Light Commercial Vehicles",0,,
"4566","Diesel","Passenger Vehicles",1043,,
,,"Light Commercial Vehicles",865,,
,"Electric","Passenger Vehicles",3,,
,,"Light Commercial Vehicles",0,,
,"Petrol leaded","Passenger Vehicles",81,,
,,"Light Commercial Vehicles",22,,
,"Petrol unleaded","Passenger Vehicles",5282,,
,,"Light Commercial Vehicles",434,,
,"LPG/Other gases","Passenger Vehicles",4,,
,,"Light Commercial Vehicles",3,,
,"Dual fuel","Passenger Vehicles",38,,
,,"Light Commercial Vehicles",5,,
,"Other","Passenger Vehicles",48,,
,,"Light Commercial Vehicles",0,,
,"Unknown","Passenger Vehicles",0,,
,,"Light Commercial Vehicles",0,,
"4567","Diesel","Passenger Vehicles",1334,,
,,"Light Commercial Vehicles",898,,
,"Electric","Passenger Vehicles",13,,
,,"Light Commercial Vehicles",0,,
,"Petrol leaded","Passenger Vehicles",141,,
,,"Light Commercial Vehicles",36,,
,"Petrol unleaded","Passenger Vehicles",6321,,
,,"Light Commercial Vehicles",430,,
,"LPG/Other gases","Passenger Vehicles",3,,
,,"Light Commercial Vehicles",5,,
,"Dual fuel","Passenger Vehicles",38,,
,,"Light Commercial Vehicles",10,,
,"Other","Passenger Vehicles",79,,
,,"Light Commercial Vehicles",0,,
,"Unknown","Passenger Vehicles",0,,
,,"Light Commercial Vehicles",0,,
"4568","Diesel","Passenger Vehicles",446,,
,,"Light Commercial Vehicles",571,,
,"Electric","Passenger Vehicles",0,,
,,"Light Commercial Vehicles",0,,
,"Petrol leaded","Passenger Vehicles",87,,
,,"Light Commercial Vehicles",21,,
,"Petrol unleaded","Passenger Vehicles",1839,,
,,"Light Commercial Vehicles",241,,
,"LPG/Other gases","Passenger Vehicles",3,,
,,"Light Commercial Vehicles",0,,
,"Dual fuel","Passenger Vehicles",27,,
,,"Light Commercial Vehicles",13,,
,"Other","Passenger Vehicles",10,,
,,"Light Commercial Vehicles",0,,
,"Unknown","Passenger Vehicles",0,,
,,"Light Commercial Vehicles",0,,
"4569","Diesel","Passenger Vehicles",172,,
,,"Light Commercial Vehicles",251,,
,"Electric","Passenger Vehicles",0,,
,,"Light Commercial Vehicles",0,,
,"Petrol leaded","Passenger Vehicles",19,,
,,"Light Commercial Vehicles",8,,
,"Petrol unleaded","Passenger Vehicles",802,,
,,"Light Commercial Vehicles",99,,
,"LPG/Other gases","Passenger Vehicles",3,,
,,"Light Commercial Vehicles",0,,
,"Dual fuel","Passenger Vehicles",14,,
,,"Light Commercial Vehicles",9,,
,"Other","Passenger Vehicles",3,,
,,"Light Commercial Vehicles",0,,
,"Unknown","Passenger Vehicles",0,,
,,"Light Commercial Vehicles",0,,
"4570","Diesel","Passenger Vehicles",4521,,
,,"Light Commercial Vehicles",7616,,
,"Electric","Passenger Vehicles",3,,
,,"Light Commercial Vehicles",0,,
,"Petrol leaded","Passenger Vehicles",596,,
,,"Light Commercial Vehicles",234,,
,"Petrol unleaded","Passenger Vehicles",19976,,
,,"Light Commercial Vehicles",2935,,
,"LPG/Other gases","Passenger Vehicles",31,,
,,"Light Commercial Vehicles",35,,
,"Dual fuel","Passenger Vehicles",293,,
,,"Light Commercial Vehicles",165,,
,"Other","Passenger Vehicles",51,,
,,"Light Commercial Vehicles",0,,
,"Unknown","Passenger Vehicles",0,,
,,"Light Commercial Vehicles",0,,
"4571","Diesel","Passenger Vehicles",107,,
,,"Light Commercial Vehicles",162,,
,"Electric","Passenger Vehicles",0,,
,,"Light Commercial Vehicles",0,,
,"Petrol leaded","Passenger Vehicles",9,,
,,"Light Commercial Vehicles",5,,
,"Petrol unleaded","Passenger Vehicles",395,,
,,"Light Commercial Vehicles",68,,
,"LPG/Other gases","Passenger Vehicles",0,,
,,"Light Commercial Vehicles",0,,
,"Dual fuel","Passenger Vehicles",9,,
,,"Light Commercial Vehicles",5,,
,"Other","Passenger Vehicles",3,,
,,"Light Commercial Vehicles",0,,
,"Unknown","Passenger Vehicles",0,,
,,"Light Commercial Vehicles",0,,
"4572","Diesel","Passenger Vehicles",423,,
,,"Light Commercial Vehicles",408,,
,"Electric","Passenger Vehicles",0,,
,,"Light Commercial Vehicles",0,,
,"Petrol leaded","Passenger Vehicles",32,,
,,"Light Commercial Vehicles",14,,
,"Petrol unleaded","Passenger Vehicles",2056,,
,,"Light Commercial Vehicles",160,,
,"LPG/Other gases","Passenger Vehicles",0,,
,,"Light Commercial Vehicles",3,,
,"Dual fuel","Passenger Vehicles",16,,
,,"Light Commercial Vehicles",5,,
,"Other","Passenger Vehicles",18,,
,,"Light Commercial Vehicles",0,,
,"Unknown","Passenger Vehicles",0,,
,,"Light Commercial Vehicles",0,,
"4573","Diesel","Passenger Vehicles",2746,,
,,"Light Commercial Vehicles",2826,,
,"Electric","Passenger Vehicles",5,,
,,"Light Commercial Vehicles",0,,
,"Petrol leaded","Passenger Vehicles",196,,
,,"Light Commercial Vehicles",56,,
,"Petrol unleaded","Passenger Vehicles",14224,,
,,"Light Commercial Vehicles",1222,,
,"LPG/Other gases","Passenger Vehicles",10,,
,,"Light Commercial Vehicles",21,,
,"Dual fuel","Passenger Vehicles",110,,
,,"Light Commercial Vehicles",37,,
,"Other","Passenger Vehicles",124,,
,,"Light Commercial Vehicles",0,,
,"Unknown","Passenger Vehicles",0,,
,,"Light Commercial Vehicles",0,,
"4574","Diesel","Passenger Vehicles",162,,
,,"Light Commercial Vehicles",292,,
,"Electric","Passenger Vehicles",0,,
,,"Light Commercial Vehicles",0,,
,"Petrol leaded","Passenger Vehicles",19,,
,,"Light Commercial Vehicles",11,,
,"Petrol unleaded","Passenger Vehicles",613,,
,,"Light Commercial Vehicles",107,,
,"LPG/Other gases","Passenger Vehicles",0,,
,,"Light Commercial Vehicles",0,,
,"Dual fuel","Passenger Vehicles",13,,
,,"Light Commercial Vehicles",8,,
,"Other","Passenger Vehicles",3,,
,,"Light Commercial Vehicles",0,,
,"Unknown","Passenger Vehicles",0,,
,,"Light Commercial Vehicles",0,,
"4575","Diesel","Passenger Vehicles",2548,,
,,"Light Commercial Vehicles",2942,,
,"Electric","Passenger Vehicles",7,,
,,"Light Commercial Vehicles",0,,
,"Petrol leaded","Passenger Vehicles",224,,
,,"Light Commercial Vehicles",52,,
,"Petrol unleaded","Passenger Vehicles",13138,,
,,"Light Commercial Vehicles",1203,,
,"LPG/Other gases","Passenger Vehicles",12,,
,,"Light Commercial Vehicles",15,,
,"Dual fuel","Passenger Vehicles",91,,
,,"Light Commercial Vehicles",37,,
,"Other","Passenger Vehicles",105,,
,,"Light Commercial Vehicles",0,,
,"Unknown","Passenger Vehicles",0,,
,,"Light Commercial Vehicles",0,,
"4580","Diesel","Passenger Vehicles",582,,
,,"Light Commercial Vehicles",767,,
,"Electric","Passenger Vehicles",0,,
,,"Light Commercial Vehicles",0,,
,"Petrol leaded","Passenger Vehicles",43,,
,,"Light Commercial Vehicles",10,,
,"Petrol unleaded","Passenger Vehicles",2307,,
,,"Light Commercial Vehicles",304,,
,"LPG/Other gases","Passenger Vehicles",3,,
,,"Light Commercial Vehicles",3,,
,"Dual fuel","Passenger Vehicles",42,,
,,"Light Commercial Vehicles",18,,
,"Other","Passenger Vehicles",7,,
,,"Light Commercial Vehicles",0,,
,"Unknown","Passenger Vehicles",0,,
,,"Light Commercial Vehicles",0,,
"4581","Diesel","Passenger Vehicles",305,,
,,"Light Commercial Vehicles",260,,
,"Electric","Passenger Vehicles",0,,
,,"Light Commercial Vehicles",0,,
,"Petrol leaded","Passenger Vehicles",20,,
,,"Light Commercial Vehicles",10,,
,"Petrol unleaded","Passenger Vehicles",698,,
,,"Light Commercial Vehicles",68,,
,"LPG/Other gases","Passenger Vehicles",0,,
,,"Light Commercial Vehicles",0,,
,"Dual fuel","Passenger Vehicles",24,,
,,"Light Commercial Vehicles",3,,
,"Other","Passenger Vehicles",0,,
,,"Light Commercial Vehicles",0,,
,"Unknown","Passenger Vehicles",0,,
,,"Light Commercial Vehicles",0,,
"4600","Diesel","Passenger Vehicles",107,,
,,"Light Commercial Vehicles",227,,
,"Electric","Passenger Vehicles",0,,
,,"Light Commercial Vehicles",0,,
,"Petrol leaded","Passenger Vehicles",14,,
,,"Light Commercial Vehicles",8,,
,"Petrol unleaded","Passenger Vehicles",393,,
,,"Light Commercial Vehicles",82,,
,"LPG/Other gases","Passenger Vehicles",0,,
,,"Light Commercial Vehicles",0,,
,"Dual fuel","Passenger Vehicles",8,,
,,"Light Commercial Vehicles",0,,
,"Other","Passenger Vehicles",0,,
,,"Light Commercial Vehicles",0,,
,"Unknown","Passenger Vehicles",0,,
,,"Light Commercial Vehicles",0,,
"4601","Diesel","Passenger Vehicles",134,,
,,"Light Commercial Vehicles",298,,
,"Electric","Passenger Vehicles",0,,
,,"Light Commercial Vehicles",0,,
,"Petrol leaded","Passenger Vehicles",11,,
,,"Light Commercial Vehicles",7,,
,"Petrol unleaded","Passenger Vehicles",397,,
,,"Light Commercial Vehicles",92,,
,"LPG/Other gases","Passenger Vehicles",3,,
,,"Light Commercial Vehicles",0,,
,"Dual fuel","Passenger Vehicles",12,,
,,"Light Commercial Vehicles",3,,
,"Other","Passenger Vehicles",3,,
,,"Light Commercial Vehicles",0,,
,"Unknown","Passenger Vehicles",0,,
,,"Light Commercial Vehicles",0,,
"4605","Diesel","Passenger Vehicles",326,,
,,"Light Commercial Vehicles",694,,
,"Electric","Passenger Vehicles",0,,
,,"Light Commercial Vehicles",0,,
,"Petrol leaded","Passenger Vehicles",40,,
,,"Light Commercial Vehicles",21,,
,"Petrol unleaded","Passenger Vehicles",1584,,
,,"Light Commercial Vehicles",288,,
,"LPG/Other gases","Passenger Vehicles",0,,
,,"Light Commercial Vehicles",3,,
,"Dual fuel","Passenger Vehicles",13,,
,,"Light Commercial Vehicles",12,,
,"Other","Passenger Vehicles",6,,
,,"Light Commercial Vehicles",0,,
,"Unknown","Passenger Vehicles",0,,
,,"Light Commercial Vehicles",0,,
"4606","Diesel","Passenger Vehicles",255,,
,,"Light Commercial Vehicles",479,,
,"Electric","Passenger Vehicles",0,,
,,"Light Commercial Vehicles",0,,
,"Petrol leaded","Passenger Vehicles",22,,
,,"Light Commercial Vehicles",11,,
,"Petrol unleaded","Passenger Vehicles",1020,,
,,"Light Commercial Vehicles",161,,
,"LPG/Other gases","Passenger Vehicles",0,,
,,"Light Commercial Vehicles",0,,
,"Dual fuel","Passenger Vehicles",11,,
,,"Light Commercial Vehicles",3,,
,"Other","Passenger Vehicles",0,,
,,"Light Commercial Vehicles",0,,
,"Unknown","Passenger Vehicles",0,,
,,"Light Commercial Vehicles",0,,
"4608","Diesel","Passenger Vehicles",89,,
,,"Light Commercial Vehicles",239,,
,"Electric","Passenger Vehicles",0,,
,,"Light Commercial Vehicles",0,,
,"Petrol leaded","Passenger Vehicles",9,,
,,"Light Commercial Vehicles",9,,
,"Petrol unleaded","Passenger Vehicles",367,,
,,"Light Commercial Vehicles",78,,
,"LPG/Other gases","Passenger Vehicles",0,,
,,"Light Commercial Vehicles",3,,
,"Dual fuel","Passenger Vehicles",8,,
,,"Light Commercial Vehicles",3,,
,"Other","Passenger Vehicles",3,,
,,"Light Commercial Vehicles",0,,
,"Unknown","Passenger Vehicles",0,,
,,"Light Commercial Vehicles",0,,
"4610","Diesel","Passenger Vehicles",1334,,
,,"Light Commercial Vehicles",2821,,
,"Electric","Passenger Vehicles",0,,
,,"Light Commercial Vehicles",0,,
,"Petrol leaded","Passenger Vehicles",255,,
,,"Light Commercial Vehicles",112,,
,"Petrol unleaded","Passenger Vehicles",6145,,
,,"Light Commercial Vehicles",1038,,
,"LPG/Other gases","Passenger Vehicles",6,,
,,"Light Commercial Vehicles",6,,
,"Dual fuel","Passenger Vehicles",56,,
,,"Light Commercial Vehicles",41,,
,"Other","Passenger Vehicles",18,,
,,"Light Commercial Vehicles",0,,
,"Unknown","Passenger Vehicles",0,,
,,"Light Commercial Vehicles",0,,
"4611","Diesel","Passenger Vehicles",12,,
,,"Light Commercial Vehicles",36,,
,"Electric","Passenger Vehicles",0,,
,,"Light Commercial Vehicles",0,,
,"Petrol leaded","Passenger Vehicles",0,,
,,"Light Commercial Vehicles",3,,
,"Petrol unleaded","Passenger Vehicles",58,,
,,"Light Commercial Vehicles",9,,
,"LPG/Other gases","Passenger Vehicles",0,,
,,"Light Commercial Vehicles",0,,
,"Dual fuel","Passenger Vehicles",0,,
,,"Light Commercial Vehicles",3,,
,"Other","Passenger Vehicles",0,,
,,"Light Commercial Vehicles",0,,
,"Unknown","Passenger Vehicles",0,,
,,"Light Commercial Vehicles",0,,
"4612","Diesel","Passenger Vehicles",25,,
,,"Light Commercial Vehicles",83,,
,"Electric","Passenger Vehicles",0,,
,,"Light Commercial Vehicles",0,,
,"Petrol leaded","Passenger Vehicles",3,,
,,"Light Commercial Vehicles",3,,
,"Petrol unleaded","Passenger Vehicles",101,,
,,"Light Commercial Vehicles",23,,
,"LPG/Other gases","Passenger Vehicles",0,,
,,"Light Commercial Vehicles",0,,
,"Dual fuel","Passenger Vehicles",0,,
,,"Light Commercial Vehicles",0,,
,"Other","Passenger Vehicles",0,,
,,"Light Commercial Vehicles",0,,
,"Unknown","Passenger Vehicles",0,,
,,"Light Commercial Vehicles",0,,
"4613","Diesel","Passenger Vehicles",98,,
,,"Light Commercial Vehicles",211,,
,"Electric","Passenger Vehicles",0,,
,,"Light Commercial Vehicles",0,,
,"Petrol leaded","Passenger Vehicles",13,,
,,"Light Commercial Vehicles",6,,
,"Petrol unleaded","Passenger Vehicles",319,,
,,"Light Commercial Vehicles",79,,
,"LPG/Other gases","Passenger Vehicles",0,,
,,"Light Commercial Vehicles",0,,
,"Dual fuel","Passenger Vehicles",5,,
,,"Light Commercial Vehicles",4,,
,"Other","Passenger Vehicles",0,,
,,"Light Commercial Vehicles",0,,
,"Unknown","Passenger Vehicles",0,,
,,"Light Commercial Vehicles",0,,
"4614","Diesel","Passenger Vehicles",120,,
,,"Light Commercial Vehicles",214,,
,"Electric","Passenger Vehicles",0,,
,,"Light Commercial Vehicles",0,,
,"Petrol leaded","Passenger Vehicles",19,,
,,"Light Commercial Vehicles",4,,
,"Petrol unleaded","Passenger Vehicles",523,,
,,"Light Commercial Vehicles",87,,
,"LPG/Other gases","Passenger Vehicles",0,,
,,"Light Commercial Vehicles",0,,
,"Dual fuel","Passenger Vehicles",0,,
,,"Light Commercial Vehicles",6,,
,"Other","Passenger Vehicles",0,,
,,"Light Commercial Vehicles",0,,
,"Unknown","Passenger Vehicles",0,,
,,"Light Commercial Vehicles",0,,
"4615","Diesel","Passenger Vehicles",613,,
,,"Light Commercial Vehicles",1313,,
,"Electric","Passenger Vehicles",0,,
,,"Light Commercial Vehicles",0,,
,"Petrol leaded","Passenger Vehicles",113,,
,,"Light Commercial Vehicles",59,,
,"Petrol unleaded","Passenger Vehicles",3198,,
,,"Light Commercial Vehicles",598,,
,"LPG/Other gases","Passenger Vehicles",10,,
,,"Light Commercial Vehicles",8,,
,"Dual fuel","Passenger Vehicles",35,,
,,"Light Commercial Vehicles",24,,
,"Other","Passenger Vehicles",5,,
,,"Light Commercial Vehicles",0,,
,"Unknown","Passenger Vehicles",0,,
,,"Light Commercial Vehicles",0,,
"4620","Diesel","Passenger Vehicles",62,,
,,"Light Commercial Vehicles",137,,
,"Electric","Passenger Vehicles",0,,
,,"Light Commercial Vehicles",0,,
,"Petrol leaded","Passenger Vehicles",3,,
,,"Light Commercial Vehicles",3,,
,"Petrol unleaded","Passenger Vehicles",168,,
,,"Light Commercial Vehicles",41,,
,"LPG/Other gases","Passenger Vehicles",0,,
,,"Light Commercial Vehicles",0,,
,"Dual fuel","Passenger Vehicles",3,,
,,"Light Commercial Vehicles",3,,
,"Other","Passenger Vehicles",0,,
,,"Light Commercial Vehicles",0,,
,"Unknown","Passenger Vehicles",0,,
,,"Light Commercial Vehicles",0,,
"4621","Diesel","Passenger Vehicles",195,,
,,"Light Commercial Vehicles",406,,
,"Electric","Passenger Vehicles",0,,
,,"Light Commercial Vehicles",0,,
,"Petrol leaded","Passenger Vehicles",27,,
,,"Light Commercial Vehicles",16,,
,"Petrol unleaded","Passenger Vehicles",737,,
,,"Light Commercial Vehicles",143,,
,"LPG/Other gases","Passenger Vehicles",0,,
,,"Light Commercial Vehicles",3,,
,"Dual fuel","Passenger Vehicles",9,,
,,"Light Commercial Vehicles",4,,
,"Other","Passenger Vehicles",0,,
,,"Light Commercial Vehicles",0,,
,"Unknown","Passenger Vehicles",0,,
,,"Light Commercial Vehicles",0,,
"4625","Diesel","Passenger Vehicles",270,,
,,"Light Commercial Vehicles",722,,
,"Electric","Passenger Vehicles",0,,
,,"Light Commercial Vehicles",0,,
,"Petrol leaded","Passenger Vehicles",33,,
,,"Light Commercial Vehicles",31,,
,"Petrol unleaded","Passenger Vehicles",1062,,
,,"Light Commercial Vehicles",213,,
,"LPG/Other gases","Passenger Vehicles",0,,
,,"Light Commercial Vehicles",3,,
,"Dual fuel","Passenger Vehicles",7,,
,,"Light Commercial Vehicles",4,,
,"Other","Passenger Vehicles",0,,
,,"Light Commercial Vehicles",0,,
,"Unknown","Passenger Vehicles",0,,
,,"Light Commercial Vehicles",0,,
"4626","Diesel","Passenger Vehicles",268,,
,,"Light Commercial Vehicles",559,,
,"Electric","Passenger Vehicles",0,,
,,"Light Commercial Vehicles",0,,
,"Petrol leaded","Passenger Vehicles",16,,
,,"Light Commercial Vehicles",21,,
,"Petrol unleaded","Passenger Vehicles",722,,
,,"Light Commercial Vehicles",151,,
,"LPG/Other gases","Passenger Vehicles",0,,
,,"Light Commercial Vehicles",0,,
,"Dual fuel","Passenger Vehicles",5,,
,,"Light Commercial Vehicles",4,,
,"Other","Passenger Vehicles",3,,
,,"Light Commercial Vehicles",0,,
,"Unknown","Passenger Vehicles",0,,
,,"Light Commercial Vehicles",0,,
"4627","Diesel","Passenger Vehicles",127,,
,,"Light Commercial Vehicles",238,,
,"Electric","Passenger Vehicles",0,,
,,"Light Commercial Vehicles",0,,
,"Petrol leaded","Passenger Vehicles",5,,
,,"Light Commercial Vehicles",3,,
,"Petrol unleaded","Passenger Vehicles",205,,
,,"Light Commercial Vehicles",49,,
,"LPG/Other gases","Passenger Vehicles",0,,
,,"Light Commercial Vehicles",0,,
,"Dual fuel","Passenger Vehicles",0,,
,,"Light Commercial Vehicles",0,,
,"Other","Passenger Vehicles",3,,
,,"Light Commercial Vehicles",0,,
,"Unknown","Passenger Vehicles",0,,
,,"Light Commercial Vehicles",0,,
"4630","Diesel","Passenger Vehicles",329,,
,,"Light Commercial Vehicles",708,,
,"Electric","Passenger Vehicles",0,,
,,"Light Commercial Vehicles",0,,
,"Petrol leaded","Passenger Vehicles",34,,
,,"Light Commercial Vehicles",18,,
,"Petrol unleaded","Passenger Vehicles",741,,
,,"Light Commercial Vehicles",179,,
,"LPG/Other gases","Passenger Vehicles",0,,
,,"Light Commercial Vehicles",0,,
,"Dual fuel","Passenger Vehicles",3,,
,,"Light Commercial Vehicles",6,,
,"Other","Passenger Vehicles",3,,
,,"Light Commercial Vehicles",0,,
,"Unknown","Passenger Vehicles",0,,
,,"Light Commercial Vehicles",0,,
"4650","Diesel","Passenger Vehicles",2938,,
,,"Light Commercial Vehicles",4823,,
,"Electric","Passenger Vehicles",0,,
,,"Light Commercial Vehicles",0,,
,"Petrol leaded","Passenger Vehicles",508,,
,,"Light Commercial Vehicles",191,,
,"Petrol unleaded","Passenger Vehicles",15083,,
,,"Light Commercial Vehicles",1906,,
,"LPG/Other gases","Passenger Vehicles",15,,
,,"Light Commercial Vehicles",10,,
,"Dual fuel","Passenger Vehicles",141,,
,,"Light Commercial Vehicles",92,,
,"Other","Passenger Vehicles",36,,
,,"Light Commercial Vehicles",0,,
,"Unknown","Passenger Vehicles",0,,
,,"Light Commercial Vehicles",0,,
"4655","Diesel","Passenger Vehicles",5876,,
,,"Light Commercial Vehicles",7177,,
,"Electric","Passenger Vehicles",0,,
,,"Light Commercial Vehicles",3,,
,"Petrol leaded","Passenger Vehicles",614,,
,,"Light Commercial Vehicles",174,,
,"Petrol unleaded","Passenger Vehicles",29661,,
,,"Light Commercial Vehicles",2855,,
,"LPG/Other gases","Passenger Vehicles",28,,
,,"Light Commercial Vehicles",27,,
,"Dual fuel","Passenger Vehicles",265,,
,,"Light Commercial Vehicles",95,,
,"Other","Passenger Vehicles",130,,
,,"Light Commercial Vehicles",0,,
,"Unknown","Passenger Vehicles",0,,
,,"Light Commercial Vehicles",0,,
"4659","Diesel","Passenger Vehicles",538,,
,,"Light Commercial Vehicles",852,,
,"Electric","Passenger Vehicles",0,,
,,"Light Commercial Vehicles",0,,
,"Petrol leaded","Passenger Vehicles",74,,
,,"Light Commercial Vehicles",27,,
,"Petrol unleaded","Passenger Vehicles",2333,,
,,"Light Commercial Vehicles",347,,
,"LPG/Other gases","Passenger Vehicles",3,,
,,"Light Commercial Vehicles",4,,
,"Dual fuel","Passenger Vehicles",26,,
,,"Light Commercial Vehicles",17,,
,"Other","Passenger Vehicles",3,,
,,"Light Commercial Vehicles",0,,
,"Unknown","Passenger Vehicles",0,,
,,"Light Commercial Vehicles",0,,
"4660","Diesel","Passenger Vehicles",808,,
,,"Light Commercial Vehicles",1544,,
,"Electric","Passenger Vehicles",0,,
,,"Light Commercial Vehicles",0,,
,"Petrol leaded","Passenger Vehicles",96,,
,,"Light Commercial Vehicles",48,,
,"Petrol unleaded","Passenger Vehicles",3112,,
,,"Light Commercial Vehicles",581,,
,"LPG/Other gases","Passenger Vehicles",3,,
,,"Light Commercial Vehicles",3,,
,"Dual fuel","Passenger Vehicles",36,,
,,"Light Commercial Vehicles",26,,
,"Other","Passenger Vehicles",10,,
,,"Light Commercial Vehicles",0,,
,"Unknown","Passenger Vehicles",0,,
,,"Light Commercial Vehicles",0,,
"4662","Diesel","Passenger Vehicles",78,,
,,"Light Commercial Vehicles",131,,
,"Electric","Passenger Vehicles",0,,
,,"Light Commercial Vehicles",0,,
,"Petrol leaded","Passenger Vehicles",14,,
,,"Light Commercial Vehicles",9,,
,"Petrol unleaded","Passenger Vehicles",353,,
,,"Light Commercial Vehicles",70,,
,"LPG/Other gases","Passenger Vehicles",0,,
,,"Light Commercial Vehicles",0,,
,"Dual fuel","Passenger Vehicles",3,,
,,"Light Commercial Vehicles",3,,
,"Other","Passenger Vehicles",0,,
,,"Light Commercial Vehicles",0,,
,"Unknown","Passenger Vehicles",0,,
,,"Light Commercial Vehicles",0,,
"4670","Diesel","Passenger Vehicles",6874,,
,,"Light Commercial Vehicles",11633,,
,"Electric","Passenger Vehicles",3,,
,,"Light Commercial Vehicles",0,,
,"Petrol leaded","Passenger Vehicles",914,,
,,"Light Commercial Vehicles",309,,
,"Petrol unleaded","Passenger Vehicles",37022,,
,,"Light Commercial Vehicles",4147,,
,"LPG/Other gases","Passenger Vehicles",26,,
,,"Light Commercial Vehicles",26,,
,"Dual fuel","Passenger Vehicles",322,,
,,"Light Commercial Vehicles",143,,
,"Other","Passenger Vehicles",124,,
,,"Light Commercial Vehicles",0,,
,"Unknown","Passenger Vehicles",0,,
,,"Light Commercial Vehicles",0,,
"4671","Diesel","Passenger Vehicles",696,,
,,"Light Commercial Vehicles",1425,,
,"Electric","Passenger Vehicles",0,,
,,"Light Commercial Vehicles",0,,
,"Petrol leaded","Passenger Vehicles",63,,
,,"Light Commercial Vehicles",38,,
,"Petrol unleaded","Passenger Vehicles",2500,,
,,"Light Commercial Vehicles",500,,
,"LPG/Other gases","Passenger Vehicles",3,,
,,"Light Commercial Vehicles",5,,
,"Dual fuel","Passenger Vehicles",55,,
,,"Light Commercial Vehicles",18,,
,"Other","Passenger Vehicles",4,,
,,"Light Commercial Vehicles",0,,
,"Unknown","Passenger Vehicles",0,,
,,"Light Commercial Vehicles",0,,
"4673","Diesel","Passenger Vehicles",96,,
,,"Light Commercial Vehicles",152,,
,"Electric","Passenger Vehicles",0,,
,,"Light Commercial Vehicles",0,,
,"Petrol leaded","Passenger Vehicles",8,,
,,"Light Commercial Vehicles",4,,
,"Petrol unleaded","Passenger Vehicles",223,,
,,"Light Commercial Vehicles",53,,
,"LPG/Other gases","Passenger Vehicles",0,,
,,"Light Commercial Vehicles",0,,
,"Dual fuel","Passenger Vehicles",3,,
,,"Light Commercial Vehicles",3,,
,"Other","Passenger Vehicles",0,,
,,"Light Commercial Vehicles",0,,
,"Unknown","Passenger Vehicles",0,,
,,"Light Commercial Vehicles",0,,
"4674","Diesel","Passenger Vehicles",211,,
,,"Light Commercial Vehicles",401,,
,"Electric","Passenger Vehicles",0,,
,,"Light Commercial Vehicles",0,,
,"Petrol leaded","Passenger Vehicles",15,,
,,"Light Commercial Vehicles",6,,
,"Petrol unleaded","Passenger Vehicles",555,,
,,"Light Commercial Vehicles",153,,
,"LPG/Other gases","Passenger Vehicles",0,,
,,"Light Commercial Vehicles",0,,
,"Dual fuel","Passenger Vehicles",16,,
,,"Light Commercial Vehicles",3,,
,"Other","Passenger Vehicles",0,,
,,"Light Commercial Vehicles",0,,
,"Unknown","Passenger Vehicles",0,,
,,"Light Commercial Vehicles",0,,
"4676","Diesel","Passenger Vehicles",30,,
,,"Light Commercial Vehicles",60,,
,"Electric","Passenger Vehicles",0,,
,,"Light Commercial Vehicles",0,,
,"Petrol leaded","Passenger Vehicles",0,,
,,"Light Commercial Vehicles",0,,
,"Petrol unleaded","Passenger Vehicles",55,,
,,"Light Commercial Vehicles",17,,
,"LPG/Other gases","Passenger Vehicles",0,,
,,"Light Commercial Vehicles",3,,
,"Dual fuel","Passenger Vehicles",3,,
,,"Light Commercial Vehicles",0,,
,"Other","Passenger Vehicles",0,,
,,"Light Commercial Vehicles",0,,
,"Unknown","Passenger Vehicles",0,,
,,"Light Commercial Vehicles",0,,
"4677","Diesel","Passenger Vehicles",516,,
,,"Light Commercial Vehicles",789,,
,"Electric","Passenger Vehicles",0,,
,,"Light Commercial Vehicles",0,,
,"Petrol leaded","Passenger Vehicles",63,,
,,"Light Commercial Vehicles",20,,
,"Petrol unleaded","Passenger Vehicles",1449,,
,,"Light Commercial Vehicles",315,,
,"LPG/Other gases","Passenger Vehicles",3,,
,,"Light Commercial Vehicles",0,,
,"Dual fuel","Passenger Vehicles",28,,
,,"Light Commercial Vehicles",15,,
,"Other","Passenger Vehicles",3,,
,,"Light Commercial Vehicles",0,,
,"Unknown","Passenger Vehicles",0,,
,,"Light Commercial Vehicles",0,,
"4678","Diesel","Passenger Vehicles",126,,
,,"Light Commercial Vehicles",281,,
,"Electric","Passenger Vehicles",0,,
,,"Light Commercial Vehicles",0,,
,"Petrol leaded","Passenger Vehicles",8,,
,,"Light Commercial Vehicles",8,,
,"Petrol unleaded","Passenger Vehicles",310,,
,,"Light Commercial Vehicles",70,,
,"LPG/Other gases","Passenger Vehicles",0,,
,,"Light Commercial Vehicles",0,,
,"Dual fuel","Passenger Vehicles",3,,
,,"Light Commercial Vehicles",3,,
,"Other","Passenger Vehicles",0,,
,,"Light Commercial Vehicles",0,,
,"Unknown","Passenger Vehicles",0,,
,,"Light Commercial Vehicles",0,,
"4680","Diesel","Passenger Vehicles",5572,,
,,"Light Commercial Vehicles",9034,,
,"Electric","Passenger Vehicles",3,,
,,"Light Commercial Vehicles",0,,
,"Petrol leaded","Passenger Vehicles",544,,
,,"Light Commercial Vehicles",186,,
,"Petrol unleaded","Passenger Vehicles",21753,,
,,"Light Commercial Vehicles",3035,,
,"LPG/Other gases","Passenger Vehicles",7,,
,,"Light Commercial Vehicles",10,,
,"Dual fuel","Passenger Vehicles",140,,
,,"Light Commercial Vehicles",57,,
,"Other","Passenger Vehicles",138,,
,,"Light Commercial Vehicles",0,,
,"Unknown","Passenger Vehicles",0,,
,,"Light Commercial Vehicles",0,,
"4694","Diesel","Passenger Vehicles",23,,
,,"Light Commercial Vehicles",95,,
,"Electric","Passenger Vehicles",0,,
,,"Light Commercial Vehicles",0,,
,"Petrol leaded","Passenger Vehicles",3,,
,,"Light Commercial Vehicles",3,,
,"Petrol unleaded","Passenger Vehicles",55,,
,,"Light Commercial Vehicles",21,,
,"LPG/Other gases","Passenger Vehicles",0,,
,,"Light Commercial Vehicles",0,,
,"Dual fuel","Passenger Vehicles",0,,
,,"Light Commercial Vehicles",0,,
,"Other","Passenger Vehicles",0,,
,,"Light Commercial Vehicles",0,,
,"Unknown","Passenger Vehicles",0,,
,,"Light Commercial Vehicles",0,,
"4695","Diesel","Passenger Vehicles",136,,
,,"Light Commercial Vehicles",313,,
,"Electric","Passenger Vehicles",0,,
,,"Light Commercial Vehicles",0,,
,"Petrol leaded","Passenger Vehicles",12,,
,,"Light Commercial Vehicles",11,,
,"Petrol unleaded","Passenger Vehicles",365,,
,,"Light Commercial Vehicles",85,,
,"LPG/Other gases","Passenger Vehicles",3,,
,,"Light Commercial Vehicles",0,,
,"Dual fuel","Passenger Vehicles",3,,
,,"Light Commercial Vehicles",3,,
,"Other","Passenger Vehicles",0,,
,,"Light Commercial Vehicles",0,,
,"Unknown","Passenger Vehicles",0,,
,,"Light Commercial Vehicles",0,,
"4697","Diesel","Passenger Vehicles",26,,
,,"Light Commercial Vehicles",64,,
,"Electric","Passenger Vehicles",0,,
,,"Light Commercial Vehicles",0,,
,"Petrol leaded","Passenger Vehicles",0,,
,,"Light Commercial Vehicles",3,,
,"Petrol unleaded","Passenger Vehicles",66,,
,,"Light Commercial Vehicles",24,,
,"LPG/Other gases","Passenger Vehicles",0,,
,,"Light Commercial Vehicles",0,,
,"Dual fuel","Passenger Vehicles",3,,
,,"Light Commercial Vehicles",0,,
,"Other","Passenger Vehicles",0,,
,,"Light Commercial Vehicles",0,,
,"Unknown","Passenger Vehicles",0,,
,,"Light Commercial Vehicles",0,,
"4699","Diesel","Passenger Vehicles",73,,
,,"Light Commercial Vehicles",147,,
,"Electric","Passenger Vehicles",0,,
,,"Light Commercial Vehicles",0,,
,"Petrol leaded","Passenger Vehicles",6,,
,,"Light Commercial Vehicles",4,,
,"Petrol unleaded","Passenger Vehicles",126,,
,,"Light Commercial Vehicles",39,,
,"LPG/Other gases","Passenger Vehicles",0,,
,,"Light Commercial Vehicles",0,,
,"Dual fuel","Passenger Vehicles",0,,
,,"Light Commercial Vehicles",3,,
,"Other","Passenger Vehicles",0,,
,,"Light Commercial Vehicles",0,,
,"Unknown","Passenger Vehicles",0,,
,,"Light Commercial Vehicles",0,,
"4700","Diesel","Passenger Vehicles",1437,,
,,"Light Commercial Vehicles",2422,,
,"Electric","Passenger Vehicles",0,,
,,"Light Commercial Vehicles",0,,
,"Petrol leaded","Passenger Vehicles",168,,
,,"Light Commercial Vehicles",60,,
,"Petrol unleaded","Passenger Vehicles",7867,,
,,"Light Commercial Vehicles",1180,,
,"LPG/Other gases","Passenger Vehicles",0,,
,,"Light Commercial Vehicles",8,,
,"Dual fuel","Passenger Vehicles",45,,
,,"Light Commercial Vehicles",17,,
,"Other","Passenger Vehicles",81,,
,,"Light Commercial Vehicles",0,,
,"Unknown","Passenger Vehicles",0,,
,,"Light Commercial Vehicles",0,,
"4701","Diesel","Passenger Vehicles",3087,,
,,"Light Commercial Vehicles",5182,,
,"Electric","Passenger Vehicles",0,,
,,"Light Commercial Vehicles",0,,
,"Petrol leaded","Passenger Vehicles",395,,
,,"Light Commercial Vehicles",142,,
,"Petrol unleaded","Passenger Vehicles",18624,,
,,"Light Commercial Vehicles",2354,,
,"LPG/Other gases","Passenger Vehicles",3,,
,,"Light Commercial Vehicles",5,,
,"Dual fuel","Passenger Vehicles",102,,
,,"Light Commercial Vehicles",40,,
,"Other","Passenger Vehicles",134,,
,,"Light Commercial Vehicles",0,,
,"Unknown","Passenger Vehicles",0,,
,,"Light Commercial Vehicles",0,,
"4702","Diesel","Passenger Vehicles",3513,,
,,"Light Commercial Vehicles",6437,,
,"Electric","Passenger Vehicles",0,,
,,"Light Commercial Vehicles",0,,
,"Petrol leaded","Passenger Vehicles",280,,
,,"Light Commercial Vehicles",155,,
,"Petrol unleaded","Passenger Vehicles",10251,,
,,"Light Commercial Vehicles",1844,,
,"LPG/Other gases","Passenger Vehicles",3,,
,,"Light Commercial Vehicles",6,,
,"Dual fuel","Passenger Vehicles",82,,
,,"Light Commercial Vehicles",50,,
,"Other","Passenger Vehicles",34,,
,,"Light Commercial Vehicles",0,,
,"Unknown","Passenger Vehicles",0,,
,,"Light Commercial Vehicles",0,,
"4703","Diesel","Passenger Vehicles",2638,,
,,"Light Commercial Vehicles",4144,,
,"Electric","Passenger Vehicles",0,,
,,"Light Commercial Vehicles",0,,
,"Petrol leaded","Passenger Vehicles",201,,
,,"Light Commercial Vehicles",80,,
,"Petrol unleaded","Passenger Vehicles",9786,,
,,"Light Commercial Vehicles",1248,,
,"LPG/Other gases","Passenger Vehicles",3,,
,,"Light Commercial Vehicles",9,,
,"Dual fuel","Passenger Vehicles",62,,
,,"Light Commercial Vehicles",23,,
,"Other","Passenger Vehicles",74,,
,,"Light Commercial Vehicles",0,,
,"Unknown","Passenger Vehicles",0,,
,,"Light Commercial Vehicles",0,,
"4704","Diesel","Passenger Vehicles",26,,
,,"Light Commercial Vehicles",64,,
,"Electric","Passenger Vehicles",0,,
,,"Light Commercial Vehicles",0,,
,"Petrol leaded","Passenger Vehicles",4,,
,,"Light Commercial Vehicles",0,,
,"Petrol unleaded","Passenger Vehicles",61,,
,,"Light Commercial Vehicles",11,,
,"LPG/Other gases","Passenger Vehicles",0,,
,,"Light Commercial Vehicles",0,,
,"Dual fuel","Passenger Vehicles",0,,
,,"Light Commercial Vehicles",0,,
,"Other","Passenger Vehicles",3,,
,,"Light Commercial Vehicles",0,,
,"Unknown","Passenger Vehicles",0,,
,,"Light Commercial Vehicles",0,,
"4705","Diesel","Passenger Vehicles",80,,
,,"Light Commercial Vehicles",151,,
,"Electric","Passenger Vehicles",0,,
,,"Light Commercial Vehicles",0,,
,"Petrol leaded","Passenger Vehicles",0,,
,,"Light Commercial Vehicles",3,,
,"Petrol unleaded","Passenger Vehicles",81,,
,,"Light Commercial Vehicles",18,,
,"LPG/Other gases","Passenger Vehicles",0,,
,,"Light Commercial Vehicles",0,,
,"Dual fuel","Passenger Vehicles",0,,
,,"Light Commercial Vehicles",0,,
,"Other","Passenger Vehicles",0,,
,,"Light Commercial Vehicles",0,,
,"Unknown","Passenger Vehicles",0,,
,,"Light Commercial Vehicles",0,,
"4706","Diesel","Passenger Vehicles",11,,
,,"Light Commercial Vehicles",6,,
,"Electric","Passenger Vehicles",0,,
,,"Light Commercial Vehicles",0,,
,"Petrol leaded","Passenger Vehicles",0,,
,,"Light Commercial Vehicles",0,,
,"Petrol unleaded","Passenger Vehicles",19,,
,,"Light Commercial Vehicles",13,,
,"LPG/Other gases","Passenger Vehicles",0,,
,,"Light Commercial Vehicles",0,,
,"Dual fuel","Passenger Vehicles",3,,
,,"Light Commercial Vehicles",3,,
,"Other","Passenger Vehicles",0,,
,,"Light Commercial Vehicles",0,,
,"Unknown","Passenger Vehicles",0,,
,,"Light Commercial Vehicles",0,,
"4707","Diesel","Passenger Vehicles",49,,
,,"Light Commercial Vehicles",98,,
,"Electric","Passenger Vehicles",0,,
,,"Light Commercial Vehicles",0,,
,"Petrol leaded","Passenger Vehicles",0,,
,,"Light Commercial Vehicles",3,,
,"Petrol unleaded","Passenger Vehicles",75,,
,,"Light Commercial Vehicles",36,,
,"LPG/Other gases","Passenger Vehicles",0,,
,,"Light Commercial Vehicles",0,,
,"Dual fuel","Passenger Vehicles",0,,
,,"Light Commercial Vehicles",0,,
,"Other","Passenger Vehicles",0,,
,,"Light Commercial Vehicles",0,,
,"Unknown","Passenger Vehicles",0,,
,,"Light Commercial Vehicles",0,,
"4709","Diesel","Passenger Vehicles",130,,
,,"Light Commercial Vehicles",162,,
,"Electric","Passenger Vehicles",0,,
,,"Light Commercial Vehicles",0,,
,"Petrol leaded","Passenger Vehicles",3,,
,,"Light Commercial Vehicles",0,,
,"Petrol unleaded","Passenger Vehicles",221,,
,,"Light Commercial Vehicles",22,,
,"LPG/Other gases","Passenger Vehicles",0,,
,,"Light Commercial Vehicles",0,,
,"Dual fuel","Passenger Vehicles",3,,
,,"Light Commercial Vehicles",0,,
,"Other","Passenger Vehicles",3,,
,,"Light Commercial Vehicles",0,,
,"Unknown","Passenger Vehicles",0,,
,,"Light Commercial Vehicles",0,,
"4710","Diesel","Passenger Vehicles",438,,
,,"Light Commercial Vehicles",720,,
,"Electric","Passenger Vehicles",0,,
,,"Light Commercial Vehicles",0,,
,"Petrol leaded","Passenger Vehicles",35,,
,,"Light Commercial Vehicles",8,,
,"Petrol unleaded","Passenger Vehicles",2129,,
,,"Light Commercial Vehicles",240,,
,"LPG/Other gases","Passenger Vehicles",3,,
,,"Light Commercial Vehicles",0,,
,"Dual fuel","Passenger Vehicles",18,,
,,"Light Commercial Vehicles",4,,
,"Other","Passenger Vehicles",17,,
,,"Light Commercial Vehicles",0,,
,"Unknown","Passenger Vehicles",0,,
,,"Light Commercial Vehicles",0,,
"4711","Diesel","Passenger Vehicles",252,,
,,"Light Commercial Vehicles",361,,
,"Electric","Passenger Vehicles",0,,
,,"Light Commercial Vehicles",0,,
,"Petrol leaded","Passenger Vehicles",34,,
,,"Light Commercial Vehicles",8,,
,"Petrol unleaded","Passenger Vehicles",758,,
,,"Light Commercial Vehicles",132,,
,"LPG/Other gases","Passenger Vehicles",0,,
,,"Light Commercial Vehicles",0,,
,"Dual fuel","Passenger Vehicles",3,,
,,"Light Commercial Vehicles",3,,
,"Other","Passenger Vehicles",9,,
,,"Light Commercial Vehicles",0,,
,"Unknown","Passenger Vehicles",0,,
,,"Light Commercial Vehicles",0,,
"4712","Diesel","Passenger Vehicles",94,,
,,"Light Commercial Vehicles",138,,
,"Electric","Passenger Vehicles",0,,
,,"Light Commercial Vehicles",0,,
,"Petrol leaded","Passenger Vehicles",0,,
,,"Light Commercial Vehicles",0,,
,"Petrol unleaded","Passenger Vehicles",93,,
,,"Light Commercial Vehicles",35,,
,"LPG/Other gases","Passenger Vehicles",0,,
,,"Light Commercial Vehicles",0,,
,"Dual fuel","Passenger Vehicles",0,,
,,"Light Commercial Vehicles",0,,
,"Other","Passenger Vehicles",0,,
,,"Light Commercial Vehicles",0,,
,"Unknown","Passenger Vehicles",0,,
,,"Light Commercial Vehicles",0,,
"4713","Diesel","Passenger Vehicles",32,,
,,"Light Commercial Vehicles",30,,
,"Electric","Passenger Vehicles",0,,
,,"Light Commercial Vehicles",0,,
,"Petrol leaded","Passenger Vehicles",0,,
,,"Light Commercial Vehicles",0,,
,"Petrol unleaded","Passenger Vehicles",170,,
,,"Light Commercial Vehicles",18,,
,"LPG/Other gases","Passenger Vehicles",0,,
,,"Light Commercial Vehicles",0,,
,"Dual fuel","Passenger Vehicles",0,,
,,"Light Commercial Vehicles",0,,
,"Other","Passenger Vehicles",0,,
,,"Light Commercial Vehicles",0,,
,"Unknown","Passenger Vehicles",0,,
,,"Light Commercial Vehicles",0,,
"4714","Diesel","Passenger Vehicles",199,,
,,"Light Commercial Vehicles",365,,
,"Electric","Passenger Vehicles",0,,
,,"Light Commercial Vehicles",0,,
,"Petrol leaded","Passenger Vehicles",34,,
,,"Light Commercial Vehicles",24,,
,"Petrol unleaded","Passenger Vehicles",1249,,
,,"Light Commercial Vehicles",270,,
,"LPG/Other gases","Passenger Vehicles",0,,
,,"Light Commercial Vehicles",3,,
,"Dual fuel","Passenger Vehicles",12,,
,,"Light Commercial Vehicles",9,,
,"Other","Passenger Vehicles",5,,
,,"Light Commercial Vehicles",0,,
,"Unknown","Passenger Vehicles",0,,
,,"Light Commercial Vehicles",0,,
"4715","Diesel","Passenger Vehicles",946,,
,,"Light Commercial Vehicles",1593,,
,"Electric","Passenger Vehicles",0,,
,,"Light Commercial Vehicles",0,,
,"Petrol leaded","Passenger Vehicles",92,,
,,"Light Commercial Vehicles",63,,
,"Petrol unleaded","Passenger Vehicles",2566,,
,,"Light Commercial Vehicles",400,,
,"LPG/Other gases","Passenger Vehicles",0,,
,,"Light Commercial Vehicles",3,,
,"Dual fuel","Passenger Vehicles",23,,
,,"Light Commercial Vehicles",14,,
,"Other","Passenger Vehicles",14,,
,,"Light Commercial Vehicles",0,,
,"Unknown","Passenger Vehicles",0,,
,,"Light Commercial Vehicles",0,,
"4716","Diesel","Passenger Vehicles",159,,
,,"Light Commercial Vehicles",278,,
,"Electric","Passenger Vehicles",0,,
,,"Light Commercial Vehicles",0,,
,"Petrol leaded","Passenger Vehicles",17,,
,,"Light Commercial Vehicles",13,,
,"Petrol unleaded","Passenger Vehicles",251,,
,,"Light Commercial Vehicles",53,,
,"LPG/Other gases","Passenger Vehicles",0,,
,,"Light Commercial Vehicles",0,,
,"Dual fuel","Passenger Vehicles",0,,
,,"Light Commercial Vehicles",0,,
,"Other","Passenger Vehicles",3,,
,,"Light Commercial Vehicles",0,,
,"Unknown","Passenger Vehicles",0,,
,,"Light Commercial Vehicles",0,,
"4717","Diesel","Passenger Vehicles",707,,
,,"Light Commercial Vehicles",1075,,
,"Electric","Passenger Vehicles",0,,
,,"Light Commercial Vehicles",0,,
,"Petrol leaded","Passenger Vehicles",52,,
,,"Light Commercial Vehicles",22,,
,"Petrol unleaded","Passenger Vehicles",1458,,
,,"Light Commercial Vehicles",219,,
,"LPG/Other gases","Passenger Vehicles",3,,
,,"Light Commercial Vehicles",0,,
,"Dual fuel","Passenger Vehicles",7,,
,,"Light Commercial Vehicles",11,,
,"Other","Passenger Vehicles",3,,
,,"Light Commercial Vehicles",0,,
,"Unknown","Passenger Vehicles",0,,
,,"Light Commercial Vehicles",0,,
"4718","Diesel","Passenger Vehicles",414,,
,,"Light Commercial Vehicles",641,,
,"Electric","Passenger Vehicles",0,,
,,"Light Commercial Vehicles",0,,
,"Petrol leaded","Passenger Vehicles",20,,
,,"Light Commercial Vehicles",12,,
,"Petrol unleaded","Passenger Vehicles",612,,
,,"Light Commercial Vehicles",135,,
,"LPG/Other gases","Passenger Vehicles",0,,
,,"Light Commercial Vehicles",0,,
,"Dual fuel","Passenger Vehicles",0,,
,,"Light Commercial Vehicles",3,,
,"Other","Passenger Vehicles",0,,
,,"Light Commercial Vehicles",0,,
,"Unknown","Passenger Vehicles",0,,
,,"Light Commercial Vehicles",0,,
"4719","Diesel","Passenger Vehicles",223,,
,,"Light Commercial Vehicles",370,,
,"Electric","Passenger Vehicles",0,,
,,"Light Commercial Vehicles",0,,
,"Petrol leaded","Passenger Vehicles",6,,
,,"Light Commercial Vehicles",16,,
,"Petrol unleaded","Passenger Vehicles",317,,
,,"Light Commercial Vehicles",66,,
,"LPG/Other gases","Passenger Vehicles",0,,
,,"Light Commercial Vehicles",0,,
,"Dual fuel","Passenger Vehicles",3,,
,,"Light Commercial Vehicles",0,,
,"Other","Passenger Vehicles",0,,
,,"Light Commercial Vehicles",0,,
,"Unknown","Passenger Vehicles",0,,
,,"Light Commercial Vehicles",0,,
"4720","Diesel","Passenger Vehicles",2009,,
,,"Light Commercial Vehicles",3262,,
,"Electric","Passenger Vehicles",0,,
,,"Light Commercial Vehicles",0,,
,"Petrol leaded","Passenger Vehicles",170,,
,,"Light Commercial Vehicles",75,,
,"Petrol unleaded","Passenger Vehicles",5090,,
,,"Light Commercial Vehicles",935,,
,"LPG/Other gases","Passenger Vehicles",0,,
,,"Light Commercial Vehicles",3,,
,"Dual fuel","Passenger Vehicles",31,,
,,"Light Commercial Vehicles",20,,
,"Other","Passenger Vehicles",18,,
,,"Light Commercial Vehicles",0,,
,"Unknown","Passenger Vehicles",0,,
,,"Light Commercial Vehicles",0,,
"4721","Diesel","Passenger Vehicles",813,,
,,"Light Commercial Vehicles",1237,,
,"Electric","Passenger Vehicles",0,,
,,"Light Commercial Vehicles",0,,
,"Petrol leaded","Passenger Vehicles",42,,
,,"Light Commercial Vehicles",33,,
,"Petrol unleaded","Passenger Vehicles",988,,
,,"Light Commercial Vehicles",202,,
,"LPG/Other gases","Passenger Vehicles",0,,
,,"Light Commercial Vehicles",0,,
,"Dual fuel","Passenger Vehicles",3,,
,,"Light Commercial Vehicles",9,,
,"Other","Passenger Vehicles",3,,
,,"Light Commercial Vehicles",0,,
,"Unknown","Passenger Vehicles",0,,
,,"Light Commercial Vehicles",0,,
"4722","Diesel","Passenger Vehicles",485,,
,,"Light Commercial Vehicles",739,,
,"Electric","Passenger Vehicles",0,,
,,"Light Commercial Vehicles",0,,
,"Petrol leaded","Passenger Vehicles",19,,
,,"Light Commercial Vehicles",17,,
,"Petrol unleaded","Passenger Vehicles",425,,
,,"Light Commercial Vehicles",91,,
,"LPG/Other gases","Passenger Vehicles",0,,
,,"Light Commercial Vehicles",0,,
,"Dual fuel","Passenger Vehicles",0,,
,,"Light Commercial Vehicles",3,,
,"Other","Passenger Vehicles",0,,
,,"Light Commercial Vehicles",0,,
,"Unknown","Passenger Vehicles",0,,
,,"Light Commercial Vehicles",0,,
"4723","Diesel","Passenger Vehicles",287,,
,,"Light Commercial Vehicles",516,,
,"Electric","Passenger Vehicles",0,,
,,"Light Commercial Vehicles",0,,
,"Petrol leaded","Passenger Vehicles",8,,
,,"Light Commercial Vehicles",4,,
,"Petrol unleaded","Passenger Vehicles",366,,
,,"Light Commercial Vehicles",71,,
,"LPG/Other gases","Passenger Vehicles",0,,
,,"Light Commercial Vehicles",0,,
,"Dual fuel","Passenger Vehicles",0,,
,,"Light Commercial Vehicles",3,,
,"Other","Passenger Vehicles",0,,
,,"Light Commercial Vehicles",0,,
,"Unknown","Passenger Vehicles",0,,
,,"Light Commercial Vehicles",0,,
"4724","Diesel","Passenger Vehicles",185,,
,,"Light Commercial Vehicles",262,,
,"Electric","Passenger Vehicles",0,,
,,"Light Commercial Vehicles",0,,
,"Petrol leaded","Passenger Vehicles",0,,
,,"Light Commercial Vehicles",0,,
,"Petrol unleaded","Passenger Vehicles",145,,
,,"Light Commercial Vehicles",38,,
,"LPG/Other gases","Passenger Vehicles",0,,
,,"Light Commercial Vehicles",0,,
,"Dual fuel","Passenger Vehicles",0,,
,,"Light Commercial Vehicles",0,,
,"Other","Passenger Vehicles",0,,
,,"Light Commercial Vehicles",0,,
,"Unknown","Passenger Vehicles",0,,
,,"Light Commercial Vehicles",0,,
"4725","Diesel","Passenger Vehicles",233,,
,,"Light Commercial Vehicles",503,,
,"Electric","Passenger Vehicles",0,,
,,"Light Commercial Vehicles",0,,
,"Petrol leaded","Passenger Vehicles",8,,
,,"Light Commercial Vehicles",4,,
,"Petrol unleaded","Passenger Vehicles",473,,
,,"Light Commercial Vehicles",131,,
,"LPG/Other gases","Passenger Vehicles",0,,
,,"Light Commercial Vehicles",0,,
,"Dual fuel","Passenger Vehicles",3,,
,,"Light Commercial Vehicles",3,,
,"Other","Passenger Vehicles",0,,
,,"Light Commercial Vehicles",0,,
,"Unknown","Passenger Vehicles",0,,
,,"Light Commercial Vehicles",0,,
"4726","Diesel","Passenger Vehicles",93,,
,,"Light Commercial Vehicles",176,,
,"Electric","Passenger Vehicles",0,,
,,"Light Commercial Vehicles",0,,
,"Petrol leaded","Passenger Vehicles",3,,
,,"Light Commercial Vehicles",0,,
,"Petrol unleaded","Passenger Vehicles",90,,
,,"Light Commercial Vehicles",20,,
,"LPG/Other gases","Passenger Vehicles",0,,
,,"Light Commercial Vehicles",0,,
,"Dual fuel","Passenger Vehicles",0,,
,,"Light Commercial Vehicles",0,,
,"Other","Passenger Vehicles",0,,
,,"Light Commercial Vehicles",0,,
,"Unknown","Passenger Vehicles",0,,
,,"Light Commercial Vehicles",0,,
"4727","Diesel","Passenger Vehicles",54,,
,,"Light Commercial Vehicles",97,,
,"Electric","Passenger Vehicles",0,,
,,"Light Commercial Vehicles",0,,
,"Petrol leaded","Passenger Vehicles",0,,
,,"Light Commercial Vehicles",0,,
,"Petrol unleaded","Passenger Vehicles",72,,
,,"Light Commercial Vehicles",23,,
,"LPG/Other gases","Passenger Vehicles",0,,
,,"Light Commercial Vehicles",0,,
,"Dual fuel","Passenger Vehicles",0,,
,,"Light Commercial Vehicles",0,,
,"Other","Passenger Vehicles",0,,
,,"Light Commercial Vehicles",0,,
,"Unknown","Passenger Vehicles",0,,
,,"Light Commercial Vehicles",0,,
"4728","Diesel","Passenger Vehicles",58,,
,,"Light Commercial Vehicles",87,,
,"Electric","Passenger Vehicles",0,,
,,"Light Commercial Vehicles",0,,
,"Petrol leaded","Passenger Vehicles",0,,
,,"Light Commercial Vehicles",3,,
,"Petrol unleaded","Passenger Vehicles",72,,
,,"Light Commercial Vehicles",13,,
,"LPG/Other gases","Passenger Vehicles",0,,
,,"Light Commercial Vehicles",0,,
,"Dual fuel","Passenger Vehicles",3,,
,,"Light Commercial Vehicles",0,,
,"Other","Passenger Vehicles",0,,
,,"Light Commercial Vehicles",0,,
,"Unknown","Passenger Vehicles",0,,
,,"Light Commercial Vehicles",0,,
"4730","Diesel","Passenger Vehicles",511,,
,,"Light Commercial Vehicles",923,,
,"Electric","Passenger Vehicles",0,,
,,"Light Commercial Vehicles",0,,
,"Petrol leaded","Passenger Vehicles",21,,
,,"Light Commercial Vehicles",27,,
,"Petrol unleaded","Passenger Vehicles",988,,
,,"Light Commercial Vehicles",237,,
,"LPG/Other gases","Passenger Vehicles",3,,
,,"Light Commercial Vehicles",0,,
,"Dual fuel","Passenger Vehicles",5,,
,,"Light Commercial Vehicles",4,,
,"Other","Passenger Vehicles",0,,
,,"Light Commercial Vehicles",0,,
,"Unknown","Passenger Vehicles",0,,
,,"Light Commercial Vehicles",0,,
"4731","Diesel","Passenger Vehicles",43,,
,,"Light Commercial Vehicles",80,,
,"Electric","Passenger Vehicles",0,,
,,"Light Commercial Vehicles",0,,
,"Petrol leaded","Passenger Vehicles",0,,
,,"Light Commercial Vehicles",0,,
,"Petrol unleaded","Passenger Vehicles",41,,
,,"Light Commercial Vehicles",20,,
,"LPG/Other gases","Passenger Vehicles",0,,
,,"Light Commercial Vehicles",0,,
,"Dual fuel","Passenger Vehicles",3,,
,,"Light Commercial Vehicles",0,,
,"Other","Passenger Vehicles",0,,
,,"Light Commercial Vehicles",0,,
,"Unknown","Passenger Vehicles",0,,
,,"Light Commercial Vehicles",0,,
"4732","Diesel","Passenger Vehicles",30,,
,,"Light Commercial Vehicles",71,,
,"Electric","Passenger Vehicles",0,,
,,"Light Commercial Vehicles",0,,
,"Petrol leaded","Passenger Vehicles",0,,
,,"Light Commercial Vehicles",0,,
,"Petrol unleaded","Passenger Vehicles",25,,
,,"Light Commercial Vehicles",12,,
,"LPG/Other gases","Passenger Vehicles",0,,
,,"Light Commercial Vehicles",0,,
,"Dual fuel","Passenger Vehicles",0,,
,,"Light Commercial Vehicles",0,,
,"Other","Passenger Vehicles",0,,
,,"Light Commercial Vehicles",0,,
,"Unknown","Passenger Vehicles",0,,
,,"Light Commercial Vehicles",0,,
"4733","Diesel","Passenger Vehicles",12,,
,,"Light Commercial Vehicles",15,,
,"Electric","Passenger Vehicles",0,,
,,"Light Commercial Vehicles",0,,
,"Petrol leaded","Passenger Vehicles",0,,
,,"Light Commercial Vehicles",0,,
,"Petrol unleaded","Passenger Vehicles",5,,
,,"Light Commercial Vehicles",0,,
,"LPG/Other gases","Passenger Vehicles",0,,
,,"Light Commercial Vehicles",0,,
,"Dual fuel","Passenger Vehicles",0,,
,,"Light Commercial Vehicles",0,,
,"Other","Passenger Vehicles",0,,
,,"Light Commercial Vehicles",0,,
,"Unknown","Passenger Vehicles",0,,
,,"Light Commercial Vehicles",0,,
"4735","Diesel","Passenger Vehicles",182,,
,,"Light Commercial Vehicles",454,,
,"Electric","Passenger Vehicles",0,,
,,"Light Commercial Vehicles",0,,
,"Petrol leaded","Passenger Vehicles",3,,
,,"Light Commercial Vehicles",13,,
,"Petrol unleaded","Passenger Vehicles",311,,
,,"Light Commercial Vehicles",93,,
,"LPG/Other gases","Passenger Vehicles",0,,
,,"Light Commercial Vehicles",0,,
,"Dual fuel","Passenger Vehicles",3,,
,,"Light Commercial Vehicles",0,,
,"Other","Passenger Vehicles",3,,
,,"Light Commercial Vehicles",0,,
,"Unknown","Passenger Vehicles",0,,
,,"Light Commercial Vehicles",0,,
"4736","Diesel","Passenger Vehicles",34,,
,,"Light Commercial Vehicles",78,,
,"Electric","Passenger Vehicles",0,,
,,"Light Commercial Vehicles",0,,
,"Petrol leaded","Passenger Vehicles",0,,
,,"Light Commercial Vehicles",3,,
,"Petrol unleaded","Passenger Vehicles",34,,
,,"Light Commercial Vehicles",11,,
,"LPG/Other gases","Passenger Vehicles",0,,
,,"Light Commercial Vehicles",0,,
,"Dual fuel","Passenger Vehicles",0,,
,,"Light Commercial Vehicles",0,,
,"Other","Passenger Vehicles",0,,
,,"Light Commercial Vehicles",0,,
,"Unknown","Passenger Vehicles",0,,
,,"Light Commercial Vehicles",0,,
"4737","Diesel","Passenger Vehicles",963,,
,,"Light Commercial Vehicles",2037,,
,"Electric","Passenger Vehicles",0,,
,,"Light Commercial Vehicles",0,,
,"Petrol leaded","Passenger Vehicles",70,,
,,"Light Commercial Vehicles",38,,
,"Petrol unleaded","Passenger Vehicles",2999,,
,,"Light Commercial Vehicles",492,,
,"LPG/Other gases","Passenger Vehicles",0,,
,,"Light Commercial Vehicles",0,,
,"Dual fuel","Passenger Vehicles",20,,
,,"Light Commercial Vehicles",18,,
,"Other","Passenger Vehicles",7,,
,,"Light Commercial Vehicles",0,,
,"Unknown","Passenger Vehicles",0,,
,,"Light Commercial Vehicles",0,,
"4738","Diesel","Passenger Vehicles",205,,
,,"Light Commercial Vehicles",413,,
,"Electric","Passenger Vehicles",0,,
,,"Light Commercial Vehicles",0,,
,"Petrol leaded","Passenger Vehicles",12,,
,,"Light Commercial Vehicles",10,,
,"Petrol unleaded","Passenger Vehicles",367,,
,,"Light Commercial Vehicles",55,,
,"LPG/Other gases","Passenger Vehicles",0,,
,,"Light Commercial Vehicles",0,,
,"Dual fuel","Passenger Vehicles",0,,
,,"Light Commercial Vehicles",3,,
,"Other","Passenger Vehicles",0,,
,,"Light Commercial Vehicles",0,,
,"Unknown","Passenger Vehicles",0,,
,,"Light Commercial Vehicles",0,,
"4739","Diesel","Passenger Vehicles",49,,
,,"Light Commercial Vehicles",127,,
,"Electric","Passenger Vehicles",0,,
,,"Light Commercial Vehicles",0,,
,"Petrol leaded","Passenger Vehicles",0,,
,,"Light Commercial Vehicles",0,,
,"Petrol unleaded","Passenger Vehicles",134,,
,,"Light Commercial Vehicles",21,,
,"LPG/Other gases","Passenger Vehicles",0,,
,,"Light Commercial Vehicles",0,,
,"Dual fuel","Passenger Vehicles",3,,
,,"Light Commercial Vehicles",0,,
,"Other","Passenger Vehicles",0,,
,,"Light Commercial Vehicles",0,,
,"Unknown","Passenger Vehicles",0,,
,,"Light Commercial Vehicles",0,,
"4740","Diesel","Passenger Vehicles",7535,,
,,"Light Commercial Vehicles",15591,,
,"Electric","Passenger Vehicles",3,,
,,"Light Commercial Vehicles",0,,
,"Petrol leaded","Passenger Vehicles",725,,
,,"Light Commercial Vehicles",277,,
,"Petrol unleaded","Passenger Vehicles",35630,,
,,"Light Commercial Vehicles",5326,,
,"LPG/Other gases","Passenger Vehicles",21,,
,,"Light Commercial Vehicles",17,,
,"Dual fuel","Passenger Vehicles",174,,
,,"Light Commercial Vehicles",96,,
,"Other","Passenger Vehicles",166,,
,,"Light Commercial Vehicles",0,,
,"Unknown","Passenger Vehicles",0,,
,,"Light Commercial Vehicles",0,,
"4741","Diesel","Passenger Vehicles",892,,
,,"Light Commercial Vehicles",1852,,
,"Electric","Passenger Vehicles",0,,
,,"Light Commercial Vehicles",0,,
,"Petrol leaded","Passenger Vehicles",106,,
,,"Light Commercial Vehicles",45,,
,"Petrol unleaded","Passenger Vehicles",2393,,
,,"Light Commercial Vehicles",528,,
,"LPG/Other gases","Passenger Vehicles",0,,
,,"Light Commercial Vehicles",0,,
,"Dual fuel","Passenger Vehicles",16,,
,,"Light Commercial Vehicles",14,,
,"Other","Passenger Vehicles",10,,
,,"Light Commercial Vehicles",0,,
,"Unknown","Passenger Vehicles",0,,
,,"Light Commercial Vehicles",0,,
"4742","Diesel","Passenger Vehicles",256,,
,,"Light Commercial Vehicles",460,,
,"Electric","Passenger Vehicles",0,,
,,"Light Commercial Vehicles",0,,
,"Petrol leaded","Passenger Vehicles",11,,
,,"Light Commercial Vehicles",3,,
,"Petrol unleaded","Passenger Vehicles",255,,
,,"Light Commercial Vehicles",62,,
,"LPG/Other gases","Passenger Vehicles",0,,
,,"Light Commercial Vehicles",3,,
,"Dual fuel","Passenger Vehicles",3,,
,,"Light Commercial Vehicles",0,,
,"Other","Passenger Vehicles",0,,
,,"Light Commercial Vehicles",0,,
,"Unknown","Passenger Vehicles",0,,
,,"Light Commercial Vehicles",0,,
"4743","Diesel","Passenger Vehicles",93,,
,,"Light Commercial Vehicles",143,,
,"Electric","Passenger Vehicles",0,,
,,"Light Commercial Vehicles",0,,
,"Petrol leaded","Passenger Vehicles",3,,
,,"Light Commercial Vehicles",0,,
,"Petrol unleaded","Passenger Vehicles",141,,
,,"Light Commercial Vehicles",22,,
,"LPG/Other gases","Passenger Vehicles",0,,
,,"Light Commercial Vehicles",0,,
,"Dual fuel","Passenger Vehicles",0,,
,,"Light Commercial Vehicles",3,,
,"Other","Passenger Vehicles",0,,
,,"Light Commercial Vehicles",0,,
,"Unknown","Passenger Vehicles",0,,
,,"Light Commercial Vehicles",0,,
"4744","Diesel","Passenger Vehicles",1274,,
,,"Light Commercial Vehicles",1862,,
,"Electric","Passenger Vehicles",0,,
,,"Light Commercial Vehicles",0,,
,"Petrol leaded","Passenger Vehicles",77,,
,,"Light Commercial Vehicles",32,,
,"Petrol unleaded","Passenger Vehicles",2821,,
,,"Light Commercial Vehicles",457,,
,"LPG/Other gases","Passenger Vehicles",0,,
,,"Light Commercial Vehicles",0,,
,"Dual fuel","Passenger Vehicles",20,,
,,"Light Commercial Vehicles",3,,
,"Other","Passenger Vehicles",5,,
,,"Light Commercial Vehicles",0,,
,"Unknown","Passenger Vehicles",0,,
,,"Light Commercial Vehicles",0,,
"4745","Diesel","Passenger Vehicles",373,,
,,"Light Commercial Vehicles",565,,
,"Electric","Passenger Vehicles",0,,
,,"Light Commercial Vehicles",0,,
,"Petrol leaded","Passenger Vehicles",20,,
,,"Light Commercial Vehicles",8,,
,"Petrol unleaded","Passenger Vehicles",774,,
,,"Light Commercial Vehicles",103,,
,"LPG/Other gases","Passenger Vehicles",0,,
,,"Light Commercial Vehicles",0,,
,"Dual fuel","Passenger Vehicles",3,,
,,"Light Commercial Vehicles",3,,
,"Other","Passenger Vehicles",0,,
,,"Light Commercial Vehicles",0,,
,"Unknown","Passenger Vehicles",0,,
,,"Light Commercial Vehicles",0,,
"4746","Diesel","Passenger Vehicles",325,,
,,"Light Commercial Vehicles",376,,
,"Electric","Passenger Vehicles",0,,
,,"Light Commercial Vehicles",0,,
,"Petrol leaded","Passenger Vehicles",3,,
,,"Light Commercial Vehicles",10,,
,"Petrol unleaded","Passenger Vehicles",449,,
,,"Light Commercial Vehicles",73,,
,"LPG/Other gases","Passenger Vehicles",0,,
,,"Light Commercial Vehicles",0,,
,"Dual fuel","Passenger Vehicles",0,,
,,"Light Commercial Vehicles",3,,
,"Other","Passenger Vehicles",3,,
,,"Light Commercial Vehicles",0,,
,"Unknown","Passenger Vehicles",0,,
,,"Light Commercial Vehicles",0,,
"4750","Diesel","Passenger Vehicles",521,,
,,"Light Commercial Vehicles",812,,
,"Electric","Passenger Vehicles",0,,
,,"Light Commercial Vehicles",0,,
,"Petrol leaded","Passenger Vehicles",41,,
,,"Light Commercial Vehicles",18,,
,"Petrol unleaded","Passenger Vehicles",2427,,
,,"Light Commercial Vehicles",306,,
,"LPG/Other gases","Passenger Vehicles",0,,
,,"Light Commercial Vehicles",0,,
,"Dual fuel","Passenger Vehicles",12,,
,,"Light Commercial Vehicles",8,,
,"Other","Passenger Vehicles",13,,
,,"Light Commercial Vehicles",0,,
,"Unknown","Passenger Vehicles",0,,
,,"Light Commercial Vehicles",0,,
"4751","Diesel","Passenger Vehicles",462,,
,,"Light Commercial Vehicles",1020,,
,"Electric","Passenger Vehicles",0,,
,,"Light Commercial Vehicles",0,,
,"Petrol leaded","Passenger Vehicles",60,,
,,"Light Commercial Vehicles",21,,
,"Petrol unleaded","Passenger Vehicles",1827,,
,,"Light Commercial Vehicles",302,,
,"LPG/Other gases","Passenger Vehicles",3,,
,,"Light Commercial Vehicles",3,,
,"Dual fuel","Passenger Vehicles",12,,
,,"Light Commercial Vehicles",5,,
,"Other","Passenger Vehicles",3,,
,,"Light Commercial Vehicles",0,,
,"Unknown","Passenger Vehicles",0,,
,,"Light Commercial Vehicles",0,,
"4753","Diesel","Passenger Vehicles",521,,
,,"Light Commercial Vehicles",948,,
,"Electric","Passenger Vehicles",0,,
,,"Light Commercial Vehicles",0,,
,"Petrol leaded","Passenger Vehicles",48,,
,,"Light Commercial Vehicles",25,,
,"Petrol unleaded","Passenger Vehicles",1515,,
,,"Light Commercial Vehicles",248,,
,"LPG/Other gases","Passenger Vehicles",0,,
,,"Light Commercial Vehicles",0,,
,"Dual fuel","Passenger Vehicles",6,,
,,"Light Commercial Vehicles",4,,
,"Other","Passenger Vehicles",4,,
,,"Light Commercial Vehicles",0,,
,"Unknown","Passenger Vehicles",0,,
,,"Light Commercial Vehicles",0,,
"4754","Diesel","Passenger Vehicles",249,,
,,"Light Commercial Vehicles",578,,
,"Electric","Passenger Vehicles",0,,
,,"Light Commercial Vehicles",0,,
,"Petrol leaded","Passenger Vehicles",25,,
,,"Light Commercial Vehicles",13,,
,"Petrol unleaded","Passenger Vehicles",813,,
,,"Light Commercial Vehicles",145,,
,"LPG/Other gases","Passenger Vehicles",3,,
,,"Light Commercial Vehicles",0,,
,"Dual fuel","Passenger Vehicles",10,,
,,"Light Commercial Vehicles",0,,
,"Other","Passenger Vehicles",3,,
,,"Light Commercial Vehicles",0,,
,"Unknown","Passenger Vehicles",0,,
,,"Light Commercial Vehicles",0,,
"4756","Diesel","Passenger Vehicles",71,,
,,"Light Commercial Vehicles",173,,
,"Electric","Passenger Vehicles",0,,
,,"Light Commercial Vehicles",0,,
,"Petrol leaded","Passenger Vehicles",7,,
,,"Light Commercial Vehicles",3,,
,"Petrol unleaded","Passenger Vehicles",270,,
,,"Light Commercial Vehicles",51,,
,"LPG/Other gases","Passenger Vehicles",0,,
,,"Light Commercial Vehicles",0,,
,"Dual fuel","Passenger Vehicles",9,,
,,"Light Commercial Vehicles",3,,
,"Other","Passenger Vehicles",0,,
,,"Light Commercial Vehicles",0,,
,"Unknown","Passenger Vehicles",0,,
,,"Light Commercial Vehicles",0,,
"4757","Diesel","Passenger Vehicles",46,,
,,"Light Commercial Vehicles",101,,
,"Electric","Passenger Vehicles",0,,
,,"Light Commercial Vehicles",0,,
,"Petrol leaded","Passenger Vehicles",0,,
,,"Light Commercial Vehicles",3,,
,"Petrol unleaded","Passenger Vehicles",135,,
,,"Light Commercial Vehicles",24,,
,"LPG/Other gases","Passenger Vehicles",0,,
,,"Light Commercial Vehicles",0,,
,"Dual fuel","Passenger Vehicles",3,,
,,"Light Commercial Vehicles",0,,
,"Other","Passenger Vehicles",0,,
,,"Light Commercial Vehicles",0,,
,"Unknown","Passenger Vehicles",0,,
,,"Light Commercial Vehicles",0,,
"4798","Diesel","Passenger Vehicles",103,,
,,"Light Commercial Vehicles",235,,
,"Electric","Passenger Vehicles",0,,
,,"Light Commercial Vehicles",0,,
,"Petrol leaded","Passenger Vehicles",7,,
,,"Light Commercial Vehicles",3,,
,"Petrol unleaded","Passenger Vehicles",266,,
,,"Light Commercial Vehicles",63,,
,"LPG/Other gases","Passenger Vehicles",0,,
,,"Light Commercial Vehicles",0,,
,"Dual fuel","Passenger Vehicles",5,,
,,"Light Commercial Vehicles",0,,
,"Other","Passenger Vehicles",0,,
,,"Light Commercial Vehicles",0,,
,"Unknown","Passenger Vehicles",0,,
,,"Light Commercial Vehicles",0,,
"4799","Diesel","Passenger Vehicles",136,,
,,"Light Commercial Vehicles",334,,
,"Electric","Passenger Vehicles",0,,
,,"Light Commercial Vehicles",0,,
,"Petrol leaded","Passenger Vehicles",17,,
,,"Light Commercial Vehicles",4,,
,"Petrol unleaded","Passenger Vehicles",407,,
,,"Light Commercial Vehicles",78,,
,"LPG/Other gases","Passenger Vehicles",0,,
,,"Light Commercial Vehicles",0,,
,"Dual fuel","Passenger Vehicles",6,,
,,"Light Commercial Vehicles",4,,
,"Other","Passenger Vehicles",3,,
,,"Light Commercial Vehicles",0,,
,"Unknown","Passenger Vehicles",0,,
,,"Light Commercial Vehicles",0,,
"4800","Diesel","Passenger Vehicles",1079,,
,,"Light Commercial Vehicles",2535,,
,"Electric","Passenger Vehicles",0,,
,,"Light Commercial Vehicles",0,,
,"Petrol leaded","Passenger Vehicles",119,,
,,"Light Commercial Vehicles",59,,
,"Petrol unleaded","Passenger Vehicles",3602,,
,,"Light Commercial Vehicles",692,,
,"LPG/Other gases","Passenger Vehicles",0,,
,,"Light Commercial Vehicles",0,,
,"Dual fuel","Passenger Vehicles",27,,
,,"Light Commercial Vehicles",19,,
,"Other","Passenger Vehicles",26,,
,,"Light Commercial Vehicles",0,,
,"Unknown","Passenger Vehicles",0,,
,,"Light Commercial Vehicles",0,,
"4801","Diesel","Passenger Vehicles",0,,
,,"Light Commercial Vehicles",10,,
,"Electric","Passenger Vehicles",0,,
,,"Light Commercial Vehicles",0,,
,"Petrol leaded","Passenger Vehicles",3,,
,,"Light Commercial Vehicles",0,,
,"Petrol unleaded","Passenger Vehicles",4,,
,,"Light Commercial Vehicles",5,,
,"LPG/Other gases","Passenger Vehicles",0,,
,,"Light Commercial Vehicles",0,,
,"Dual fuel","Passenger Vehicles",0,,
,,"Light Commercial Vehicles",0,,
,"Other","Passenger Vehicles",0,,
,,"Light Commercial Vehicles",0,,
,"Unknown","Passenger Vehicles",0,,
,,"Light Commercial Vehicles",0,,
"4802","Diesel","Passenger Vehicles",823,,
,,"Light Commercial Vehicles",1592,,
,"Electric","Passenger Vehicles",0,,
,,"Light Commercial Vehicles",0,,
,"Petrol leaded","Passenger Vehicles",93,,
,,"Light Commercial Vehicles",39,,
,"Petrol unleaded","Passenger Vehicles",4589,,
,,"Light Commercial Vehicles",756,,
,"LPG/Other gases","Passenger Vehicles",3,,
,,"Light Commercial Vehicles",4,,
,"Dual fuel","Passenger Vehicles",37,,
,,"Light Commercial Vehicles",19,,
,"Other","Passenger Vehicles",20,,
,,"Light Commercial Vehicles",0,,
,"Unknown","Passenger Vehicles",0,,
,,"Light Commercial Vehicles",0,,
"4803","Diesel","Passenger Vehicles",41,,
,,"Light Commercial Vehicles",37,,
,"Electric","Passenger Vehicles",0,,
,,"Light Commercial Vehicles",0,,
,"Petrol leaded","Passenger Vehicles",3,,
,,"Light Commercial Vehicles",0,,
,"Petrol unleaded","Passenger Vehicles",159,,
,,"Light Commercial Vehicles",116,,
,"LPG/Other gases","Passenger Vehicles",0,,
,,"Light Commercial Vehicles",0,,
,"Dual fuel","Passenger Vehicles",0,,
,,"Light Commercial Vehicles",3,,
,"Other","Passenger Vehicles",0,,
,,"Light Commercial Vehicles",0,,
,"Unknown","Passenger Vehicles",0,,
,,"Light Commercial Vehicles",0,,
"4804","Diesel","Passenger Vehicles",301,,
,,"Light Commercial Vehicles",546,,
,"Electric","Passenger Vehicles",0,,
,,"Light Commercial Vehicles",0,,
,"Petrol leaded","Passenger Vehicles",7,,
,,"Light Commercial Vehicles",12,,
,"Petrol unleaded","Passenger Vehicles",573,,
,,"Light Commercial Vehicles",100,,
,"LPG/Other gases","Passenger Vehicles",0,,
,,"Light Commercial Vehicles",0,,
,"Dual fuel","Passenger Vehicles",6,,
,,"Light Commercial Vehicles",0,,
,"Other","Passenger Vehicles",0,,
,,"Light Commercial Vehicles",0,,
,"Unknown","Passenger Vehicles",0,,
,,"Light Commercial Vehicles",0,,
"4805","Diesel","Passenger Vehicles",1004,,
,,"Light Commercial Vehicles",2240,,
,"Electric","Passenger Vehicles",0,,
,,"Light Commercial Vehicles",0,,
,"Petrol leaded","Passenger Vehicles",70,,
,,"Light Commercial Vehicles",32,,
,"Petrol unleaded","Passenger Vehicles",4314,,
,,"Light Commercial Vehicles",804,,
,"LPG/Other gases","Passenger Vehicles",0,,
,,"Light Commercial Vehicles",3,,
,"Dual fuel","Passenger Vehicles",28,,
,,"Light Commercial Vehicles",9,,
,"Other","Passenger Vehicles",4,,
,,"Light Commercial Vehicles",0,,
,"Unknown","Passenger Vehicles",0,,
,,"Light Commercial Vehicles",0,,
"4806","Diesel","Passenger Vehicles",353,,
,,"Light Commercial Vehicles",1133,,
,"Electric","Passenger Vehicles",0,,
,,"Light Commercial Vehicles",0,,
,"Petrol leaded","Passenger Vehicles",45,,
,,"Light Commercial Vehicles",27,,
,"Petrol unleaded","Passenger Vehicles",1528,,
,,"Light Commercial Vehicles",240,,
,"LPG/Other gases","Passenger Vehicles",3,,
,,"Light Commercial Vehicles",3,,
,"Dual fuel","Passenger Vehicles",12,,
,,"Light Commercial Vehicles",6,,
,"Other","Passenger Vehicles",9,,
,,"Light Commercial Vehicles",0,,
,"Unknown","Passenger Vehicles",0,,
,,"Light Commercial Vehicles",0,,
"4807","Diesel","Passenger Vehicles",942,,
,,"Light Commercial Vehicles",2874,,
,"Electric","Passenger Vehicles",0,,
,,"Light Commercial Vehicles",0,,
,"Petrol leaded","Passenger Vehicles",102,,
,,"Light Commercial Vehicles",52,,
,"Petrol unleaded","Passenger Vehicles",4274,,
,,"Light Commercial Vehicles",791,,
,"LPG/Other gases","Passenger Vehicles",3,,
,,"Light Commercial Vehicles",0,,
,"Dual fuel","Passenger Vehicles",22,,
,,"Light Commercial Vehicles",17,,
,"Other","Passenger Vehicles",32,,
,,"Light Commercial Vehicles",0,,
,"Unknown","Passenger Vehicles",0,,
,,"Light Commercial Vehicles",0,,
"4808","Diesel","Passenger Vehicles",120,,
,,"Light Commercial Vehicles",321,,
,"Electric","Passenger Vehicles",0,,
,,"Light Commercial Vehicles",0,,
,"Petrol leaded","Passenger Vehicles",14,,
,,"Light Commercial Vehicles",4,,
,"Petrol unleaded","Passenger Vehicles",441,,
,,"Light Commercial Vehicles",73,,
,"LPG/Other gases","Passenger Vehicles",0,,
,,"Light Commercial Vehicles",0,,
,"Dual fuel","Passenger Vehicles",0,,
,,"Light Commercial Vehicles",3,,
,"Other","Passenger Vehicles",0,,
,,"Light Commercial Vehicles",0,,
,"Unknown","Passenger Vehicles",0,,
,,"Light Commercial Vehicles",0,,
"4809","Diesel","Passenger Vehicles",139,,
,,"Light Commercial Vehicles",389,,
,"Electric","Passenger Vehicles",0,,
,,"Light Commercial Vehicles",0,,
,"Petrol leaded","Passenger Vehicles",8,,
,,"Light Commercial Vehicles",7,,
,"Petrol unleaded","Passenger Vehicles",356,,
,,"Light Commercial Vehicles",119,,
,"LPG/Other gases","Passenger Vehicles",0,,
,,"Light Commercial Vehicles",0,,
,"Dual fuel","Passenger Vehicles",3,,
,,"Light Commercial Vehicles",3,,
,"Other","Passenger Vehicles",0,,
,,"Light Commercial Vehicles",0,,
,"Unknown","Passenger Vehicles",0,,
,,"Light Commercial Vehicles",0,,
"4810","Diesel","Passenger Vehicles",1889,,
,,"Light Commercial Vehicles",2655,,
,"Electric","Passenger Vehicles",6,,
,,"Light Commercial Vehicles",3,,
,"Petrol leaded","Passenger Vehicles",202,,
,,"Light Commercial Vehicles",57,,
,"Petrol unleaded","Passenger Vehicles",10596,,
,,"Light Commercial Vehicles",1177,,
,"LPG/Other gases","Passenger Vehicles",3,,
,,"Light Commercial Vehicles",5,,
,"Dual fuel","Passenger Vehicles",59,,
,,"Light Commercial Vehicles",25,,
,"Other","Passenger Vehicles",80,,
,,"Light Commercial Vehicles",0,,
,"Unknown","Passenger Vehicles",0,,
,,"Light Commercial Vehicles",0,,
"4811","Diesel","Passenger Vehicles",970,,
,,"Light Commercial Vehicles",1842,,
,"Electric","Passenger Vehicles",3,,
,,"Light Commercial Vehicles",0,,
,"Petrol leaded","Passenger Vehicles",94,,
,,"Light Commercial Vehicles",29,,
,"Petrol unleaded","Passenger Vehicles",5447,,
,,"Light Commercial Vehicles",667,,
,"LPG/Other gases","Passenger Vehicles",0,,
,,"Light Commercial Vehicles",0,,
,"Dual fuel","Passenger Vehicles",33,,
,,"Light Commercial Vehicles",13,,
,"Other","Passenger Vehicles",39,,
,,"Light Commercial Vehicles",0,,
,"Unknown","Passenger Vehicles",0,,
,,"Light Commercial Vehicles",0,,
"4812","Diesel","Passenger Vehicles",1230,,
,,"Light Commercial Vehicles",2120,,
,"Electric","Passenger Vehicles",0,,
,,"Light Commercial Vehicles",0,,
,"Petrol leaded","Passenger Vehicles",143,,
,,"Light Commercial Vehicles",57,,
,"Petrol unleaded","Passenger Vehicles",8534,,
,,"Light Commercial Vehicles",1049,,
,"LPG/Other gases","Passenger Vehicles",5,,
,,"Light Commercial Vehicles",4,,
,"Dual fuel","Passenger Vehicles",64,,
,,"Light Commercial Vehicles",24,,
,"Other","Passenger Vehicles",57,,
,,"Light Commercial Vehicles",0,,
,"Unknown","Passenger Vehicles",0,,
,,"Light Commercial Vehicles",0,,
"4813","Diesel","Passenger Vehicles",35,,
,,"Light Commercial Vehicles",86,,
,"Electric","Passenger Vehicles",0,,
,,"Light Commercial Vehicles",0,,
,"Petrol leaded","Passenger Vehicles",4,,
,,"Light Commercial Vehicles",0,,
,"Petrol unleaded","Passenger Vehicles",325,,
,,"Light Commercial Vehicles",32,,
,"LPG/Other gases","Passenger Vehicles",0,,
,,"Light Commercial Vehicles",0,,
,"Dual fuel","Passenger Vehicles",0,,
,,"Light Commercial Vehicles",0,,
,"Other","Passenger Vehicles",0,,
,,"Light Commercial Vehicles",0,,
,"Unknown","Passenger Vehicles",0,,
,,"Light Commercial Vehicles",0,,
"4814","Diesel","Passenger Vehicles",3143,,
,,"Light Commercial Vehicles",6494,,
,"Electric","Passenger Vehicles",6,,
,,"Light Commercial Vehicles",0,,
,"Petrol leaded","Passenger Vehicles",293,,
,,"Light Commercial Vehicles",97,,
,"Petrol unleaded","Passenger Vehicles",20020,,
,,"Light Commercial Vehicles",2331,,
,"LPG/Other gases","Passenger Vehicles",3,,
,,"Light Commercial Vehicles",6,,
,"Dual fuel","Passenger Vehicles",100,,
,,"Light Commercial Vehicles",49,,
,"Other","Passenger Vehicles",196,,
,,"Light Commercial Vehicles",0,,
,"Unknown","Passenger Vehicles",0,,
,,"Light Commercial Vehicles",0,,
"4815","Diesel","Passenger Vehicles",1424,,
,,"Light Commercial Vehicles",2537,,
,"Electric","Passenger Vehicles",0,,
,,"Light Commercial Vehicles",0,,
,"Petrol leaded","Passenger Vehicles",159,,
,,"Light Commercial Vehicles",48,,
,"Petrol unleaded","Passenger Vehicles",8424,,
,,"Light Commercial Vehicles",1094,,
,"LPG/Other gases","Passenger Vehicles",3,,
,,"Light Commercial Vehicles",0,,
,"Dual fuel","Passenger Vehicles",62,,
,,"Light Commercial Vehicles",23,,
,"Other","Passenger Vehicles",38,,
,,"Light Commercial Vehicles",0,,
,"Unknown","Passenger Vehicles",0,,
,,"Light Commercial Vehicles",0,,
"4816","Diesel","Passenger Vehicles",1019,,
,,"Light Commercial Vehicles",2104,,
,"Electric","Passenger Vehicles",0,,
,,"Light Commercial Vehicles",0,,
,"Petrol leaded","Passenger Vehicles",69,,
,,"Light Commercial Vehicles",42,,
,"Petrol unleaded","Passenger Vehicles",2672,,
,,"Light Commercial Vehicles",633,,
,"LPG/Other gases","Passenger Vehicles",3,,
,,"Light Commercial Vehicles",3,,
,"Dual fuel","Passenger Vehicles",32,,
,,"Light Commercial Vehicles",17,,
,"Other","Passenger Vehicles",17,,
,,"Light Commercial Vehicles",0,,
,"Unknown","Passenger Vehicles",0,,
,,"Light Commercial Vehicles",0,,
"4817","Diesel","Passenger Vehicles",2244,,
,,"Light Commercial Vehicles",4004,,
,"Electric","Passenger Vehicles",0,,
,,"Light Commercial Vehicles",0,,
,"Petrol leaded","Passenger Vehicles",214,,
,,"Light Commercial Vehicles",60,,
,"Petrol unleaded","Passenger Vehicles",13385,,
,,"Light Commercial Vehicles",1484,,
,"LPG/Other gases","Passenger Vehicles",5,,
,,"Light Commercial Vehicles",3,,
,"Dual fuel","Passenger Vehicles",80,,
,,"Light Commercial Vehicles",20,,
,"Other","Passenger Vehicles",86,,
,,"Light Commercial Vehicles",0,,
,"Unknown","Passenger Vehicles",0,,
,,"Light Commercial Vehicles",0,,
"4818","Diesel","Passenger Vehicles",2703,,
,,"Light Commercial Vehicles",5162,,
,"Electric","Passenger Vehicles",0,,
,,"Light Commercial Vehicles",0,,
,"Petrol leaded","Passenger Vehicles",279,,
,,"Light Commercial Vehicles",85,,
,"Petrol unleaded","Passenger Vehicles",12016,,
,,"Light Commercial Vehicles",1540,,
,"LPG/Other gases","Passenger Vehicles",3,,
,,"Light Commercial Vehicles",3,,
,"Dual fuel","Passenger Vehicles",70,,
,,"Light Commercial Vehicles",33,,
,"Other","Passenger Vehicles",44,,
,,"Light Commercial Vehicles",0,,
,"Unknown","Passenger Vehicles",0,,
,,"Light Commercial Vehicles",0,,
"4819","Diesel","Passenger Vehicles",230,,
,,"Light Commercial Vehicles",328,,
,"Electric","Passenger Vehicles",0,,
,,"Light Commercial Vehicles",0,,
,"Petrol leaded","Passenger Vehicles",58,,
,,"Light Commercial Vehicles",22,,
,"Petrol unleaded","Passenger Vehicles",1600,,
,,"Light Commercial Vehicles",282,,
,"LPG/Other gases","Passenger Vehicles",0,,
,,"Light Commercial Vehicles",0,,
,"Dual fuel","Passenger Vehicles",15,,
,,"Light Commercial Vehicles",8,,
,"Other","Passenger Vehicles",5,,
,,"Light Commercial Vehicles",0,,
,"Unknown","Passenger Vehicles",0,,
,,"Light Commercial Vehicles",0,,
"4820","Diesel","Passenger Vehicles",1162,,
,,"Light Commercial Vehicles",2480,,
,"Electric","Passenger Vehicles",0,,
,,"Light Commercial Vehicles",0,,
,"Petrol leaded","Passenger Vehicles",95,,
,,"Light Commercial Vehicles",86,,
,"Petrol unleaded","Passenger Vehicles",3321,,
,,"Light Commercial Vehicles",599,,
,"LPG/Other gases","Passenger Vehicles",3,,
,,"Light Commercial Vehicles",0,,
,"Dual fuel","Passenger Vehicles",21,,
,,"Light Commercial Vehicles",17,,
,"Other","Passenger Vehicles",9,,
,,"Light Commercial Vehicles",0,,
,"Unknown","Passenger Vehicles",0,,
,,"Light Commercial Vehicles",0,,
"4821","Diesel","Passenger Vehicles",246,,
,,"Light Commercial Vehicles",526,,
,"Electric","Passenger Vehicles",0,,
,,"Light Commercial Vehicles",0,,
,"Petrol leaded","Passenger Vehicles",17,,
,,"Light Commercial Vehicles",6,,
,"Petrol unleaded","Passenger Vehicles",389,,
,,"Light Commercial Vehicles",82,,
,"LPG/Other gases","Passenger Vehicles",0,,
,,"Light Commercial Vehicles",0,,
,"Dual fuel","Passenger Vehicles",3,,
,,"Light Commercial Vehicles",3,,
,"Other","Passenger Vehicles",3,,
,,"Light Commercial Vehicles",0,,
,"Unknown","Passenger Vehicles",0,,
,,"Light Commercial Vehicles",0,,
"4822","Diesel","Passenger Vehicles",169,,
,,"Light Commercial Vehicles",335,,
,"Electric","Passenger Vehicles",0,,
,,"Light Commercial Vehicles",0,,
,"Petrol leaded","Passenger Vehicles",9,,
,,"Light Commercial Vehicles",3,,
,"Petrol unleaded","Passenger Vehicles",184,,
,,"Light Commercial Vehicles",47,,
,"LPG/Other gases","Passenger Vehicles",0,,
,,"Light Commercial Vehicles",0,,
,"Dual fuel","Passenger Vehicles",3,,
,,"Light Commercial Vehicles",0,,
,"Other","Passenger Vehicles",0,,
,,"Light Commercial Vehicles",0,,
,"Unknown","Passenger Vehicles",0,,
,,"Light Commercial Vehicles",0,,
"4823","Diesel","Passenger Vehicles",211,,
,,"Light Commercial Vehicles",369,,
,"Electric","Passenger Vehicles",0,,
,,"Light Commercial Vehicles",0,,
,"Petrol leaded","Passenger Vehicles",4,,
,,"Light Commercial Vehicles",5,,
,"Petrol unleaded","Passenger Vehicles",136,,
,,"Light Commercial Vehicles",42,,
,"LPG/Other gases","Passenger Vehicles",0,,
,,"Light Commercial Vehicles",0,,
,"Dual fuel","Passenger Vehicles",3,,
,,"Light Commercial Vehicles",0,,
,"Other","Passenger Vehicles",0,,
,,"Light Commercial Vehicles",0,,
,"Unknown","Passenger Vehicles",0,,
,,"Light Commercial Vehicles",0,,
"4824","Diesel","Passenger Vehicles",551,,
,,"Light Commercial Vehicles",861,,
,"Electric","Passenger Vehicles",0,,
,,"Light Commercial Vehicles",0,,
,"Petrol leaded","Passenger Vehicles",23,,
,,"Light Commercial Vehicles",13,,
,"Petrol unleaded","Passenger Vehicles",716,,
,,"Light Commercial Vehicles",148,,
,"LPG/Other gases","Passenger Vehicles",0,,
,,"Light Commercial Vehicles",0,,
,"Dual fuel","Passenger Vehicles",3,,
,,"Light Commercial Vehicles",0,,
,"Other","Passenger Vehicles",0,,
,,"Light Commercial Vehicles",0,,
,"Unknown","Passenger Vehicles",0,,
,,"Light Commercial Vehicles",0,,
"4825","Diesel","Passenger Vehicles",2232,,
,,"Light Commercial Vehicles",3975,,
,"Electric","Passenger Vehicles",0,,
,,"Light Commercial Vehicles",0,,
,"Petrol leaded","Passenger Vehicles",143,,
,,"Light Commercial Vehicles",75,,
,"Petrol unleaded","Passenger Vehicles",6042,,
,,"Light Commercial Vehicles",991,,
,"LPG/Other gases","Passenger Vehicles",0,,
,,"Light Commercial Vehicles",3,,
,"Dual fuel","Passenger Vehicles",45,,
,,"Light Commercial Vehicles",17,,
,"Other","Passenger Vehicles",31,,
,,"Light Commercial Vehicles",0,,
,"Unknown","Passenger Vehicles",0,,
,,"Light Commercial Vehicles",0,,
"4828","Diesel","Passenger Vehicles",43,,
,,"Light Commercial Vehicles",54,,
,"Electric","Passenger Vehicles",0,,
,,"Light Commercial Vehicles",0,,
,"Petrol leaded","Passenger Vehicles",0,,
,,"Light Commercial Vehicles",0,,
,"Petrol unleaded","Passenger Vehicles",47,,
,,"Light Commercial Vehicles",10,,
,"LPG/Other gases","Passenger Vehicles",0,,
,,"Light Commercial Vehicles",0,,
,"Dual fuel","Passenger Vehicles",0,,
,,"Light Commercial Vehicles",0,,
,"Other","Passenger Vehicles",0,,
,,"Light Commercial Vehicles",0,,
,"Unknown","Passenger Vehicles",0,,
,,"Light Commercial Vehicles",0,,
"4829","Diesel","Passenger Vehicles",93,,
,,"Light Commercial Vehicles",182,,
,"Electric","Passenger Vehicles",0,,
,,"Light Commercial Vehicles",0,,
,"Petrol leaded","Passenger Vehicles",6,,
,,"Light Commercial Vehicles",3,,
,"Petrol unleaded","Passenger Vehicles",84,,
,,"Light Commercial Vehicles",18,,
,"LPG/Other gases","Passenger Vehicles",0,,
,,"Light Commercial Vehicles",3,,
,"Dual fuel","Passenger Vehicles",0,,
,,"Light Commercial Vehicles",0,,
,"Other","Passenger Vehicles",0,,
,,"Light Commercial Vehicles",0,,
,"Unknown","Passenger Vehicles",0,,
,,"Light Commercial Vehicles",0,,
"4830","Diesel","Passenger Vehicles",109,,
,,"Light Commercial Vehicles",153,,
,"Electric","Passenger Vehicles",0,,
,,"Light Commercial Vehicles",0,,
,"Petrol leaded","Passenger Vehicles",0,,
,,"Light Commercial Vehicles",0,,
,"Petrol unleaded","Passenger Vehicles",189,,
,,"Light Commercial Vehicles",26,,
,"LPG/Other gases","Passenger Vehicles",0,,
,,"Light Commercial Vehicles",0,,
,"Dual fuel","Passenger Vehicles",0,,
,,"Light Commercial Vehicles",3,,
,"Other","Passenger Vehicles",0,,
,,"Light Commercial Vehicles",0,,
,"Unknown","Passenger Vehicles",0,,
,,"Light Commercial Vehicles",0,,
"4849","Diesel","Passenger Vehicles",183,,
,,"Light Commercial Vehicles",300,,
,"Electric","Passenger Vehicles",0,,
,,"Light Commercial Vehicles",0,,
,"Petrol leaded","Passenger Vehicles",11,,
,,"Light Commercial Vehicles",4,,
,"Petrol unleaded","Passenger Vehicles",575,,
,,"Light Commercial Vehicles",92,,
,"LPG/Other gases","Passenger Vehicles",0,,
,,"Light Commercial Vehicles",0,,
,"Dual fuel","Passenger Vehicles",3,,
,,"Light Commercial Vehicles",3,,
,"Other","Passenger Vehicles",0,,
,,"Light Commercial Vehicles",0,,
,"Unknown","Passenger Vehicles",0,,
,,"Light Commercial Vehicles",0,,
"4850","Diesel","Passenger Vehicles",998,,
,,"Light Commercial Vehicles",2924,,
,"Electric","Passenger Vehicles",0,,
,,"Light Commercial Vehicles",0,,
,"Petrol leaded","Passenger Vehicles",138,,
,,"Light Commercial Vehicles",96,,
,"Petrol unleaded","Passenger Vehicles",4465,,
,,"Light Commercial Vehicles",799,,
,"LPG/Other gases","Passenger Vehicles",3,,
,,"Light Commercial Vehicles",0,,
,"Dual fuel","Passenger Vehicles",30,,
,,"Light Commercial Vehicles",15,,
,"Other","Passenger Vehicles",14,,
,,"Light Commercial Vehicles",0,,
,"Unknown","Passenger Vehicles",0,,
,,"Light Commercial Vehicles",0,,
"4852","Diesel","Passenger Vehicles",466,,
,,"Light Commercial Vehicles",638,,
,"Electric","Passenger Vehicles",0,,
,,"Light Commercial Vehicles",0,,
,"Petrol leaded","Passenger Vehicles",13,,
,,"Light Commercial Vehicles",8,,
,"Petrol unleaded","Passenger Vehicles",1599,,
,,"Light Commercial Vehicles",229,,
,"LPG/Other gases","Passenger Vehicles",0,,
,,"Light Commercial Vehicles",3,,
,"Dual fuel","Passenger Vehicles",12,,
,,"Light Commercial Vehicles",3,,
,"Other","Passenger Vehicles",6,,
,,"Light Commercial Vehicles",0,,
,"Unknown","Passenger Vehicles",0,,
,,"Light Commercial Vehicles",0,,
"4854","Diesel","Passenger Vehicles",655,,
,,"Light Commercial Vehicles",1432,,
,"Electric","Passenger Vehicles",3,,
,,"Light Commercial Vehicles",0,,
,"Petrol leaded","Passenger Vehicles",26,,
,,"Light Commercial Vehicles",18,,
,"Petrol unleaded","Passenger Vehicles",1939,,
,,"Light Commercial Vehicles",306,,
,"LPG/Other gases","Passenger Vehicles",0,,
,,"Light Commercial Vehicles",0,,
,"Dual fuel","Passenger Vehicles",14,,
,,"Light Commercial Vehicles",3,,
,"Other","Passenger Vehicles",14,,
,,"Light Commercial Vehicles",0,,
,"Unknown","Passenger Vehicles",0,,
,,"Light Commercial Vehicles",0,,
"4855","Diesel","Passenger Vehicles",87,,
,,"Light Commercial Vehicles",213,,
,"Electric","Passenger Vehicles",0,,
,,"Light Commercial Vehicles",0,,
,"Petrol leaded","Passenger Vehicles",3,,
,,"Light Commercial Vehicles",5,,
,"Petrol unleaded","Passenger Vehicles",305,,
,,"Light Commercial Vehicles",56,,
,"LPG/Other gases","Passenger Vehicles",0,,
,,"Light Commercial Vehicles",0,,
,"Dual fuel","Passenger Vehicles",0,,
,,"Light Commercial Vehicles",0,,
,"Other","Passenger Vehicles",0,,
,,"Light Commercial Vehicles",0,,
,"Unknown","Passenger Vehicles",0,,
,,"Light Commercial Vehicles",0,,
"4856","Diesel","Passenger Vehicles",78,,
,,"Light Commercial Vehicles",190,,
,"Electric","Passenger Vehicles",0,,
,,"Light Commercial Vehicles",0,,
,"Petrol leaded","Passenger Vehicles",9,,
,,"Light Commercial Vehicles",6,,
,"Petrol unleaded","Passenger Vehicles",235,,
,,"Light Commercial Vehicles",37,,
,"LPG/Other gases","Passenger Vehicles",0,,
,,"Light Commercial Vehicles",0,,
,"Dual fuel","Passenger Vehicles",0,,
,,"Light Commercial Vehicles",0,,
,"Other","Passenger Vehicles",3,,
,,"Light Commercial Vehicles",0,,
,"Unknown","Passenger Vehicles",0,,
,,"Light Commercial Vehicles",0,,
"4857","Diesel","Passenger Vehicles",0,,
,,"Light Commercial Vehicles",13,,
,"Electric","Passenger Vehicles",0,,
,,"Light Commercial Vehicles",0,,
,"Petrol leaded","Passenger Vehicles",0,,
,,"Light Commercial Vehicles",0,,
,"Petrol unleaded","Passenger Vehicles",17,,
,,"Light Commercial Vehicles",3,,
,"LPG/Other gases","Passenger Vehicles",0,,
,,"Light Commercial Vehicles",0,,
,"Dual fuel","Passenger Vehicles",0,,
,,"Light Commercial Vehicles",0,,
,"Other","Passenger Vehicles",0,,
,,"Light Commercial Vehicles",0,,
,"Unknown","Passenger Vehicles",0,,
,,"Light Commercial Vehicles",0,,
"4858","Diesel","Passenger Vehicles",185,,
,,"Light Commercial Vehicles",375,,
,"Electric","Passenger Vehicles",0,,
,,"Light Commercial Vehicles",0,,
,"Petrol leaded","Passenger Vehicles",10,,
,,"Light Commercial Vehicles",3,,
,"Petrol unleaded","Passenger Vehicles",569,,
,,"Light Commercial Vehicles",83,,
,"LPG/Other gases","Passenger Vehicles",0,,
,,"Light Commercial Vehicles",0,,
,"Dual fuel","Passenger Vehicles",0,,
,,"Light Commercial Vehicles",0,,
,"Other","Passenger Vehicles",0,,
,,"Light Commercial Vehicles",0,,
,"Unknown","Passenger Vehicles",0,,
,,"Light Commercial Vehicles",0,,
"4859","Diesel","Passenger Vehicles",45,,
,,"Light Commercial Vehicles",130,,
,"Electric","Passenger Vehicles",0,,
,,"Light Commercial Vehicles",0,,
,"Petrol leaded","Passenger Vehicles",3,,
,,"Light Commercial Vehicles",3,,
,"Petrol unleaded","Passenger Vehicles",198,,
,,"Light Commercial Vehicles",37,,
,"LPG/Other gases","Passenger Vehicles",0,,
,,"Light Commercial Vehicles",0,,
,"Dual fuel","Passenger Vehicles",0,,
,,"Light Commercial Vehicles",0,,
,"Other","Passenger Vehicles",0,,
,,"Light Commercial Vehicles",0,,
,"Unknown","Passenger Vehicles",0,,
,,"Light Commercial Vehicles",0,,
"4860","Diesel","Passenger Vehicles",841,,
,,"Light Commercial Vehicles",1985,,
,"Electric","Passenger Vehicles",0,,
,,"Light Commercial Vehicles",0,,
,"Petrol leaded","Passenger Vehicles",59,,
,,"Light Commercial Vehicles",31,,
,"Petrol unleaded","Passenger Vehicles",4532,,
,,"Light Commercial Vehicles",597,,
,"LPG/Other gases","Passenger Vehicles",3,,
,,"Light Commercial Vehicles",0,,
,"Dual fuel","Passenger Vehicles",25,,
,,"Light Commercial Vehicles",13,,
,"Other","Passenger Vehicles",28,,
,,"Light Commercial Vehicles",0,,
,"Unknown","Passenger Vehicles",0,,
,,"Light Commercial Vehicles",0,,
"4861","Diesel","Passenger Vehicles",115,,
,,"Light Commercial Vehicles",269,,
,"Electric","Passenger Vehicles",0,,
,,"Light Commercial Vehicles",0,,
,"Petrol leaded","Passenger Vehicles",10,,
,,"Light Commercial Vehicles",4,,
,"Petrol unleaded","Passenger Vehicles",651,,
,,"Light Commercial Vehicles",114,,
,"LPG/Other gases","Passenger Vehicles",0,,
,,"Light Commercial Vehicles",0,,
,"Dual fuel","Passenger Vehicles",3,,
,,"Light Commercial Vehicles",3,,
,"Other","Passenger Vehicles",3,,
,,"Light Commercial Vehicles",0,,
,"Unknown","Passenger Vehicles",0,,
,,"Light Commercial Vehicles",0,,
"4865","Diesel","Passenger Vehicles",805,,
,,"Light Commercial Vehicles",1565,,
,"Electric","Passenger Vehicles",0,,
,,"Light Commercial Vehicles",0,,
,"Petrol leaded","Passenger Vehicles",91,,
,,"Light Commercial Vehicles",23,,
,"Petrol unleaded","Passenger Vehicles",3175,,
,,"Light Commercial Vehicles",505,,
,"LPG/Other gases","Passenger Vehicles",0,,
,,"Light Commercial Vehicles",0,,
,"Dual fuel","Passenger Vehicles",11,,
,,"Light Commercial Vehicles",12,,
,"Other","Passenger Vehicles",19,,
,,"Light Commercial Vehicles",0,,
,"Unknown","Passenger Vehicles",0,,
,,"Light Commercial Vehicles",0,,
"4868","Diesel","Passenger Vehicles",1401,,
,,"Light Commercial Vehicles",2430,,
,"Electric","Passenger Vehicles",3,,
,,"Light Commercial Vehicles",0,,
,"Petrol leaded","Passenger Vehicles",160,,
,,"Light Commercial Vehicles",40,,
,"Petrol unleaded","Passenger Vehicles",9788,,
,,"Light Commercial Vehicles",1124,,
,"LPG/Other gases","Passenger Vehicles",3,,
,,"Light Commercial Vehicles",0,,
,"Dual fuel","Passenger Vehicles",59,,
,,"Light Commercial Vehicles",14,,
,"Other","Passenger Vehicles",128,,
,,"Light Commercial Vehicles",0,,
,"Unknown","Passenger Vehicles",0,,
,,"Light Commercial Vehicles",0,,
"4869","Diesel","Passenger Vehicles",1308,,
,,"Light Commercial Vehicles",2561,,
,"Electric","Passenger Vehicles",0,,
,,"Light Commercial Vehicles",0,,
,"Petrol leaded","Passenger Vehicles",132,,
,,"Light Commercial Vehicles",54,,
,"Petrol unleaded","Passenger Vehicles",7698,,
,,"Light Commercial Vehicles",924,,
,"LPG/Other gases","Passenger Vehicles",3,,
,,"Light Commercial Vehicles",0,,
,"Dual fuel","Passenger Vehicles",31,,
,,"Light Commercial Vehicles",10,,
,"Other","Passenger Vehicles",39,,
,,"Light Commercial Vehicles",0,,
,"Unknown","Passenger Vehicles",0,,
,,"Light Commercial Vehicles",0,,
"4870","Diesel","Passenger Vehicles",5287,,
,,"Light Commercial Vehicles",8289,,
,"Electric","Passenger Vehicles",9,,
,,"Light Commercial Vehicles",0,,
,"Petrol leaded","Passenger Vehicles",467,,
,,"Light Commercial Vehicles",152,,
,"Petrol unleaded","Passenger Vehicles",33315,,
,,"Light Commercial Vehicles",4116,,
,"LPG/Other gases","Passenger Vehicles",9,,
,,"Light Commercial Vehicles",13,,
,"Dual fuel","Passenger Vehicles",150,,
,,"Light Commercial Vehicles",70,,
,"Other","Passenger Vehicles",365,,
,,"Light Commercial Vehicles",0,,
,"Unknown","Passenger Vehicles",0,,
,,"Light Commercial Vehicles",0,,
"4871","Diesel","Passenger Vehicles",1347,,
,,"Light Commercial Vehicles",2606,,
,"Electric","Passenger Vehicles",0,,
,,"Light Commercial Vehicles",0,,
,"Petrol leaded","Passenger Vehicles",87,,
,,"Light Commercial Vehicles",62,,
,"Petrol unleaded","Passenger Vehicles",3530,,
,,"Light Commercial Vehicles",609,,
,"LPG/Other gases","Passenger Vehicles",0,,
,,"Light Commercial Vehicles",3,,
,"Dual fuel","Passenger Vehicles",30,,
,,"Light Commercial Vehicles",12,,
,"Other","Passenger Vehicles",19,,
,,"Light Commercial Vehicles",0,,
,"Unknown","Passenger Vehicles",0,,
,,"Light Commercial Vehicles",0,,
"4872","Diesel","Passenger Vehicles",614,,
,,"Light Commercial Vehicles",1282,,
,"Electric","Passenger Vehicles",0,,
,,"Light Commercial Vehicles",0,,
,"Petrol leaded","Passenger Vehicles",58,,
,,"Light Commercial Vehicles",30,,
,"Petrol unleaded","Passenger Vehicles",1538,,
,,"Light Commercial Vehicles",308,,
,"LPG/Other gases","Passenger Vehicles",0,,
,,"Light Commercial Vehicles",0,,
,"Dual fuel","Passenger Vehicles",17,,
,,"Light Commercial Vehicles",3,,
,"Other","Passenger Vehicles",10,,
,,"Light Commercial Vehicles",0,,
,"Unknown","Passenger Vehicles",0,,
,,"Light Commercial Vehicles",0,,
"4873","Diesel","Passenger Vehicles",744,,
,,"Light Commercial Vehicles",1399,,
,"Electric","Passenger Vehicles",0,,
,,"Light Commercial Vehicles",0,,
,"Petrol leaded","Passenger Vehicles",58,,
,,"Light Commercial Vehicles",13,,
,"Petrol unleaded","Passenger Vehicles",2810,,
,,"Light Commercial Vehicles",445,,
,"LPG/Other gases","Passenger Vehicles",0,,
,,"Light Commercial Vehicles",3,,
,"Dual fuel","Passenger Vehicles",25,,
,,"Light Commercial Vehicles",4,,
,"Other","Passenger Vehicles",18,,
,,"Light Commercial Vehicles",0,,
,"Unknown","Passenger Vehicles",0,,
,,"Light Commercial Vehicles",0,,
"4874","Diesel","Passenger Vehicles",940,,
,,"Light Commercial Vehicles",1595,,
,"Electric","Passenger Vehicles",0,,
,,"Light Commercial Vehicles",0,,
,"Petrol leaded","Passenger Vehicles",12,,
,,"Light Commercial Vehicles",7,,
,"Petrol unleaded","Passenger Vehicles",1193,,
,,"Light Commercial Vehicles",332,,
,"LPG/Other gases","Passenger Vehicles",0,,
,,"Light Commercial Vehicles",0,,
,"Dual fuel","Passenger Vehicles",16,,
,,"Light Commercial Vehicles",9,,
,"Other","Passenger Vehicles",0,,
,,"Light Commercial Vehicles",0,,
,"Unknown","Passenger Vehicles",0,,
,,"Light Commercial Vehicles",0,,
"4875","Diesel","Passenger Vehicles",218,,
,,"Light Commercial Vehicles",382,,
,"Electric","Passenger Vehicles",0,,
,,"Light Commercial Vehicles",0,,
,"Petrol leaded","Passenger Vehicles",10,,
,,"Light Commercial Vehicles",5,,
,"Petrol unleaded","Passenger Vehicles",896,,
,,"Light Commercial Vehicles",288,,
,"LPG/Other gases","Passenger Vehicles",0,,
,,"Light Commercial Vehicles",0,,
,"Dual fuel","Passenger Vehicles",9,,
,,"Light Commercial Vehicles",0,,
,"Other","Passenger Vehicles",3,,
,,"Light Commercial Vehicles",0,,
,"Unknown","Passenger Vehicles",0,,
,,"Light Commercial Vehicles",0,,
"4876","Diesel","Passenger Vehicles",183,,
,,"Light Commercial Vehicles",217,,
,"Electric","Passenger Vehicles",0,,
,,"Light Commercial Vehicles",0,,
,"Petrol leaded","Passenger Vehicles",3,,
,,"Light Commercial Vehicles",6,,
,"Petrol unleaded","Passenger Vehicles",386,,
,,"Light Commercial Vehicles",71,,
,"LPG/Other gases","Passenger Vehicles",0,,
,,"Light Commercial Vehicles",0,,
,"Dual fuel","Passenger Vehicles",15,,
,,"Light Commercial Vehicles",3,,
,"Other","Passenger Vehicles",0,,
,,"Light Commercial Vehicles",0,,
,"Unknown","Passenger Vehicles",0,,
,,"Light Commercial Vehicles",0,,
"4877","Diesel","Passenger Vehicles",485,,
,,"Light Commercial Vehicles",538,,
,"Electric","Passenger Vehicles",3,,
,,"Light Commercial Vehicles",0,,
,"Petrol leaded","Passenger Vehicles",39,,
,,"Light Commercial Vehicles",9,,
,"Petrol unleaded","Passenger Vehicles",2333,,
,,"Light Commercial Vehicles",247,,
,"LPG/Other gases","Passenger Vehicles",0,,
,,"Light Commercial Vehicles",0,,
,"Dual fuel","Passenger Vehicles",10,,
,,"Light Commercial Vehicles",3,,
,"Other","Passenger Vehicles",13,,
,,"Light Commercial Vehicles",0,,
,"Unknown","Passenger Vehicles",0,,
,,"Light Commercial Vehicles",0,,
"4878","Diesel","Passenger Vehicles",1136,,
,,"Light Commercial Vehicles",1577,,
,"Electric","Passenger Vehicles",5,,
,,"Light Commercial Vehicles",0,,
,"Petrol leaded","Passenger Vehicles",97,,
,,"Light Commercial Vehicles",32,,
,"Petrol unleaded","Passenger Vehicles",6717,,
,,"Light Commercial Vehicles",793,,
,"LPG/Other gases","Passenger Vehicles",6,,
,,"Light Commercial Vehicles",0,,
,"Dual fuel","Passenger Vehicles",28,,
,,"Light Commercial Vehicles",4,,
,"Other","Passenger Vehicles",47,,
,,"Light Commercial Vehicles",0,,
,"Unknown","Passenger Vehicles",0,,
,,"Light Commercial Vehicles",0,,
"4879","Diesel","Passenger Vehicles",1761,,
,,"Light Commercial Vehicles",2162,,
,"Electric","Passenger Vehicles",0,,
,,"Light Commercial Vehicles",0,,
,"Petrol leaded","Passenger Vehicles",126,,
,,"Light Commercial Vehicles",35,,
,"Petrol unleaded","Passenger Vehicles",9747,,
,,"Light Commercial Vehicles",813,,
,"LPG/Other gases","Passenger Vehicles",3,,
,,"Light Commercial Vehicles",6,,
,"Dual fuel","Passenger Vehicles",61,,
,,"Light Commercial Vehicles",17,,
,"Other","Passenger Vehicles",80,,
,,"Light Commercial Vehicles",0,,
,"Unknown","Passenger Vehicles",0,,
,,"Light Commercial Vehicles",0,,
"4880","Diesel","Passenger Vehicles",1278,,
,,"Light Commercial Vehicles",2761,,
,"Electric","Passenger Vehicles",0,,
,,"Light Commercial Vehicles",0,,
,"Petrol leaded","Passenger Vehicles",119,,
,,"Light Commercial Vehicles",62,,
,"Petrol unleaded","Passenger Vehicles",5266,,
,,"Light Commercial Vehicles",769,,
,"LPG/Other gases","Passenger Vehicles",0,,
,,"Light Commercial Vehicles",3,,
,"Dual fuel","Passenger Vehicles",22,,
,,"Light Commercial Vehicles",18,,
,"Other","Passenger Vehicles",18,,
,,"Light Commercial Vehicles",0,,
,"Unknown","Passenger Vehicles",0,,
,,"Light Commercial Vehicles",0,,
"4881","Diesel","Passenger Vehicles",516,,
,,"Light Commercial Vehicles",711,,
,"Electric","Passenger Vehicles",0,,
,,"Light Commercial Vehicles",0,,
,"Petrol leaded","Passenger Vehicles",46,,
,,"Light Commercial Vehicles",19,,
,"Petrol unleaded","Passenger Vehicles",2052,,
,,"Light Commercial Vehicles",293,,
,"LPG/Other gases","Passenger Vehicles",3,,
,,"Light Commercial Vehicles",3,,
,"Dual fuel","Passenger Vehicles",10,,
,,"Light Commercial Vehicles",11,,
,"Other","Passenger Vehicles",16,,
,,"Light Commercial Vehicles",0,,
,"Unknown","Passenger Vehicles",0,,
,,"Light Commercial Vehicles",0,,
"4882","Diesel","Passenger Vehicles",351,,
,,"Light Commercial Vehicles",677,,
,"Electric","Passenger Vehicles",0,,
,,"Light Commercial Vehicles",0,,
,"Petrol leaded","Passenger Vehicles",43,,
,,"Light Commercial Vehicles",25,,
,"Petrol unleaded","Passenger Vehicles",1181,,
,,"Light Commercial Vehicles",186,,
,"LPG/Other gases","Passenger Vehicles",0,,
,,"Light Commercial Vehicles",0,,
,"Dual fuel","Passenger Vehicles",10,,
,,"Light Commercial Vehicles",6,,
,"Other","Passenger Vehicles",3,,
,,"Light Commercial Vehicles",0,,
,"Unknown","Passenger Vehicles",0,,
,,"Light Commercial Vehicles",0,,
"4883","Diesel","Passenger Vehicles",739,,
,,"Light Commercial Vehicles",1510,,
,"Electric","Passenger Vehicles",0,,
,,"Light Commercial Vehicles",0,,
,"Petrol leaded","Passenger Vehicles",83,,
,,"Light Commercial Vehicles",26,,
,"Petrol unleaded","Passenger Vehicles",3700,,
,,"Light Commercial Vehicles",525,,
,"LPG/Other gases","Passenger Vehicles",0,,
,,"Light Commercial Vehicles",0,,
,"Dual fuel","Passenger Vehicles",16,,
,,"Light Commercial Vehicles",13,,
,"Other","Passenger Vehicles",22,,
,,"Light Commercial Vehicles",0,,
,"Unknown","Passenger Vehicles",0,,
,,"Light Commercial Vehicles",0,,
"4884","Diesel","Passenger Vehicles",268,,
,,"Light Commercial Vehicles",411,,
,"Electric","Passenger Vehicles",0,,
,,"Light Commercial Vehicles",0,,
,"Petrol leaded","Passenger Vehicles",23,,
,,"Light Commercial Vehicles",9,,
,"Petrol unleaded","Passenger Vehicles",940,,
,,"Light Commercial Vehicles",140,,
,"LPG/Other gases","Passenger Vehicles",0,,
,,"Light Commercial Vehicles",0,,
,"Dual fuel","Passenger Vehicles",13,,
,,"Light Commercial Vehicles",3,,
,"Other","Passenger Vehicles",8,,
,,"Light Commercial Vehicles",0,,
,"Unknown","Passenger Vehicles",0,,
,,"Light Commercial Vehicles",0,,
"4885","Diesel","Passenger Vehicles",422,,
,,"Light Commercial Vehicles",873,,
,"Electric","Passenger Vehicles",0,,
,,"Light Commercial Vehicles",0,,
,"Petrol leaded","Passenger Vehicles",51,,
,,"Light Commercial Vehicles",24,,
,"Petrol unleaded","Passenger Vehicles",1679,,
,,"Light Commercial Vehicles",287,,
,"LPG/Other gases","Passenger Vehicles",3,,
,,"Light Commercial Vehicles",0,,
,"Dual fuel","Passenger Vehicles",7,,
,,"Light Commercial Vehicles",8,,
,"Other","Passenger Vehicles",8,,
,,"Light Commercial Vehicles",0,,
,"Unknown","Passenger Vehicles",0,,
,,"Light Commercial Vehicles",0,,
"4886","Diesel","Passenger Vehicles",111,,
,,"Light Commercial Vehicles",235,,
,"Electric","Passenger Vehicles",0,,
,,"Light Commercial Vehicles",0,,
,"Petrol leaded","Passenger Vehicles",8,,
,,"Light Commercial Vehicles",9,,
,"Petrol unleaded","Passenger Vehicles",341,,
,,"Light Commercial Vehicles",62,,
,"LPG/Other gases","Passenger Vehicles",0,,
,,"Light Commercial Vehicles",0,,
,"Dual fuel","Passenger Vehicles",3,,
,,"Light Commercial Vehicles",3,,
,"Other","Passenger Vehicles",3,,
,,"Light Commercial Vehicles",0,,
,"Unknown","Passenger Vehicles",0,,
,,"Light Commercial Vehicles",0,,
"4887","Diesel","Passenger Vehicles",204,,
,,"Light Commercial Vehicles",484,,
,"Electric","Passenger Vehicles",0,,
,,"Light Commercial Vehicles",0,,
,"Petrol leaded","Passenger Vehicles",41,,
,,"Light Commercial Vehicles",22,,
,"Petrol unleaded","Passenger Vehicles",798,,
,,"Light Commercial Vehicles",155,,
,"LPG/Other gases","Passenger Vehicles",0,,
,,"Light Commercial Vehicles",0,,
,"Dual fuel","Passenger Vehicles",6,,
,,"Light Commercial Vehicles",4,,
,"Other","Passenger Vehicles",3,,
,,"Light Commercial Vehicles",0,,
,"Unknown","Passenger Vehicles",0,,
,,"Light Commercial Vehicles",0,,
"4888","Diesel","Passenger Vehicles",325,,
,,"Light Commercial Vehicles",632,,
,"Electric","Passenger Vehicles",0,,
,,"Light Commercial Vehicles",0,,
,"Petrol leaded","Passenger Vehicles",32,,
,,"Light Commercial Vehicles",25,,
,"Petrol unleaded","Passenger Vehicles",1112,,
,,"Light Commercial Vehicles",260,,
,"LPG/Other gases","Passenger Vehicles",0,,
,,"Light Commercial Vehicles",0,,
,"Dual fuel","Passenger Vehicles",16,,
,,"Light Commercial Vehicles",3,,
,"Other","Passenger Vehicles",3,,
,,"Light Commercial Vehicles",0,,
,"Unknown","Passenger Vehicles",0,,
,,"Light Commercial Vehicles",0,,
"4890","Diesel","Passenger Vehicles",203,,
,,"Light Commercial Vehicles",360,,
,"Electric","Passenger Vehicles",0,,
,,"Light Commercial Vehicles",0,,
,"Petrol leaded","Passenger Vehicles",3,,
,,"Light Commercial Vehicles",3,,
,"Petrol unleaded","Passenger Vehicles",312,,
,,"Light Commercial Vehicles",51,,
,"LPG/Other gases","Passenger Vehicles",0,,
,,"Light Commercial Vehicles",0,,
,"Dual fuel","Passenger Vehicles",3,,
,,"Light Commercial Vehicles",0,,
,"Other","Passenger Vehicles",0,,
,,"Light Commercial Vehicles",0,,
,"Unknown","Passenger Vehicles",0,,
,,"Light Commercial Vehicles",0,,
"4891","Diesel","Passenger Vehicles",78,,
,,"Light Commercial Vehicles",175,,
,"Electric","Passenger Vehicles",0,,
,,"Light Commercial Vehicles",0,,
,"Petrol leaded","Passenger Vehicles",8,,
,,"Light Commercial Vehicles",3,,
,"Petrol unleaded","Passenger Vehicles",120,,
,,"Light Commercial Vehicles",47,,
,"LPG/Other gases","Passenger Vehicles",0,,
,,"Light Commercial Vehicles",0,,
,"Dual fuel","Passenger Vehicles",0,,
,,"Light Commercial Vehicles",0,,
,"Other","Passenger Vehicles",0,,
,,"Light Commercial Vehicles",0,,
,"Unknown","Passenger Vehicles",0,,
,,"Light Commercial Vehicles",0,,
"4892","Diesel","Passenger Vehicles",229,,
,,"Light Commercial Vehicles",359,,
,"Electric","Passenger Vehicles",0,,
,,"Light Commercial Vehicles",0,,
,"Petrol leaded","Passenger Vehicles",3,,
,,"Light Commercial Vehicles",0,,
,"Petrol unleaded","Passenger Vehicles",337,,
,,"Light Commercial Vehicles",55,,
,"LPG/Other gases","Passenger Vehicles",0,,
,,"Light Commercial Vehicles",0,,
,"Dual fuel","Passenger Vehicles",5,,
,,"Light Commercial Vehicles",3,,
,"Other","Passenger Vehicles",6,,
,,"Light Commercial Vehicles",0,,
,"Unknown","Passenger Vehicles",0,,
,,"Light Commercial Vehicles",0,,
"4895","Diesel","Passenger Vehicles",545,,
,,"Light Commercial Vehicles",992,,
,"Electric","Passenger Vehicles",0,,
,,"Light Commercial Vehicles",0,,
,"Petrol leaded","Passenger Vehicles",21,,
,,"Light Commercial Vehicles",19,,
,"Petrol unleaded","Passenger Vehicles",1118,,
,,"Light Commercial Vehicles",257,,
,"LPG/Other gases","Passenger Vehicles",0,,
,,"Light Commercial Vehicles",3,,
,"Dual fuel","Passenger Vehicles",13,,
,,"Light Commercial Vehicles",6,,
,"Other","Passenger Vehicles",4,,
,,"Light Commercial Vehicles",0,,
,"Unknown","Passenger Vehicles",0,,
,,"Light Commercial Vehicles",0,,
"9000","Diesel","Passenger Vehicles",3,,
,,"Light Commercial Vehicles",7,,
,"Electric","Passenger Vehicles",0,,
,,"Light Commercial Vehicles",0,,
,"Petrol leaded","Passenger Vehicles",0,,
,,"Light Commercial Vehicles",0,,
,"Petrol unleaded","Passenger Vehicles",16,,
,,"Light Commercial Vehicles",3,,
,"LPG/Other gases","Passenger Vehicles",0,,
,,"Light Commercial Vehicles",0,,
,"Dual fuel","Passenger Vehicles",0,,
,,"Light Commercial Vehicles",0,,
,"Other","Passenger Vehicles",0,,
,,"Light Commercial Vehicles",0,,
,"Unknown","Passenger Vehicles",0,,
,,"Light Commercial Vehicles",0,,
"9726","Diesel","Passenger Vehicles",0,,
,,"Light Commercial Vehicles",3,,
,"Electric","Passenger Vehicles",0,,
,,"Light Commercial Vehicles",0,,
,"Petrol leaded","Passenger Vehicles",0,,
,,"Light Commercial Vehicles",0,,
,"Petrol unleaded","Passenger Vehicles",0,,
,,"Light Commercial Vehicles",0,,
,"LPG/Other gases","Passenger Vehicles",0,,
,,"Light Commercial Vehicles",0,,
,"Dual fuel","Passenger Vehicles",0,,
,,"Light Commercial Vehicles",0,,
,"Other","Passenger Vehicles",0,,
,,"Light Commercial Vehicles",0,,
,"Unknown","Passenger Vehicles",0,,
,,"Light Commercial Vehicles",0,,
"9999","Diesel","Passenger Vehicles",9853,,
,,"Light Commercial Vehicles",10127,,
,"Electric","Passenger Vehicles",23,,
,,"Light Commercial Vehicles",0,,
,"Petrol leaded","Passenger Vehicles",1131,,
,,"Light Commercial Vehicles",336,,
,"Petrol unleaded","Passenger Vehicles",65551,,
,,"Light Commercial Vehicles",4071,,
,"LPG/Other gases","Passenger Vehicles",868,,
,,"Light Commercial Vehicles",338,,
,"Dual fuel","Passenger Vehicles",31,,
,,"Light Commercial Vehicles",15,,
,"Other","Passenger Vehicles",18,,
,,"Light Commercial Vehicles",3,,
,"Unknown","Passenger Vehicles",3,,
,,"Light Commercial Vehicles",0,,
"5000","Diesel","Passenger Vehicles",3700,,
,,"Light Commercial Vehicles",5465,,
,"Electric","Passenger Vehicles",22,,
,,"Light Commercial Vehicles",0,,
,"Petrol leaded","Passenger Vehicles",117,,
,,"Light Commercial Vehicles",9,,
,"Petrol unleaded","Passenger Vehicles",14393,,
,,"Light Commercial Vehicles",868,,
,"LPG/Other gases","Passenger Vehicles",36,,
,,"Light Commercial Vehicles",15,,
,"Dual fuel","Passenger Vehicles",0,,
,,"Light Commercial Vehicles",0,,
,"Other","Passenger Vehicles",3,,
,,"Light Commercial Vehicles",0,,
,"Unknown","Passenger Vehicles",0,,
,,"Light Commercial Vehicles",0,,
"5001","Diesel","Passenger Vehicles",0,,
,,"Light Commercial Vehicles",0,,
,"Electric","Passenger Vehicles",0,,
,,"Light Commercial Vehicles",0,,
,"Petrol leaded","Passenger Vehicles",0,,
,,"Light Commercial Vehicles",0,,
,"Petrol unleaded","Passenger Vehicles",0,,
,,"Light Commercial Vehicles",0,,
,"LPG/Other gases","Passenger Vehicles",0,,
,,"Light Commercial Vehicles",0,,
,"Dual fuel","Passenger Vehicles",0,,
,,"Light Commercial Vehicles",0,,
,"Other","Passenger Vehicles",0,,
,,"Light Commercial Vehicles",0,,
,"Unknown","Passenger Vehicles",0,,
,,"Light Commercial Vehicles",0,,
"5005","Diesel","Passenger Vehicles",0,,
,,"Light Commercial Vehicles",3,,
,"Electric","Passenger Vehicles",0,,
,,"Light Commercial Vehicles",0,,
,"Petrol leaded","Passenger Vehicles",0,,
,,"Light Commercial Vehicles",0,,
,"Petrol unleaded","Passenger Vehicles",3,,
,,"Light Commercial Vehicles",0,,
,"LPG/Other gases","Passenger Vehicles",0,,
,,"Light Commercial Vehicles",0,,
,"Dual fuel","Passenger Vehicles",0,,
,,"Light Commercial Vehicles",0,,
,"Other","Passenger Vehicles",0,,
,,"Light Commercial Vehicles",0,,
,"Unknown","Passenger Vehicles",0,,
,,"Light Commercial Vehicles",0,,
"5006","Diesel","Passenger Vehicles",534,,
,,"Light Commercial Vehicles",214,,
,"Electric","Passenger Vehicles",4,,
,,"Light Commercial Vehicles",0,,
,"Petrol leaded","Passenger Vehicles",117,,
,,"Light Commercial Vehicles",9,,
,"Petrol unleaded","Passenger Vehicles",3298,,
,,"Light Commercial Vehicles",133,,
,"LPG/Other gases","Passenger Vehicles",4,,
,,"Light Commercial Vehicles",3,,
,"Dual fuel","Passenger Vehicles",0,,
,,"Light Commercial Vehicles",0,,
,"Other","Passenger Vehicles",0,,
,,"Light Commercial Vehicles",0,,
,"Unknown","Passenger Vehicles",0,,
,,"Light Commercial Vehicles",0,,
"5007","Diesel","Passenger Vehicles",413,,
,,"Light Commercial Vehicles",727,,
,"Electric","Passenger Vehicles",3,,
,,"Light Commercial Vehicles",0,,
,"Petrol leaded","Passenger Vehicles",82,,
,,"Light Commercial Vehicles",29,,
,"Petrol unleaded","Passenger Vehicles",4688,,
,,"Light Commercial Vehicles",471,,
,"LPG/Other gases","Passenger Vehicles",22,,
,,"Light Commercial Vehicles",11,,
,"Dual fuel","Passenger Vehicles",0,,
,,"Light Commercial Vehicles",0,,
,"Other","Passenger Vehicles",0,,
,,"Light Commercial Vehicles",0,,
,"Unknown","Passenger Vehicles",0,,
,,"Light Commercial Vehicles",0,,
"5008","Diesel","Passenger Vehicles",494,,
,,"Light Commercial Vehicles",548,,
,"Electric","Passenger Vehicles",3,,
,,"Light Commercial Vehicles",0,,
,"Petrol leaded","Passenger Vehicles",181,,
,,"Light Commercial Vehicles",22,,
,"Petrol unleaded","Passenger Vehicles",7521,,
,,"Light Commercial Vehicles",493,,
,"LPG/Other gases","Passenger Vehicles",40,,
,,"Light Commercial Vehicles",9,,
,"Dual fuel","Passenger Vehicles",0,,
,,"Light Commercial Vehicles",0,,
,"Other","Passenger Vehicles",0,,
,,"Light Commercial Vehicles",0,,
,"Unknown","Passenger Vehicles",0,,
,,"Light Commercial Vehicles",0,,
"5009","Diesel","Passenger Vehicles",306,,
,,"Light Commercial Vehicles",549,,
,"Electric","Passenger Vehicles",0,,
,,"Light Commercial Vehicles",0,,
,"Petrol leaded","Passenger Vehicles",117,,
,,"Light Commercial Vehicles",15,,
,"Petrol unleaded","Passenger Vehicles",3050,,
,,"Light Commercial Vehicles",326,,
,"LPG/Other gases","Passenger Vehicles",28,,
,,"Light Commercial Vehicles",15,,
,"Dual fuel","Passenger Vehicles",0,,
,,"Light Commercial Vehicles",0,,
,"Other","Passenger Vehicles",3,,
,,"Light Commercial Vehicles",0,,
,"Unknown","Passenger Vehicles",0,,
,,"Light Commercial Vehicles",0,,
"5010","Diesel","Passenger Vehicles",323,,
,,"Light Commercial Vehicles",616,,
,"Electric","Passenger Vehicles",0,,
,,"Light Commercial Vehicles",0,,
,"Petrol leaded","Passenger Vehicles",29,,
,,"Light Commercial Vehicles",5,,
,"Petrol unleaded","Passenger Vehicles",3457,,
,,"Light Commercial Vehicles",272,,
,"LPG/Other gases","Passenger Vehicles",11,,
,,"Light Commercial Vehicles",4,,
,"Dual fuel","Passenger Vehicles",0,,
,,"Light Commercial Vehicles",0,,
,"Other","Passenger Vehicles",0,,
,,"Light Commercial Vehicles",0,,
,"Unknown","Passenger Vehicles",0,,
,,"Light Commercial Vehicles",0,,
"5011","Diesel","Passenger Vehicles",589,,
,,"Light Commercial Vehicles",555,,
,"Electric","Passenger Vehicles",3,,
,,"Light Commercial Vehicles",0,,
,"Petrol leaded","Passenger Vehicles",218,,
,,"Light Commercial Vehicles",26,,
,"Petrol unleaded","Passenger Vehicles",7244,,
,,"Light Commercial Vehicles",401,,
,"LPG/Other gases","Passenger Vehicles",33,,
,,"Light Commercial Vehicles",5,,
,"Dual fuel","Passenger Vehicles",0,,
,,"Light Commercial Vehicles",0,,
,"Other","Passenger Vehicles",3,,
,,"Light Commercial Vehicles",0,,
,"Unknown","Passenger Vehicles",0,,
,,"Light Commercial Vehicles",0,,
"5012","Diesel","Passenger Vehicles",339,,
,,"Light Commercial Vehicles",367,,
,"Electric","Passenger Vehicles",0,,
,,"Light Commercial Vehicles",0,,
,"Petrol leaded","Passenger Vehicles",48,,
,,"Light Commercial Vehicles",11,,
,"Petrol unleaded","Passenger Vehicles",5865,,
,,"Light Commercial Vehicles",279,,
,"LPG/Other gases","Passenger Vehicles",43,,
,,"Light Commercial Vehicles",11,,
,"Dual fuel","Passenger Vehicles",0,,
,,"Light Commercial Vehicles",0,,
,"Other","Passenger Vehicles",0,,
,,"Light Commercial Vehicles",0,,
,"Unknown","Passenger Vehicles",0,,
,,"Light Commercial Vehicles",0,,
"5013","Diesel","Passenger Vehicles",530,,
,,"Light Commercial Vehicles",1512,,
,"Electric","Passenger Vehicles",0,,
,,"Light Commercial Vehicles",0,,
,"Petrol leaded","Passenger Vehicles",110,,
,,"Light Commercial Vehicles",33,,
,"Petrol unleaded","Passenger Vehicles",6196,,
,,"Light Commercial Vehicles",799,,
,"LPG/Other gases","Passenger Vehicles",35,,
,,"Light Commercial Vehicles",26,,
,"Dual fuel","Passenger Vehicles",0,,
,,"Light Commercial Vehicles",0,,
,"Other","Passenger Vehicles",3,,
,,"Light Commercial Vehicles",0,,
,"Unknown","Passenger Vehicles",0,,
,,"Light Commercial Vehicles",0,,
"5014","Diesel","Passenger Vehicles",618,,
,,"Light Commercial Vehicles",888,,
,"Electric","Passenger Vehicles",3,,
,,"Light Commercial Vehicles",0,,
,"Petrol leaded","Passenger Vehicles",202,,
,,"Light Commercial Vehicles",22,,
,"Petrol unleaded","Passenger Vehicles",7408,,
,,"Light Commercial Vehicles",596,,
,"LPG/Other gases","Passenger Vehicles",59,,
,,"Light Commercial Vehicles",19,,
,"Dual fuel","Passenger Vehicles",0,,
,,"Light Commercial Vehicles",0,,
,"Other","Passenger Vehicles",0,,
,,"Light Commercial Vehicles",0,,
,"Unknown","Passenger Vehicles",0,,
,,"Light Commercial Vehicles",0,,
"5015","Diesel","Passenger Vehicles",351,,
,,"Light Commercial Vehicles",579,,
,"Electric","Passenger Vehicles",0,,
,,"Light Commercial Vehicles",0,,
,"Petrol leaded","Passenger Vehicles",97,,
,,"Light Commercial Vehicles",21,,
,"Petrol unleaded","Passenger Vehicles",3782,,
,,"Light Commercial Vehicles",356,,
,"LPG/Other gases","Passenger Vehicles",25,,
,,"Light Commercial Vehicles",9,,
,"Dual fuel","Passenger Vehicles",0,,
,,"Light Commercial Vehicles",0,,
,"Other","Passenger Vehicles",0,,
,,"Light Commercial Vehicles",0,,
,"Unknown","Passenger Vehicles",0,,
,,"Light Commercial Vehicles",0,,
"5016","Diesel","Passenger Vehicles",528,,
,,"Light Commercial Vehicles",591,,
,"Electric","Passenger Vehicles",0,,
,,"Light Commercial Vehicles",0,,
,"Petrol leaded","Passenger Vehicles",152,,
,,"Light Commercial Vehicles",18,,
,"Petrol unleaded","Passenger Vehicles",4865,,
,,"Light Commercial Vehicles",342,,
,"LPG/Other gases","Passenger Vehicles",24,,
,,"Light Commercial Vehicles",10,,
,"Dual fuel","Passenger Vehicles",0,,
,,"Light Commercial Vehicles",0,,
,"Other","Passenger Vehicles",0,,
,,"Light Commercial Vehicles",0,,
,"Unknown","Passenger Vehicles",0,,
,,"Light Commercial Vehicles",0,,
"5017","Diesel","Passenger Vehicles",220,,
,,"Light Commercial Vehicles",180,,
,"Electric","Passenger Vehicles",0,,
,,"Light Commercial Vehicles",0,,
,"Petrol leaded","Passenger Vehicles",67,,
,,"Light Commercial Vehicles",12,,
,"Petrol unleaded","Passenger Vehicles",2602,,
,,"Light Commercial Vehicles",155,,
,"LPG/Other gases","Passenger Vehicles",30,,
,,"Light Commercial Vehicles",5,,
,"Dual fuel","Passenger Vehicles",0,,
,,"Light Commercial Vehicles",0,,
,"Other","Passenger Vehicles",0,,
,,"Light Commercial Vehicles",0,,
,"Unknown","Passenger Vehicles",0,,
,,"Light Commercial Vehicles",0,,
"5018","Diesel","Passenger Vehicles",399,,
,,"Light Commercial Vehicles",311,,
,"Electric","Passenger Vehicles",3,,
,,"Light Commercial Vehicles",0,,
,"Petrol leaded","Passenger Vehicles",111,,
,,"Light Commercial Vehicles",17,,
,"Petrol unleaded","Passenger Vehicles",3466,,
,,"Light Commercial Vehicles",189,,
,"LPG/Other gases","Passenger Vehicles",28,,
,,"Light Commercial Vehicles",3,,
,"Dual fuel","Passenger Vehicles",0,,
,,"Light Commercial Vehicles",0,,
,"Other","Passenger Vehicles",0,,
,,"Light Commercial Vehicles",0,,
,"Unknown","Passenger Vehicles",0,,
,,"Light Commercial Vehicles",0,,
"5019","Diesel","Passenger Vehicles",453,,
,,"Light Commercial Vehicles",346,,
,"Electric","Passenger Vehicles",0,,
,,"Light Commercial Vehicles",0,,
,"Petrol leaded","Passenger Vehicles",148,,
,,"Light Commercial Vehicles",15,,
,"Petrol unleaded","Passenger Vehicles",5037,,
,,"Light Commercial Vehicles",236,,
,"LPG/Other gases","Passenger Vehicles",34,,
,,"Light Commercial Vehicles",9,,
,"Dual fuel","Passenger Vehicles",0,,
,,"Light Commercial Vehicles",0,,
,"Other","Passenger Vehicles",0,,
,,"Light Commercial Vehicles",0,,
,"Unknown","Passenger Vehicles",0,,
,,"Light Commercial Vehicles",0,,
"5020","Diesel","Passenger Vehicles",229,,
,,"Light Commercial Vehicles",148,,
,"Electric","Passenger Vehicles",0,,
,,"Light Commercial Vehicles",0,,
,"Petrol leaded","Passenger Vehicles",46,,
,,"Light Commercial Vehicles",7,,
,"Petrol unleaded","Passenger Vehicles",1842,,
,,"Light Commercial Vehicles",89,,
,"LPG/Other gases","Passenger Vehicles",10,,
,,"Light Commercial Vehicles",0,,
,"Dual fuel","Passenger Vehicles",0,,
,,"Light Commercial Vehicles",0,,
,"Other","Passenger Vehicles",0,,
,,"Light Commercial Vehicles",0,,
,"Unknown","Passenger Vehicles",0,,
,,"Light Commercial Vehicles",0,,
"5021","Diesel","Passenger Vehicles",493,,
,,"Light Commercial Vehicles",222,,
,"Electric","Passenger Vehicles",3,,
,,"Light Commercial Vehicles",0,,
,"Petrol leaded","Passenger Vehicles",110,,
,,"Light Commercial Vehicles",3,,
,"Petrol unleaded","Passenger Vehicles",3947,,
,,"Light Commercial Vehicles",163,,
,"LPG/Other gases","Passenger Vehicles",18,,
,,"Light Commercial Vehicles",9,,
,"Dual fuel","Passenger Vehicles",0,,
,,"Light Commercial Vehicles",0,,
,"Other","Passenger Vehicles",0,,
,,"Light Commercial Vehicles",3,,
,"Unknown","Passenger Vehicles",0,,
,,"Light Commercial Vehicles",0,,
"5022","Diesel","Passenger Vehicles",1129,,
,,"Light Commercial Vehicles",650,,
,"Electric","Passenger Vehicles",6,,
,,"Light Commercial Vehicles",0,,
,"Petrol leaded","Passenger Vehicles",257,,
,,"Light Commercial Vehicles",35,,
,"Petrol unleaded","Passenger Vehicles",9055,,
,,"Light Commercial Vehicles",394,,
,"LPG/Other gases","Passenger Vehicles",39,,
,,"Light Commercial Vehicles",10,,
,"Dual fuel","Passenger Vehicles",3,,
,,"Light Commercial Vehicles",0,,
,"Other","Passenger Vehicles",4,,
,,"Light Commercial Vehicles",0,,
,"Unknown","Passenger Vehicles",0,,
,,"Light Commercial Vehicles",0,,
"5023","Diesel","Passenger Vehicles",541,,
,,"Light Commercial Vehicles",586,,
,"Electric","Passenger Vehicles",0,,
,,"Light Commercial Vehicles",0,,
,"Petrol leaded","Passenger Vehicles",263,,
,,"Light Commercial Vehicles",33,,
,"Petrol unleaded","Passenger Vehicles",9392,,
,,"Light Commercial Vehicles",485,,
,"LPG/Other gases","Passenger Vehicles",40,,
,,"Light Commercial Vehicles",12,,
,"Dual fuel","Passenger Vehicles",0,,
,,"Light Commercial Vehicles",0,,
,"Other","Passenger Vehicles",3,,
,,"Light Commercial Vehicles",0,,
,"Unknown","Passenger Vehicles",0,,
,,"Light Commercial Vehicles",0,,
"5024","Diesel","Passenger Vehicles",870,,
,,"Light Commercial Vehicles",539,,
,"Electric","Passenger Vehicles",3,,
,,"Light Commercial Vehicles",0,,
,"Petrol leaded","Passenger Vehicles",240,,
,,"Light Commercial Vehicles",32,,
,"Petrol unleaded","Passenger Vehicles",8140,,
,,"Light Commercial Vehicles",428,,
,"LPG/Other gases","Passenger Vehicles",31,,
,,"Light Commercial Vehicles",15,,
,"Dual fuel","Passenger Vehicles",0,,
,,"Light Commercial Vehicles",0,,
,"Other","Passenger Vehicles",0,,
,,"Light Commercial Vehicles",0,,
,"Unknown","Passenger Vehicles",0,,
,,"Light Commercial Vehicles",0,,
"5025","Diesel","Passenger Vehicles",411,,
,,"Light Commercial Vehicles",376,,
,"Electric","Passenger Vehicles",3,,
,,"Light Commercial Vehicles",0,,
,"Petrol leaded","Passenger Vehicles",162,,
,,"Light Commercial Vehicles",23,,
,"Petrol unleaded","Passenger Vehicles",5036,,
,,"Light Commercial Vehicles",290,,
,"LPG/Other gases","Passenger Vehicles",18,,
,,"Light Commercial Vehicles",8,,
,"Dual fuel","Passenger Vehicles",0,,
,,"Light Commercial Vehicles",0,,
,"Other","Passenger Vehicles",3,,
,,"Light Commercial Vehicles",0,,
,"Unknown","Passenger Vehicles",0,,
,,"Light Commercial Vehicles",0,,
"5028","Diesel","Passenger Vehicles",0,,
,,"Light Commercial Vehicles",0,,
,"Electric","Passenger Vehicles",0,,
,,"Light Commercial Vehicles",0,,
,"Petrol leaded","Passenger Vehicles",0,,
,,"Light Commercial Vehicles",0,,
,"Petrol unleaded","Passenger Vehicles",0,,
,,"Light Commercial Vehicles",0,,
,"LPG/Other gases","Passenger Vehicles",0,,
,,"Light Commercial Vehicles",0,,
,"Dual fuel","Passenger Vehicles",0,,
,,"Light Commercial Vehicles",0,,
,"Other","Passenger Vehicles",0,,
,,"Light Commercial Vehicles",0,,
,"Unknown","Passenger Vehicles",0,,
,,"Light Commercial Vehicles",0,,
"5031","Diesel","Passenger Vehicles",676,,
,,"Light Commercial Vehicles",1092,,
,"Electric","Passenger Vehicles",11,,
,,"Light Commercial Vehicles",0,,
,"Petrol leaded","Passenger Vehicles",160,,
,,"Light Commercial Vehicles",22,,
,"Petrol unleaded","Passenger Vehicles",6393,,
,,"Light Commercial Vehicles",787,,
,"LPG/Other gases","Passenger Vehicles",32,,
,,"Light Commercial Vehicles",16,,
,"Dual fuel","Passenger Vehicles",0,,
,,"Light Commercial Vehicles",0,,
,"Other","Passenger Vehicles",3,,
,,"Light Commercial Vehicles",0,,
,"Unknown","Passenger Vehicles",0,,
,,"Light Commercial Vehicles",0,,
"5032","Diesel","Passenger Vehicles",621,,
,,"Light Commercial Vehicles",732,,
,"Electric","Passenger Vehicles",0,,
,,"Light Commercial Vehicles",0,,
,"Petrol leaded","Passenger Vehicles",218,,
,,"Light Commercial Vehicles",19,,
,"Petrol unleaded","Passenger Vehicles",7406,,
,,"Light Commercial Vehicles",503,,
,"LPG/Other gases","Passenger Vehicles",33,,
,,"Light Commercial Vehicles",5,,
,"Dual fuel","Passenger Vehicles",0,,
,,"Light Commercial Vehicles",0,,
,"Other","Passenger Vehicles",0,,
,,"Light Commercial Vehicles",0,,
,"Unknown","Passenger Vehicles",0,,
,,"Light Commercial Vehicles",0,,
"5033","Diesel","Passenger Vehicles",462,,
,,"Light Commercial Vehicles",1302,,
,"Electric","Passenger Vehicles",3,,
,,"Light Commercial Vehicles",0,,
,"Petrol leaded","Passenger Vehicles",121,,
,,"Light Commercial Vehicles",11,,
,"Petrol unleaded","Passenger Vehicles",5489,,
,,"Light Commercial Vehicles",496,,
,"LPG/Other gases","Passenger Vehicles",19,,
,,"Light Commercial Vehicles",11,,
,"Dual fuel","Passenger Vehicles",0,,
,,"Light Commercial Vehicles",0,,
,"Other","Passenger Vehicles",0,,
,,"Light Commercial Vehicles",0,,
,"Unknown","Passenger Vehicles",0,,
,,"Light Commercial Vehicles",0,,
"5034","Diesel","Passenger Vehicles",846,,
,,"Light Commercial Vehicles",744,,
,"Electric","Passenger Vehicles",9,,
,,"Light Commercial Vehicles",0,,
,"Petrol leaded","Passenger Vehicles",163,,
,,"Light Commercial Vehicles",18,,
,"Petrol unleaded","Passenger Vehicles",6250,,
,,"Light Commercial Vehicles",292,,
,"LPG/Other gases","Passenger Vehicles",24,,
,,"Light Commercial Vehicles",10,,
,"Dual fuel","Passenger Vehicles",0,,
,,"Light Commercial Vehicles",0,,
,"Other","Passenger Vehicles",0,,
,,"Light Commercial Vehicles",0,,
,"Unknown","Passenger Vehicles",0,,
,,"Light Commercial Vehicles",0,,
"5035","Diesel","Passenger Vehicles",477,,
,,"Light Commercial Vehicles",872,,
,"Electric","Passenger Vehicles",0,,
,,"Light Commercial Vehicles",0,,
,"Petrol leaded","Passenger Vehicles",80,,
,,"Light Commercial Vehicles",9,,
,"Petrol unleaded","Passenger Vehicles",3702,,
,,"Light Commercial Vehicles",266,,
,"LPG/Other gases","Passenger Vehicles",14,,
,,"Light Commercial Vehicles",11,,
,"Dual fuel","Passenger Vehicles",0,,
,,"Light Commercial Vehicles",0,,
,"Other","Passenger Vehicles",3,,
,,"Light Commercial Vehicles",0,,
,"Unknown","Passenger Vehicles",0,,
,,"Light Commercial Vehicles",0,,
"5036","Diesel","Passenger Vehicles",0,,
,,"Light Commercial Vehicles",0,,
,"Electric","Passenger Vehicles",0,,
,,"Light Commercial Vehicles",0,,
,"Petrol leaded","Passenger Vehicles",0,,
,,"Light Commercial Vehicles",0,,
,"Petrol unleaded","Passenger Vehicles",0,,
,,"Light Commercial Vehicles",0,,
,"LPG/Other gases","Passenger Vehicles",0,,
,,"Light Commercial Vehicles",0,,
,"Dual fuel","Passenger Vehicles",0,,
,,"Light Commercial Vehicles",0,,
,"Other","Passenger Vehicles",0,,
,,"Light Commercial Vehicles",0,,
,"Unknown","Passenger Vehicles",0,,
,,"Light Commercial Vehicles",0,,
"5037","Diesel","Passenger Vehicles",480,,
,,"Light Commercial Vehicles",460,,
,"Electric","Passenger Vehicles",0,,
,,"Light Commercial Vehicles",0,,
,"Petrol leaded","Passenger Vehicles",116,,
,,"Light Commercial Vehicles",17,,
,"Petrol unleaded","Passenger Vehicles",6075,,
,,"Light Commercial Vehicles",361,,
,"LPG/Other gases","Passenger Vehicles",34,,
,,"Light Commercial Vehicles",18,,
,"Dual fuel","Passenger Vehicles",0,,
,,"Light Commercial Vehicles",0,,
,"Other","Passenger Vehicles",3,,
,,"Light Commercial Vehicles",0,,
,"Unknown","Passenger Vehicles",0,,
,,"Light Commercial Vehicles",0,,
"5038","Diesel","Passenger Vehicles",624,,
,,"Light Commercial Vehicles",632,,
,"Electric","Passenger Vehicles",0,,
,,"Light Commercial Vehicles",0,,
,"Petrol leaded","Passenger Vehicles",167,,
,,"Light Commercial Vehicles",24,,
,"Petrol unleaded","Passenger Vehicles",8809,,
,,"Light Commercial Vehicles",387,,
,"LPG/Other gases","Passenger Vehicles",43,,
,,"Light Commercial Vehicles",9,,
,"Dual fuel","Passenger Vehicles",0,,
,,"Light Commercial Vehicles",0,,
,"Other","Passenger Vehicles",0,,
,,"Light Commercial Vehicles",0,,
,"Unknown","Passenger Vehicles",0,,
,,"Light Commercial Vehicles",0,,
"5039","Diesel","Passenger Vehicles",524,,
,,"Light Commercial Vehicles",989,,
,"Electric","Passenger Vehicles",0,,
,,"Light Commercial Vehicles",0,,
,"Petrol leaded","Passenger Vehicles",132,,
,,"Light Commercial Vehicles",23,,
,"Petrol unleaded","Passenger Vehicles",5456,,
,,"Light Commercial Vehicles",621,,
,"LPG/Other gases","Passenger Vehicles",17,,
,,"Light Commercial Vehicles",14,,
,"Dual fuel","Passenger Vehicles",0,,
,,"Light Commercial Vehicles",0,,
,"Other","Passenger Vehicles",0,,
,,"Light Commercial Vehicles",0,,
,"Unknown","Passenger Vehicles",0,,
,,"Light Commercial Vehicles",0,,
"5040","Diesel","Passenger Vehicles",147,,
,,"Light Commercial Vehicles",73,,
,"Electric","Passenger Vehicles",3,,
,,"Light Commercial Vehicles",0,,
,"Petrol leaded","Passenger Vehicles",32,,
,,"Light Commercial Vehicles",3,,
,"Petrol unleaded","Passenger Vehicles",1360,,
,,"Light Commercial Vehicles",44,,
,"LPG/Other gases","Passenger Vehicles",3,,
,,"Light Commercial Vehicles",0,,
,"Dual fuel","Passenger Vehicles",0,,
,,"Light Commercial Vehicles",0,,
,"Other","Passenger Vehicles",0,,
,,"Light Commercial Vehicles",0,,
,"Unknown","Passenger Vehicles",0,,
,,"Light Commercial Vehicles",0,,
"5041","Diesel","Passenger Vehicles",772,,
,,"Light Commercial Vehicles",512,,
,"Electric","Passenger Vehicles",3,,
,,"Light Commercial Vehicles",0,,
,"Petrol leaded","Passenger Vehicles",210,,
,,"Light Commercial Vehicles",31,,
,"Petrol unleaded","Passenger Vehicles",7355,,
,,"Light Commercial Vehicles",364,,
,"LPG/Other gases","Passenger Vehicles",21,,
,,"Light Commercial Vehicles",9,,
,"Dual fuel","Passenger Vehicles",0,,
,,"Light Commercial Vehicles",0,,
,"Other","Passenger Vehicles",3,,
,,"Light Commercial Vehicles",0,,
,"Unknown","Passenger Vehicles",0,,
,,"Light Commercial Vehicles",0,,
"5042","Diesel","Passenger Vehicles",911,,
,,"Light Commercial Vehicles",613,,
,"Electric","Passenger Vehicles",32,,
,,"Light Commercial Vehicles",0,,
,"Petrol leaded","Passenger Vehicles",141,,
,,"Light Commercial Vehicles",12,,
,"Petrol unleaded","Passenger Vehicles",6690,,
,,"Light Commercial Vehicles",323,,
,"LPG/Other gases","Passenger Vehicles",23,,
,,"Light Commercial Vehicles",12,,
,"Dual fuel","Passenger Vehicles",0,,
,,"Light Commercial Vehicles",0,,
,"Other","Passenger Vehicles",0,,
,,"Light Commercial Vehicles",0,,
,"Unknown","Passenger Vehicles",0,,
,,"Light Commercial Vehicles",0,,
"5043","Diesel","Passenger Vehicles",627,,
,,"Light Commercial Vehicles",571,,
,"Electric","Passenger Vehicles",3,,
,,"Light Commercial Vehicles",0,,
,"Petrol leaded","Passenger Vehicles",167,,
,,"Light Commercial Vehicles",16,,
,"Petrol unleaded","Passenger Vehicles",10091,,
,,"Light Commercial Vehicles",374,,
,"LPG/Other gases","Passenger Vehicles",50,,
,,"Light Commercial Vehicles",18,,
,"Dual fuel","Passenger Vehicles",0,,
,,"Light Commercial Vehicles",0,,
,"Other","Passenger Vehicles",3,,
,,"Light Commercial Vehicles",0,,
,"Unknown","Passenger Vehicles",0,,
,,"Light Commercial Vehicles",0,,
"5044","Diesel","Passenger Vehicles",758,,
,,"Light Commercial Vehicles",509,,
,"Electric","Passenger Vehicles",3,,
,,"Light Commercial Vehicles",0,,
,"Petrol leaded","Passenger Vehicles",122,,
,,"Light Commercial Vehicles",21,,
,"Petrol unleaded","Passenger Vehicles",6536,,
,,"Light Commercial Vehicles",345,,
,"LPG/Other gases","Passenger Vehicles",25,,
,,"Light Commercial Vehicles",5,,
,"Dual fuel","Passenger Vehicles",0,,
,,"Light Commercial Vehicles",0,,
,"Other","Passenger Vehicles",0,,
,,"Light Commercial Vehicles",0,,
,"Unknown","Passenger Vehicles",0,,
,,"Light Commercial Vehicles",0,,
"5045","Diesel","Passenger Vehicles",1002,,
,,"Light Commercial Vehicles",621,,
,"Electric","Passenger Vehicles",4,,
,,"Light Commercial Vehicles",0,,
,"Petrol leaded","Passenger Vehicles",181,,
,,"Light Commercial Vehicles",18,,
,"Petrol unleaded","Passenger Vehicles",8971,,
,,"Light Commercial Vehicles",401,,
,"LPG/Other gases","Passenger Vehicles",29,,
,,"Light Commercial Vehicles",25,,
,"Dual fuel","Passenger Vehicles",0,,
,,"Light Commercial Vehicles",3,,
,"Other","Passenger Vehicles",3,,
,,"Light Commercial Vehicles",0,,
,"Unknown","Passenger Vehicles",0,,
,,"Light Commercial Vehicles",0,,
"5046","Diesel","Passenger Vehicles",356,,
,,"Light Commercial Vehicles",322,,
,"Electric","Passenger Vehicles",3,,
,,"Light Commercial Vehicles",0,,
,"Petrol leaded","Passenger Vehicles",103,,
,,"Light Commercial Vehicles",13,,
,"Petrol unleaded","Passenger Vehicles",4937,,
,,"Light Commercial Vehicles",212,,
,"LPG/Other gases","Passenger Vehicles",16,,
,,"Light Commercial Vehicles",9,,
,"Dual fuel","Passenger Vehicles",0,,
,,"Light Commercial Vehicles",0,,
,"Other","Passenger Vehicles",3,,
,,"Light Commercial Vehicles",0,,
,"Unknown","Passenger Vehicles",0,,
,,"Light Commercial Vehicles",0,,
"5047","Diesel","Passenger Vehicles",411,,
,,"Light Commercial Vehicles",389,,
,"Electric","Passenger Vehicles",0,,
,,"Light Commercial Vehicles",0,,
,"Petrol leaded","Passenger Vehicles",67,,
,,"Light Commercial Vehicles",8,,
,"Petrol unleaded","Passenger Vehicles",4682,,
,,"Light Commercial Vehicles",239,,
,"LPG/Other gases","Passenger Vehicles",26,,
,,"Light Commercial Vehicles",9,,
,"Dual fuel","Passenger Vehicles",0,,
,,"Light Commercial Vehicles",0,,
,"Other","Passenger Vehicles",0,,
,,"Light Commercial Vehicles",0,,
,"Unknown","Passenger Vehicles",0,,
,,"Light Commercial Vehicles",0,,
"5048","Diesel","Passenger Vehicles",927,,
,,"Light Commercial Vehicles",549,,
,"Electric","Passenger Vehicles",3,,
,,"Light Commercial Vehicles",0,,
,"Petrol leaded","Passenger Vehicles",198,,
,,"Light Commercial Vehicles",25,,
,"Petrol unleaded","Passenger Vehicles",8302,,
,,"Light Commercial Vehicles",320,,
,"LPG/Other gases","Passenger Vehicles",27,,
,,"Light Commercial Vehicles",9,,
,"Dual fuel","Passenger Vehicles",0,,
,,"Light Commercial Vehicles",0,,
,"Other","Passenger Vehicles",0,,
,,"Light Commercial Vehicles",0,,
,"Unknown","Passenger Vehicles",0,,
,,"Light Commercial Vehicles",0,,
"5049","Diesel","Passenger Vehicles",731,,
,,"Light Commercial Vehicles",538,,
,"Electric","Passenger Vehicles",3,,
,,"Light Commercial Vehicles",0,,
,"Petrol leaded","Passenger Vehicles",205,,
,,"Light Commercial Vehicles",21,,
,"Petrol unleaded","Passenger Vehicles",5787,,
,,"Light Commercial Vehicles",329,,
,"LPG/Other gases","Passenger Vehicles",31,,
,,"Light Commercial Vehicles",16,,
,"Dual fuel","Passenger Vehicles",0,,
,,"Light Commercial Vehicles",0,,
,"Other","Passenger Vehicles",0,,
,,"Light Commercial Vehicles",0,,
,"Unknown","Passenger Vehicles",0,,
,,"Light Commercial Vehicles",0,,
"5050","Diesel","Passenger Vehicles",378,,
,,"Light Commercial Vehicles",231,,
,"Electric","Passenger Vehicles",3,,
,,"Light Commercial Vehicles",0,,
,"Petrol leaded","Passenger Vehicles",106,,
,,"Light Commercial Vehicles",17,,
,"Petrol unleaded","Passenger Vehicles",3354,,
,,"Light Commercial Vehicles",153,,
,"LPG/Other gases","Passenger Vehicles",12,,
,,"Light Commercial Vehicles",3,,
,"Dual fuel","Passenger Vehicles",0,,
,,"Light Commercial Vehicles",0,,
,"Other","Passenger Vehicles",0,,
,,"Light Commercial Vehicles",0,,
,"Unknown","Passenger Vehicles",0,,
,,"Light Commercial Vehicles",0,,
"5051","Diesel","Passenger Vehicles",1119,,
,,"Light Commercial Vehicles",629,,
,"Electric","Passenger Vehicles",0,,
,,"Light Commercial Vehicles",0,,
,"Petrol leaded","Passenger Vehicles",281,,
,,"Light Commercial Vehicles",32,,
,"Petrol unleaded","Passenger Vehicles",8364,,
,,"Light Commercial Vehicles",396,,
,"LPG/Other gases","Passenger Vehicles",35,,
,,"Light Commercial Vehicles",13,,
,"Dual fuel","Passenger Vehicles",0,,
,,"Light Commercial Vehicles",0,,
,"Other","Passenger Vehicles",3,,
,,"Light Commercial Vehicles",0,,
,"Unknown","Passenger Vehicles",0,,
,,"Light Commercial Vehicles",0,,
"5052","Diesel","Passenger Vehicles",532,,
,,"Light Commercial Vehicles",272,,
,"Electric","Passenger Vehicles",3,,
,,"Light Commercial Vehicles",0,,
,"Petrol leaded","Passenger Vehicles",182,,
,,"Light Commercial Vehicles",10,,
,"Petrol unleaded","Passenger Vehicles",3900,,
,,"Light Commercial Vehicles",163,,
,"LPG/Other gases","Passenger Vehicles",11,,
,,"Light Commercial Vehicles",11,,
,"Dual fuel","Passenger Vehicles",0,,
,,"Light Commercial Vehicles",0,,
,"Other","Passenger Vehicles",3,,
,,"Light Commercial Vehicles",0,,
,"Unknown","Passenger Vehicles",0,,
,,"Light Commercial Vehicles",0,,
"5057","Diesel","Passenger Vehicles",0,,
,,"Light Commercial Vehicles",0,,
,"Electric","Passenger Vehicles",0,,
,,"Light Commercial Vehicles",0,,
,"Petrol leaded","Passenger Vehicles",0,,
,,"Light Commercial Vehicles",0,,
,"Petrol unleaded","Passenger Vehicles",3,,
,,"Light Commercial Vehicles",0,,
,"LPG/Other gases","Passenger Vehicles",0,,
,,"Light Commercial Vehicles",0,,
,"Dual fuel","Passenger Vehicles",0,,
,,"Light Commercial Vehicles",0,,
,"Other","Passenger Vehicles",0,,
,,"Light Commercial Vehicles",0,,
,"Unknown","Passenger Vehicles",0,,
,,"Light Commercial Vehicles",0,,
"5059","Diesel","Passenger Vehicles",0,,
,,"Light Commercial Vehicles",0,,
,"Electric","Passenger Vehicles",0,,
,,"Light Commercial Vehicles",0,,
,"Petrol leaded","Passenger Vehicles",0,,
,,"Light Commercial Vehicles",0,,
,"Petrol unleaded","Passenger Vehicles",0,,
,,"Light Commercial Vehicles",0,,
,"LPG/Other gases","Passenger Vehicles",0,,
,,"Light Commercial Vehicles",0,,
,"Dual fuel","Passenger Vehicles",0,,
,,"Light Commercial Vehicles",0,,
,"Other","Passenger Vehicles",0,,
,,"Light Commercial Vehicles",0,,
,"Unknown","Passenger Vehicles",0,,
,,"Light Commercial Vehicles",0,,
"5061","Diesel","Passenger Vehicles",937,,
,,"Light Commercial Vehicles",488,,
,"Electric","Passenger Vehicles",8,,
,,"Light Commercial Vehicles",0,,
,"Petrol leaded","Passenger Vehicles",224,,
,,"Light Commercial Vehicles",22,,
,"Petrol unleaded","Passenger Vehicles",5744,,
,,"Light Commercial Vehicles",255,,
,"LPG/Other gases","Passenger Vehicles",12,,
,,"Light Commercial Vehicles",6,,
,"Dual fuel","Passenger Vehicles",0,,
,,"Light Commercial Vehicles",0,,
,"Other","Passenger Vehicles",0,,
,,"Light Commercial Vehicles",0,,
,"Unknown","Passenger Vehicles",0,,
,,"Light Commercial Vehicles",0,,
"5062","Diesel","Passenger Vehicles",1388,,
,,"Light Commercial Vehicles",445,,
,"Electric","Passenger Vehicles",5,,
,,"Light Commercial Vehicles",0,,
,"Petrol leaded","Passenger Vehicles",306,,
,,"Light Commercial Vehicles",20,,
,"Petrol unleaded","Passenger Vehicles",8743,,
,,"Light Commercial Vehicles",297,,
,"LPG/Other gases","Passenger Vehicles",25,,
,,"Light Commercial Vehicles",7,,
,"Dual fuel","Passenger Vehicles",0,,
,,"Light Commercial Vehicles",0,,
,"Other","Passenger Vehicles",0,,
,,"Light Commercial Vehicles",0,,
,"Unknown","Passenger Vehicles",0,,
,,"Light Commercial Vehicles",0,,
"5063","Diesel","Passenger Vehicles",940,,
,,"Light Commercial Vehicles",845,,
,"Electric","Passenger Vehicles",5,,
,,"Light Commercial Vehicles",0,,
,"Petrol leaded","Passenger Vehicles",144,,
,,"Light Commercial Vehicles",18,,
,"Petrol unleaded","Passenger Vehicles",7489,,
,,"Light Commercial Vehicles",318,,
,"LPG/Other gases","Passenger Vehicles",11,,
,,"Light Commercial Vehicles",7,,
,"Dual fuel","Passenger Vehicles",0,,
,,"Light Commercial Vehicles",0,,
,"Other","Passenger Vehicles",6,,
,,"Light Commercial Vehicles",0,,
,"Unknown","Passenger Vehicles",0,,
,,"Light Commercial Vehicles",0,,
"5064","Diesel","Passenger Vehicles",896,,
,,"Light Commercial Vehicles",278,,
,"Electric","Passenger Vehicles",5,,
,,"Light Commercial Vehicles",0,,
,"Petrol leaded","Passenger Vehicles",202,,
,,"Light Commercial Vehicles",6,,
,"Petrol unleaded","Passenger Vehicles",5721,,
,,"Light Commercial Vehicles",165,,
,"LPG/Other gases","Passenger Vehicles",13,,
,,"Light Commercial Vehicles",4,,
,"Dual fuel","Passenger Vehicles",0,,
,,"Light Commercial Vehicles",0,,
,"Other","Passenger Vehicles",3,,
,,"Light Commercial Vehicles",0,,
,"Unknown","Passenger Vehicles",0,,
,,"Light Commercial Vehicles",0,,
"5065","Diesel","Passenger Vehicles",809,,
,,"Light Commercial Vehicles",331,,
,"Electric","Passenger Vehicles",5,,
,,"Light Commercial Vehicles",0,,
,"Petrol leaded","Passenger Vehicles",187,,
,,"Light Commercial Vehicles",14,,
,"Petrol unleaded","Passenger Vehicles",5846,,
,,"Light Commercial Vehicles",133,,
,"LPG/Other gases","Passenger Vehicles",16,,
,,"Light Commercial Vehicles",5,,
,"Dual fuel","Passenger Vehicles",0,,
,,"Light Commercial Vehicles",0,,
,"Other","Passenger Vehicles",0,,
,,"Light Commercial Vehicles",0,,
,"Unknown","Passenger Vehicles",0,,
,,"Light Commercial Vehicles",0,,
"5066","Diesel","Passenger Vehicles",1065,,
,,"Light Commercial Vehicles",301,,
,"Electric","Passenger Vehicles",5,,
,,"Light Commercial Vehicles",0,,
,"Petrol leaded","Passenger Vehicles",229,,
,,"Light Commercial Vehicles",15,,
,"Petrol unleaded","Passenger Vehicles",7197,,
,,"Light Commercial Vehicles",202,,
,"LPG/Other gases","Passenger Vehicles",14,,
,,"Light Commercial Vehicles",8,,
,"Dual fuel","Passenger Vehicles",0,,
,,"Light Commercial Vehicles",0,,
,"Other","Passenger Vehicles",3,,
,,"Light Commercial Vehicles",0,,
,"Unknown","Passenger Vehicles",0,,
,,"Light Commercial Vehicles",0,,
"5067","Diesel","Passenger Vehicles",1040,,
,,"Light Commercial Vehicles",1277,,
,"Electric","Passenger Vehicles",7,,
,,"Light Commercial Vehicles",0,,
,"Petrol leaded","Passenger Vehicles",150,,
,,"Light Commercial Vehicles",17,,
,"Petrol unleaded","Passenger Vehicles",6516,,
,,"Light Commercial Vehicles",410,,
,"LPG/Other gases","Passenger Vehicles",16,,
,,"Light Commercial Vehicles",21,,
,"Dual fuel","Passenger Vehicles",0,,
,,"Light Commercial Vehicles",0,,
,"Other","Passenger Vehicles",0,,
,,"Light Commercial Vehicles",0,,
,"Unknown","Passenger Vehicles",0,,
,,"Light Commercial Vehicles",0,,
"5068","Diesel","Passenger Vehicles",844,,
,,"Light Commercial Vehicles",412,,
,"Electric","Passenger Vehicles",4,,
,,"Light Commercial Vehicles",0,,
,"Petrol leaded","Passenger Vehicles",173,,
,,"Light Commercial Vehicles",20,,
,"Petrol unleaded","Passenger Vehicles",7094,,
,,"Light Commercial Vehicles",251,,
,"LPG/Other gases","Passenger Vehicles",19,,
,,"Light Commercial Vehicles",5,,
,"Dual fuel","Passenger Vehicles",0,,
,,"Light Commercial Vehicles",0,,
,"Other","Passenger Vehicles",3,,
,,"Light Commercial Vehicles",0,,
,"Unknown","Passenger Vehicles",0,,
,,"Light Commercial Vehicles",0,,
"5069","Diesel","Passenger Vehicles",682,,
,,"Light Commercial Vehicles",451,,
,"Electric","Passenger Vehicles",3,,
,,"Light Commercial Vehicles",0,,
,"Petrol leaded","Passenger Vehicles",164,,
,,"Light Commercial Vehicles",15,,
,"Petrol unleaded","Passenger Vehicles",4782,,
,,"Light Commercial Vehicles",220,,
,"LPG/Other gases","Passenger Vehicles",18,,
,,"Light Commercial Vehicles",3,,
,"Dual fuel","Passenger Vehicles",0,,
,,"Light Commercial Vehicles",0,,
,"Other","Passenger Vehicles",0,,
,,"Light Commercial Vehicles",0,,
,"Unknown","Passenger Vehicles",0,,
,,"Light Commercial Vehicles",0,,
"5070","Diesel","Passenger Vehicles",710,,
,,"Light Commercial Vehicles",450,,
,"Electric","Passenger Vehicles",3,,
,,"Light Commercial Vehicles",0,,
,"Petrol leaded","Passenger Vehicles",213,,
,,"Light Commercial Vehicles",15,,
,"Petrol unleaded","Passenger Vehicles",8098,,
,,"Light Commercial Vehicles",403,,
,"LPG/Other gases","Passenger Vehicles",22,,
,,"Light Commercial Vehicles",9,,
,"Dual fuel","Passenger Vehicles",0,,
,,"Light Commercial Vehicles",0,,
,"Other","Passenger Vehicles",0,,
,,"Light Commercial Vehicles",0,,
,"Unknown","Passenger Vehicles",0,,
,,"Light Commercial Vehicles",0,,
"5071","Diesel","Passenger Vehicles",0,,
,,"Light Commercial Vehicles",11,,
,"Electric","Passenger Vehicles",0,,
,,"Light Commercial Vehicles",0,,
,"Petrol leaded","Passenger Vehicles",0,,
,,"Light Commercial Vehicles",0,,
,"Petrol unleaded","Passenger Vehicles",19,,
,,"Light Commercial Vehicles",0,,
,"LPG/Other gases","Passenger Vehicles",0,,
,,"Light Commercial Vehicles",0,,
,"Dual fuel","Passenger Vehicles",0,,
,,"Light Commercial Vehicles",0,,
,"Other","Passenger Vehicles",0,,
,,"Light Commercial Vehicles",0,,
,"Unknown","Passenger Vehicles",0,,
,,"Light Commercial Vehicles",0,,
"5072","Diesel","Passenger Vehicles",747,,
,,"Light Commercial Vehicles",394,,
,"Electric","Passenger Vehicles",5,,
,,"Light Commercial Vehicles",0,,
,"Petrol leaded","Passenger Vehicles",199,,
,,"Light Commercial Vehicles",15,,
,"Petrol unleaded","Passenger Vehicles",7315,,
,,"Light Commercial Vehicles",332,,
,"LPG/Other gases","Passenger Vehicles",23,,
,,"Light Commercial Vehicles",9,,
,"Dual fuel","Passenger Vehicles",0,,
,,"Light Commercial Vehicles",0,,
,"Other","Passenger Vehicles",3,,
,,"Light Commercial Vehicles",0,,
,"Unknown","Passenger Vehicles",0,,
,,"Light Commercial Vehicles",0,,
"5073","Diesel","Passenger Vehicles",679,,
,,"Light Commercial Vehicles",462,,
,"Electric","Passenger Vehicles",3,,
,,"Light Commercial Vehicles",0,,
,"Petrol leaded","Passenger Vehicles",256,,
,,"Light Commercial Vehicles",33,,
,"Petrol unleaded","Passenger Vehicles",8790,,
,,"Light Commercial Vehicles",396,,
,"LPG/Other gases","Passenger Vehicles",34,,
,,"Light Commercial Vehicles",12,,
,"Dual fuel","Passenger Vehicles",0,,
,,"Light Commercial Vehicles",0,,
,"Other","Passenger Vehicles",3,,
,,"Light Commercial Vehicles",0,,
,"Unknown","Passenger Vehicles",0,,
,,"Light Commercial Vehicles",0,,
"5074","Diesel","Passenger Vehicles",485,,
,,"Light Commercial Vehicles",524,,
,"Electric","Passenger Vehicles",3,,
,,"Light Commercial Vehicles",0,,
,"Petrol leaded","Passenger Vehicles",224,,
,,"Light Commercial Vehicles",18,,
,"Petrol unleaded","Passenger Vehicles",7285,,
,,"Light Commercial Vehicles",429,,
,"LPG/Other gases","Passenger Vehicles",21,,
,,"Light Commercial Vehicles",8,,
,"Dual fuel","Passenger Vehicles",0,,
,,"Light Commercial Vehicles",0,,
,"Other","Passenger Vehicles",3,,
,,"Light Commercial Vehicles",0,,
,"Unknown","Passenger Vehicles",0,,
,,"Light Commercial Vehicles",0,,
"5075","Diesel","Passenger Vehicles",535,,
,,"Light Commercial Vehicles",350,,
,"Electric","Passenger Vehicles",3,,
,,"Light Commercial Vehicles",0,,
,"Petrol leaded","Passenger Vehicles",184,,
,,"Light Commercial Vehicles",28,,
,"Petrol unleaded","Passenger Vehicles",6316,,
,,"Light Commercial Vehicles",280,,
,"LPG/Other gases","Passenger Vehicles",28,,
,,"Light Commercial Vehicles",5,,
,"Dual fuel","Passenger Vehicles",0,,
,,"Light Commercial Vehicles",0,,
,"Other","Passenger Vehicles",0,,
,,"Light Commercial Vehicles",0,,
,"Unknown","Passenger Vehicles",0,,
,,"Light Commercial Vehicles",0,,
"5076","Diesel","Passenger Vehicles",508,,
,,"Light Commercial Vehicles",417,,
,"Electric","Passenger Vehicles",3,,
,,"Light Commercial Vehicles",0,,
,"Petrol leaded","Passenger Vehicles",178,,
,,"Light Commercial Vehicles",11,,
,"Petrol unleaded","Passenger Vehicles",5789,,
,,"Light Commercial Vehicles",323,,
,"LPG/Other gases","Passenger Vehicles",21,,
,,"Light Commercial Vehicles",8,,
,"Dual fuel","Passenger Vehicles",0,,
,,"Light Commercial Vehicles",0,,
,"Other","Passenger Vehicles",0,,
,,"Light Commercial Vehicles",0,,
,"Unknown","Passenger Vehicles",0,,
,,"Light Commercial Vehicles",0,,
"5081","Diesel","Passenger Vehicles",826,,
,,"Light Commercial Vehicles",399,,
,"Electric","Passenger Vehicles",3,,
,,"Light Commercial Vehicles",0,,
,"Petrol leaded","Passenger Vehicles",145,,
,,"Light Commercial Vehicles",14,,
,"Petrol unleaded","Passenger Vehicles",5500,,
,,"Light Commercial Vehicles",183,,
,"LPG/Other gases","Passenger Vehicles",18,,
,,"Light Commercial Vehicles",12,,
,"Dual fuel","Passenger Vehicles",0,,
,,"Light Commercial Vehicles",0,,
,"Other","Passenger Vehicles",0,,
,,"Light Commercial Vehicles",0,,
,"Unknown","Passenger Vehicles",0,,
,,"Light Commercial Vehicles",0,,
"5082","Diesel","Passenger Vehicles",910,,
,,"Light Commercial Vehicles",598,,
,"Electric","Passenger Vehicles",0,,
,,"Light Commercial Vehicles",0,,
,"Petrol leaded","Passenger Vehicles",259,,
,,"Light Commercial Vehicles",31,,
,"Petrol unleaded","Passenger Vehicles",8378,,
,,"Light Commercial Vehicles",410,,
,"LPG/Other gases","Passenger Vehicles",26,,
,,"Light Commercial Vehicles",11,,
,"Dual fuel","Passenger Vehicles",0,,
,,"Light Commercial Vehicles",0,,
,"Other","Passenger Vehicles",3,,
,,"Light Commercial Vehicles",3,,
,"Unknown","Passenger Vehicles",0,,
,,"Light Commercial Vehicles",0,,
"5083","Diesel","Passenger Vehicles",415,,
,,"Light Commercial Vehicles",318,,
,"Electric","Passenger Vehicles",3,,
,,"Light Commercial Vehicles",0,,
,"Petrol leaded","Passenger Vehicles",106,,
,,"Light Commercial Vehicles",24,,
,"Petrol unleaded","Passenger Vehicles",4561,,
,,"Light Commercial Vehicles",254,,
,"LPG/Other gases","Passenger Vehicles",21,,
,,"Light Commercial Vehicles",8,,
,"Dual fuel","Passenger Vehicles",0,,
,,"Light Commercial Vehicles",0,,
,"Other","Passenger Vehicles",0,,
,,"Light Commercial Vehicles",0,,
,"Unknown","Passenger Vehicles",0,,
,,"Light Commercial Vehicles",0,,
"5084","Diesel","Passenger Vehicles",324,,
,,"Light Commercial Vehicles",447,,
,"Electric","Passenger Vehicles",0,,
,,"Light Commercial Vehicles",0,,
,"Petrol leaded","Passenger Vehicles",77,,
,,"Light Commercial Vehicles",9,,
,"Petrol unleaded","Passenger Vehicles",5367,,
,,"Light Commercial Vehicles",324,,
,"LPG/Other gases","Passenger Vehicles",40,,
,,"Light Commercial Vehicles",10,,
,"Dual fuel","Passenger Vehicles",0,,
,,"Light Commercial Vehicles",0,,
,"Other","Passenger Vehicles",0,,
,,"Light Commercial Vehicles",0,,
,"Unknown","Passenger Vehicles",0,,
,,"Light Commercial Vehicles",0,,
"5085","Diesel","Passenger Vehicles",842,,
,,"Light Commercial Vehicles",709,,
,"Electric","Passenger Vehicles",0,,
,,"Light Commercial Vehicles",0,,
,"Petrol leaded","Passenger Vehicles",164,,
,,"Light Commercial Vehicles",27,,
,"Petrol unleaded","Passenger Vehicles",11642,,
,,"Light Commercial Vehicles",506,,
,"LPG/Other gases","Passenger Vehicles",70,,
,,"Light Commercial Vehicles",29,,
,"Dual fuel","Passenger Vehicles",0,,
,,"Light Commercial Vehicles",0,,
,"Other","Passenger Vehicles",0,,
,,"Light Commercial Vehicles",0,,
,"Unknown","Passenger Vehicles",0,,
,,"Light Commercial Vehicles",0,,
"5086","Diesel","Passenger Vehicles",727,,
,,"Light Commercial Vehicles",540,,
,"Electric","Passenger Vehicles",3,,
,,"Light Commercial Vehicles",0,,
,"Petrol leaded","Passenger Vehicles",140,,
,,"Light Commercial Vehicles",17,,
,"Petrol unleaded","Passenger Vehicles",9325,,
,,"Light Commercial Vehicles",400,,
,"LPG/Other gases","Passenger Vehicles",44,,
,,"Light Commercial Vehicles",6,,
,"Dual fuel","Passenger Vehicles",0,,
,,"Light Commercial Vehicles",0,,
,"Other","Passenger Vehicles",3,,
,,"Light Commercial Vehicles",0,,
,"Unknown","Passenger Vehicles",0,,
,,"Light Commercial Vehicles",0,,
"5087","Diesel","Passenger Vehicles",599,,
,,"Light Commercial Vehicles",1094,,
,"Electric","Passenger Vehicles",3,,
,,"Light Commercial Vehicles",0,,
,"Petrol leaded","Passenger Vehicles",116,,
,,"Light Commercial Vehicles",8,,
,"Petrol unleaded","Passenger Vehicles",6893,,
,,"Light Commercial Vehicles",466,,
,"LPG/Other gases","Passenger Vehicles",30,,
,,"Light Commercial Vehicles",10,,
,"Dual fuel","Passenger Vehicles",0,,
,,"Light Commercial Vehicles",0,,
,"Other","Passenger Vehicles",0,,
,,"Light Commercial Vehicles",0,,
,"Unknown","Passenger Vehicles",0,,
,,"Light Commercial Vehicles",0,,
"5088","Diesel","Passenger Vehicles",141,,
,,"Light Commercial Vehicles",225,,
,"Electric","Passenger Vehicles",0,,
,,"Light Commercial Vehicles",0,,
,"Petrol leaded","Passenger Vehicles",43,,
,,"Light Commercial Vehicles",4,,
,"Petrol unleaded","Passenger Vehicles",2107,,
,,"Light Commercial Vehicles",208,,
,"LPG/Other gases","Passenger Vehicles",10,,
,,"Light Commercial Vehicles",6,,
,"Dual fuel","Passenger Vehicles",0,,
,,"Light Commercial Vehicles",0,,
,"Other","Passenger Vehicles",3,,
,,"Light Commercial Vehicles",0,,
,"Unknown","Passenger Vehicles",0,,
,,"Light Commercial Vehicles",0,,
"5089","Diesel","Passenger Vehicles",418,,
,,"Light Commercial Vehicles",310,,
,"Electric","Passenger Vehicles",0,,
,,"Light Commercial Vehicles",0,,
,"Petrol leaded","Passenger Vehicles",158,,
,,"Light Commercial Vehicles",14,,
,"Petrol unleaded","Passenger Vehicles",3965,,
,,"Light Commercial Vehicles",249,,
,"LPG/Other gases","Passenger Vehicles",22,,
,,"Light Commercial Vehicles",3,,
,"Dual fuel","Passenger Vehicles",0,,
,,"Light Commercial Vehicles",0,,
,"Other","Passenger Vehicles",0,,
,,"Light Commercial Vehicles",0,,
,"Unknown","Passenger Vehicles",0,,
,,"Light Commercial Vehicles",0,,
"5090","Diesel","Passenger Vehicles",328,,
,,"Light Commercial Vehicles",259,,
,"Electric","Passenger Vehicles",0,,
,,"Light Commercial Vehicles",0,,
,"Petrol leaded","Passenger Vehicles",115,,
,,"Light Commercial Vehicles",25,,
,"Petrol unleaded","Passenger Vehicles",4357,,
,,"Light Commercial Vehicles",213,,
,"LPG/Other gases","Passenger Vehicles",22,,
,,"Light Commercial Vehicles",4,,
,"Dual fuel","Passenger Vehicles",0,,
,,"Light Commercial Vehicles",0,,
,"Other","Passenger Vehicles",0,,
,,"Light Commercial Vehicles",0,,
,"Unknown","Passenger Vehicles",0,,
,,"Light Commercial Vehicles",0,,
"5091","Diesel","Passenger Vehicles",474,,
,,"Light Commercial Vehicles",425,,
,"Electric","Passenger Vehicles",3,,
,,"Light Commercial Vehicles",0,,
,"Petrol leaded","Passenger Vehicles",186,,
,,"Light Commercial Vehicles",23,,
,"Petrol unleaded","Passenger Vehicles",4387,,
,,"Light Commercial Vehicles",298,,
,"LPG/Other gases","Passenger Vehicles",19,,
,,"Light Commercial Vehicles",12,,
,"Dual fuel","Passenger Vehicles",0,,
,,"Light Commercial Vehicles",0,,
,"Other","Passenger Vehicles",0,,
,,"Light Commercial Vehicles",0,,
,"Unknown","Passenger Vehicles",0,,
,,"Light Commercial Vehicles",0,,
"5092","Diesel","Passenger Vehicles",769,,
,,"Light Commercial Vehicles",736,,
,"Electric","Passenger Vehicles",0,,
,,"Light Commercial Vehicles",0,,
,"Petrol leaded","Passenger Vehicles",216,,
,,"Light Commercial Vehicles",39,,
,"Petrol unleaded","Passenger Vehicles",9884,,
,,"Light Commercial Vehicles",538,,
,"LPG/Other gases","Passenger Vehicles",49,,
,,"Light Commercial Vehicles",20,,
,"Dual fuel","Passenger Vehicles",0,,
,,"Light Commercial Vehicles",0,,
,"Other","Passenger Vehicles",0,,
,,"Light Commercial Vehicles",0,,
,"Unknown","Passenger Vehicles",0,,
,,"Light Commercial Vehicles",0,,
"5093","Diesel","Passenger Vehicles",403,,
,,"Light Commercial Vehicles",326,,
,"Electric","Passenger Vehicles",0,,
,,"Light Commercial Vehicles",0,,
,"Petrol leaded","Passenger Vehicles",115,,
,,"Light Commercial Vehicles",18,,
,"Petrol unleaded","Passenger Vehicles",5151,,
,,"Light Commercial Vehicles",314,,
,"LPG/Other gases","Passenger Vehicles",39,,
,,"Light Commercial Vehicles",10,,
,"Dual fuel","Passenger Vehicles",0,,
,,"Light Commercial Vehicles",0,,
,"Other","Passenger Vehicles",0,,
,,"Light Commercial Vehicles",0,,
,"Unknown","Passenger Vehicles",0,,
,,"Light Commercial Vehicles",0,,
"5094","Diesel","Passenger Vehicles",241,,
,,"Light Commercial Vehicles",1202,,
,"Electric","Passenger Vehicles",0,,
,,"Light Commercial Vehicles",0,,
,"Petrol leaded","Passenger Vehicles",23,,
,,"Light Commercial Vehicles",9,,
,"Petrol unleaded","Passenger Vehicles",964,,
,,"Light Commercial Vehicles",323,,
,"LPG/Other gases","Passenger Vehicles",11,,
,,"Light Commercial Vehicles",9,,
,"Dual fuel","Passenger Vehicles",0,,
,,"Light Commercial Vehicles",0,,
,"Other","Passenger Vehicles",0,,
,,"Light Commercial Vehicles",0,,
,"Unknown","Passenger Vehicles",0,,
,,"Light Commercial Vehicles",0,,
"5095","Diesel","Passenger Vehicles",1035,,
,,"Light Commercial Vehicles",969,,
,"Electric","Passenger Vehicles",0,,
,,"Light Commercial Vehicles",0,,
,"Petrol leaded","Passenger Vehicles",160,,
,,"Light Commercial Vehicles",19,,
,"Petrol unleaded","Passenger Vehicles",11615,,
,,"Light Commercial Vehicles",596,,
,"LPG/Other gases","Passenger Vehicles",56,,
,,"Light Commercial Vehicles",24,,
,"Dual fuel","Passenger Vehicles",0,,
,,"Light Commercial Vehicles",0,,
,"Other","Passenger Vehicles",0,,
,,"Light Commercial Vehicles",0,,
,"Unknown","Passenger Vehicles",0,,
,,"Light Commercial Vehicles",0,,
"5096","Diesel","Passenger Vehicles",670,,
,,"Light Commercial Vehicles",801,,
,"Electric","Passenger Vehicles",0,,
,,"Light Commercial Vehicles",0,,
,"Petrol leaded","Passenger Vehicles",214,,
,,"Light Commercial Vehicles",28,,
,"Petrol unleaded","Passenger Vehicles",7804,,
,,"Light Commercial Vehicles",558,,
,"LPG/Other gases","Passenger Vehicles",58,,
,,"Light Commercial Vehicles",18,,
,"Dual fuel","Passenger Vehicles",0,,
,,"Light Commercial Vehicles",0,,
,"Other","Passenger Vehicles",3,,
,,"Light Commercial Vehicles",0,,
,"Unknown","Passenger Vehicles",0,,
,,"Light Commercial Vehicles",0,,
"5097","Diesel","Passenger Vehicles",703,,
,,"Light Commercial Vehicles",711,,
,"Electric","Passenger Vehicles",0,,
,,"Light Commercial Vehicles",0,,
,"Petrol leaded","Passenger Vehicles",174,,
,,"Light Commercial Vehicles",18,,
,"Petrol unleaded","Passenger Vehicles",7753,,
,,"Light Commercial Vehicles",469,,
,"LPG/Other gases","Passenger Vehicles",44,,
,,"Light Commercial Vehicles",15,,
,"Dual fuel","Passenger Vehicles",0,,
,,"Light Commercial Vehicles",0,,
,"Other","Passenger Vehicles",3,,
,,"Light Commercial Vehicles",0,,
,"Unknown","Passenger Vehicles",0,,
,,"Light Commercial Vehicles",0,,
"5098","Diesel","Passenger Vehicles",524,,
,,"Light Commercial Vehicles",394,,
,"Electric","Passenger Vehicles",0,,
,,"Light Commercial Vehicles",0,,
,"Petrol leaded","Passenger Vehicles",157,,
,,"Light Commercial Vehicles",21,,
,"Petrol unleaded","Passenger Vehicles",6921,,
,,"Light Commercial Vehicles",332,,
,"LPG/Other gases","Passenger Vehicles",59,,
,,"Light Commercial Vehicles",7,,
,"Dual fuel","Passenger Vehicles",0,,
,,"Light Commercial Vehicles",0,,
,"Other","Passenger Vehicles",0,,
,,"Light Commercial Vehicles",0,,
,"Unknown","Passenger Vehicles",0,,
,,"Light Commercial Vehicles",0,,
"5106","Diesel","Passenger Vehicles",46,,
,,"Light Commercial Vehicles",155,,
,"Electric","Passenger Vehicles",0,,
,,"Light Commercial Vehicles",0,,
,"Petrol leaded","Passenger Vehicles",0,,
,,"Light Commercial Vehicles",0,,
,"Petrol unleaded","Passenger Vehicles",249,,
,,"Light Commercial Vehicles",85,,
,"LPG/Other gases","Passenger Vehicles",4,,
,,"Light Commercial Vehicles",0,,
,"Dual fuel","Passenger Vehicles",0,,
,,"Light Commercial Vehicles",0,,
,"Other","Passenger Vehicles",0,,
,,"Light Commercial Vehicles",0,,
,"Unknown","Passenger Vehicles",0,,
,,"Light Commercial Vehicles",0,,
"5107","Diesel","Passenger Vehicles",687,,
,,"Light Commercial Vehicles",718,,
,"Electric","Passenger Vehicles",8,,
,,"Light Commercial Vehicles",0,,
,"Petrol leaded","Passenger Vehicles",155,,
,,"Light Commercial Vehicles",22,,
,"Petrol unleaded","Passenger Vehicles",9820,,
,,"Light Commercial Vehicles",567,,
,"LPG/Other gases","Passenger Vehicles",80,,
,,"Light Commercial Vehicles",29,,
,"Dual fuel","Passenger Vehicles",0,,
,,"Light Commercial Vehicles",0,,
,"Other","Passenger Vehicles",0,,
,,"Light Commercial Vehicles",0,,
,"Unknown","Passenger Vehicles",0,,
,,"Light Commercial Vehicles",0,,
"5108","Diesel","Passenger Vehicles",1422,,
,,"Light Commercial Vehicles",1505,,
,"Electric","Passenger Vehicles",0,,
,,"Light Commercial Vehicles",0,,
,"Petrol leaded","Passenger Vehicles",404,,
,,"Light Commercial Vehicles",76,,
,"Petrol unleaded","Passenger Vehicles",21847,,
,,"Light Commercial Vehicles",1256,,
,"LPG/Other gases","Passenger Vehicles",169,,
,,"Light Commercial Vehicles",54,,
,"Dual fuel","Passenger Vehicles",0,,
,,"Light Commercial Vehicles",0,,
,"Other","Passenger Vehicles",3,,
,,"Light Commercial Vehicles",0,,
,"Unknown","Passenger Vehicles",0,,
,,"Light Commercial Vehicles",0,,
"5109","Diesel","Passenger Vehicles",844,,
,,"Light Commercial Vehicles",960,,
,"Electric","Passenger Vehicles",0,,
,,"Light Commercial Vehicles",0,,
,"Petrol leaded","Passenger Vehicles",286,,
,,"Light Commercial Vehicles",36,,
,"Petrol unleaded","Passenger Vehicles",11345,,
,,"Light Commercial Vehicles",711,,
,"LPG/Other gases","Passenger Vehicles",82,,
,,"Light Commercial Vehicles",16,,
,"Dual fuel","Passenger Vehicles",0,,
,,"Light Commercial Vehicles",0,,
,"Other","Passenger Vehicles",3,,
,,"Light Commercial Vehicles",0,,
,"Unknown","Passenger Vehicles",0,,
,,"Light Commercial Vehicles",0,,
"5110","Diesel","Passenger Vehicles",472,,
,,"Light Commercial Vehicles",691,,
,"Electric","Passenger Vehicles",0,,
,,"Light Commercial Vehicles",0,,
,"Petrol leaded","Passenger Vehicles",107,,
,,"Light Commercial Vehicles",18,,
,"Petrol unleaded","Passenger Vehicles",4802,,
,,"Light Commercial Vehicles",460,,
,"LPG/Other gases","Passenger Vehicles",25,,
,,"Light Commercial Vehicles",26,,
,"Dual fuel","Passenger Vehicles",0,,
,,"Light Commercial Vehicles",0,,
,"Other","Passenger Vehicles",0,,
,,"Light Commercial Vehicles",0,,
,"Unknown","Passenger Vehicles",0,,
,,"Light Commercial Vehicles",0,,
"5111","Diesel","Passenger Vehicles",38,,
,,"Light Commercial Vehicles",99,,
,"Electric","Passenger Vehicles",0,,
,,"Light Commercial Vehicles",0,,
,"Petrol leaded","Passenger Vehicles",3,,
,,"Light Commercial Vehicles",0,,
,"Petrol unleaded","Passenger Vehicles",247,,
,,"Light Commercial Vehicles",53,,
,"LPG/Other gases","Passenger Vehicles",3,,
,,"Light Commercial Vehicles",0,,
,"Dual fuel","Passenger Vehicles",0,,
,,"Light Commercial Vehicles",0,,
,"Other","Passenger Vehicles",0,,
,,"Light Commercial Vehicles",0,,
,"Unknown","Passenger Vehicles",0,,
,,"Light Commercial Vehicles",0,,
"5112","Diesel","Passenger Vehicles",631,,
,,"Light Commercial Vehicles",676,,
,"Electric","Passenger Vehicles",0,,
,,"Light Commercial Vehicles",0,,
,"Petrol leaded","Passenger Vehicles",168,,
,,"Light Commercial Vehicles",28,,
,"Petrol unleaded","Passenger Vehicles",9906,,
,,"Light Commercial Vehicles",595,,
,"LPG/Other gases","Passenger Vehicles",83,,
,,"Light Commercial Vehicles",25,,
,"Dual fuel","Passenger Vehicles",0,,
,,"Light Commercial Vehicles",0,,
,"Other","Passenger Vehicles",3,,
,,"Light Commercial Vehicles",0,,
,"Unknown","Passenger Vehicles",0,,
,,"Light Commercial Vehicles",0,,
"5113","Diesel","Passenger Vehicles",423,,
,,"Light Commercial Vehicles",558,,
,"Electric","Passenger Vehicles",0,,
,,"Light Commercial Vehicles",0,,
,"Petrol leaded","Passenger Vehicles",120,,
,,"Light Commercial Vehicles",21,,
,"Petrol unleaded","Passenger Vehicles",8705,,
,,"Light Commercial Vehicles",521,,
,"LPG/Other gases","Passenger Vehicles",118,,
,,"Light Commercial Vehicles",26,,
,"Dual fuel","Passenger Vehicles",0,,
,,"Light Commercial Vehicles",0,,
,"Other","Passenger Vehicles",0,,
,,"Light Commercial Vehicles",0,,
,"Unknown","Passenger Vehicles",0,,
,,"Light Commercial Vehicles",0,,
"5114","Diesel","Passenger Vehicles",1591,,
,,"Light Commercial Vehicles",1538,,
,"Electric","Passenger Vehicles",3,,
,,"Light Commercial Vehicles",0,,
,"Petrol leaded","Passenger Vehicles",363,,
,,"Light Commercial Vehicles",56,,
,"Petrol unleaded","Passenger Vehicles",18070,,
,,"Light Commercial Vehicles",1057,,
,"LPG/Other gases","Passenger Vehicles",146,,
,,"Light Commercial Vehicles",54,,
,"Dual fuel","Passenger Vehicles",0,,
,,"Light Commercial Vehicles",0,,
,"Other","Passenger Vehicles",0,,
,,"Light Commercial Vehicles",0,,
,"Unknown","Passenger Vehicles",0,,
,,"Light Commercial Vehicles",0,,
"5115","Diesel","Passenger Vehicles",441,,
,,"Light Commercial Vehicles",462,,
,"Electric","Passenger Vehicles",0,,
,,"Light Commercial Vehicles",0,,
,"Petrol leaded","Passenger Vehicles",101,,
,,"Light Commercial Vehicles",16,,
,"Petrol unleaded","Passenger Vehicles",5744,,
,,"Light Commercial Vehicles",330,,
,"LPG/Other gases","Passenger Vehicles",34,,
,,"Light Commercial Vehicles",12,,
,"Dual fuel","Passenger Vehicles",0,,
,,"Light Commercial Vehicles",0,,
,"Other","Passenger Vehicles",0,,
,,"Light Commercial Vehicles",0,,
,"Unknown","Passenger Vehicles",0,,
,,"Light Commercial Vehicles",0,,
"5116","Diesel","Passenger Vehicles",582,,
,,"Light Commercial Vehicles",513,,
,"Electric","Passenger Vehicles",0,,
,,"Light Commercial Vehicles",0,,
,"Petrol leaded","Passenger Vehicles",141,,
,,"Light Commercial Vehicles",21,,
,"Petrol unleaded","Passenger Vehicles",5297,,
,,"Light Commercial Vehicles",322,,
,"LPG/Other gases","Passenger Vehicles",31,,
,,"Light Commercial Vehicles",7,,
,"Dual fuel","Passenger Vehicles",0,,
,,"Light Commercial Vehicles",0,,
,"Other","Passenger Vehicles",0,,
,,"Light Commercial Vehicles",0,,
,"Unknown","Passenger Vehicles",0,,
,,"Light Commercial Vehicles",0,,
"5117","Diesel","Passenger Vehicles",269,,
,,"Light Commercial Vehicles",325,,
,"Electric","Passenger Vehicles",0,,
,,"Light Commercial Vehicles",0,,
,"Petrol leaded","Passenger Vehicles",133,,
,,"Light Commercial Vehicles",17,,
,"Petrol unleaded","Passenger Vehicles",1659,,
,,"Light Commercial Vehicles",151,,
,"LPG/Other gases","Passenger Vehicles",14,,
,,"Light Commercial Vehicles",6,,
,"Dual fuel","Passenger Vehicles",0,,
,,"Light Commercial Vehicles",0,,
,"Other","Passenger Vehicles",0,,
,,"Light Commercial Vehicles",0,,
,"Unknown","Passenger Vehicles",0,,
,,"Light Commercial Vehicles",0,,
"5118","Diesel","Passenger Vehicles",1432,,
,,"Light Commercial Vehicles",1533,,
,"Electric","Passenger Vehicles",3,,
,,"Light Commercial Vehicles",0,,
,"Petrol leaded","Passenger Vehicles",456,,
,,"Light Commercial Vehicles",79,,
,"Petrol unleaded","Passenger Vehicles",10332,,
,,"Light Commercial Vehicles",859,,
,"LPG/Other gases","Passenger Vehicles",81,,
,,"Light Commercial Vehicles",35,,
,"Dual fuel","Passenger Vehicles",0,,
,,"Light Commercial Vehicles",0,,
,"Other","Passenger Vehicles",3,,
,,"Light Commercial Vehicles",0,,
,"Unknown","Passenger Vehicles",0,,
,,"Light Commercial Vehicles",0,,
"5120","Diesel","Passenger Vehicles",182,,
,,"Light Commercial Vehicles",427,,
,"Electric","Passenger Vehicles",0,,
,,"Light Commercial Vehicles",0,,
,"Petrol leaded","Passenger Vehicles",59,,
,,"Light Commercial Vehicles",7,,
,"Petrol unleaded","Passenger Vehicles",1361,,
,,"Light Commercial Vehicles",224,,
,"LPG/Other gases","Passenger Vehicles",15,,
,,"Light Commercial Vehicles",6,,
,"Dual fuel","Passenger Vehicles",0,,
,,"Light Commercial Vehicles",0,,
,"Other","Passenger Vehicles",0,,
,,"Light Commercial Vehicles",0,,
,"Unknown","Passenger Vehicles",0,,
,,"Light Commercial Vehicles",0,,
"5121","Diesel","Passenger Vehicles",121,,
,,"Light Commercial Vehicles",156,,
,"Electric","Passenger Vehicles",0,,
,,"Light Commercial Vehicles",0,,
,"Petrol leaded","Passenger Vehicles",31,,
,,"Light Commercial Vehicles",9,,
,"Petrol unleaded","Passenger Vehicles",1096,,
,,"Light Commercial Vehicles",109,,
,"LPG/Other gases","Passenger Vehicles",9,,
,,"Light Commercial Vehicles",3,,
,"Dual fuel","Passenger Vehicles",0,,
,,"Light Commercial Vehicles",0,,
,"Other","Passenger Vehicles",0,,
,,"Light Commercial Vehicles",0,,
,"Unknown","Passenger Vehicles",0,,
,,"Light Commercial Vehicles",0,,
"5122","Diesel","Passenger Vehicles",0,,
,,"Light Commercial Vehicles",0,,
,"Electric","Passenger Vehicles",0,,
,,"Light Commercial Vehicles",0,,
,"Petrol leaded","Passenger Vehicles",0,,
,,"Light Commercial Vehicles",0,,
,"Petrol unleaded","Passenger Vehicles",0,,
,,"Light Commercial Vehicles",0,,
,"LPG/Other gases","Passenger Vehicles",0,,
,,"Light Commercial Vehicles",0,,
,"Dual fuel","Passenger Vehicles",0,,
,,"Light Commercial Vehicles",0,,
,"Other","Passenger Vehicles",0,,
,,"Light Commercial Vehicles",0,,
,"Unknown","Passenger Vehicles",0,,
,,"Light Commercial Vehicles",0,,
"5125","Diesel","Passenger Vehicles",1234,,
,,"Light Commercial Vehicles",1003,,
,"Electric","Passenger Vehicles",3,,
,,"Light Commercial Vehicles",0,,
,"Petrol leaded","Passenger Vehicles",263,,
,,"Light Commercial Vehicles",38,,
,"Petrol unleaded","Passenger Vehicles",11538,,
,,"Light Commercial Vehicles",563,,
,"LPG/Other gases","Passenger Vehicles",51,,
,,"Light Commercial Vehicles",19,,
,"Dual fuel","Passenger Vehicles",0,,
,,"Light Commercial Vehicles",0,,
,"Other","Passenger Vehicles",4,,
,,"Light Commercial Vehicles",0,,
,"Unknown","Passenger Vehicles",0,,
,,"Light Commercial Vehicles",0,,
"5126","Diesel","Passenger Vehicles",451,,
,,"Light Commercial Vehicles",443,,
,"Electric","Passenger Vehicles",0,,
,,"Light Commercial Vehicles",0,,
,"Petrol leaded","Passenger Vehicles",146,,
,,"Light Commercial Vehicles",21,,
,"Petrol unleaded","Passenger Vehicles",4086,,
,,"Light Commercial Vehicles",292,,
,"LPG/Other gases","Passenger Vehicles",21,,
,,"Light Commercial Vehicles",8,,
,"Dual fuel","Passenger Vehicles",0,,
,,"Light Commercial Vehicles",0,,
,"Other","Passenger Vehicles",3,,
,,"Light Commercial Vehicles",0,,
,"Unknown","Passenger Vehicles",0,,
,,"Light Commercial Vehicles",0,,
"5127","Diesel","Passenger Vehicles",431,,
,,"Light Commercial Vehicles",314,,
,"Electric","Passenger Vehicles",0,,
,,"Light Commercial Vehicles",0,,
,"Petrol leaded","Passenger Vehicles",93,,
,,"Light Commercial Vehicles",14,,
,"Petrol unleaded","Passenger Vehicles",4716,,
,,"Light Commercial Vehicles",222,,
,"LPG/Other gases","Passenger Vehicles",19,,
,,"Light Commercial Vehicles",6,,
,"Dual fuel","Passenger Vehicles",0,,
,,"Light Commercial Vehicles",0,,
,"Other","Passenger Vehicles",3,,
,,"Light Commercial Vehicles",0,,
,"Unknown","Passenger Vehicles",0,,
,,"Light Commercial Vehicles",0,,
"5131","Diesel","Passenger Vehicles",125,,
,,"Light Commercial Vehicles",128,,
,"Electric","Passenger Vehicles",0,,
,,"Light Commercial Vehicles",0,,
,"Petrol leaded","Passenger Vehicles",65,,
,,"Light Commercial Vehicles",14,,
,"Petrol unleaded","Passenger Vehicles",525,,
,,"Light Commercial Vehicles",79,,
,"LPG/Other gases","Passenger Vehicles",6,,
,,"Light Commercial Vehicles",3,,
,"Dual fuel","Passenger Vehicles",0,,
,,"Light Commercial Vehicles",0,,
,"Other","Passenger Vehicles",0,,
,,"Light Commercial Vehicles",0,,
,"Unknown","Passenger Vehicles",0,,
,,"Light Commercial Vehicles",0,,
"5132","Diesel","Passenger Vehicles",66,,
,,"Light Commercial Vehicles",61,,
,"Electric","Passenger Vehicles",0,,
,,"Light Commercial Vehicles",0,,
,"Petrol leaded","Passenger Vehicles",15,,
,,"Light Commercial Vehicles",8,,
,"Petrol unleaded","Passenger Vehicles",224,,
,,"Light Commercial Vehicles",20,,
,"LPG/Other gases","Passenger Vehicles",0,,
,,"Light Commercial Vehicles",0,,
,"Dual fuel","Passenger Vehicles",0,,
,,"Light Commercial Vehicles",0,,
,"Other","Passenger Vehicles",0,,
,,"Light Commercial Vehicles",0,,
,"Unknown","Passenger Vehicles",0,,
,,"Light Commercial Vehicles",0,,
"5133","Diesel","Passenger Vehicles",49,,
,,"Light Commercial Vehicles",55,,
,"Electric","Passenger Vehicles",0,,
,,"Light Commercial Vehicles",0,,
,"Petrol leaded","Passenger Vehicles",18,,
,,"Light Commercial Vehicles",5,,
,"Petrol unleaded","Passenger Vehicles",203,,
,,"Light Commercial Vehicles",24,,
,"LPG/Other gases","Passenger Vehicles",3,,
,,"Light Commercial Vehicles",3,,
,"Dual fuel","Passenger Vehicles",0,,
,,"Light Commercial Vehicles",0,,
,"Other","Passenger Vehicles",0,,
,,"Light Commercial Vehicles",0,,
,"Unknown","Passenger Vehicles",0,,
,,"Light Commercial Vehicles",0,,
"5134","Diesel","Passenger Vehicles",57,,
,,"Light Commercial Vehicles",55,,
,"Electric","Passenger Vehicles",0,,
,,"Light Commercial Vehicles",0,,
,"Petrol leaded","Passenger Vehicles",9,,
,,"Light Commercial Vehicles",3,,
,"Petrol unleaded","Passenger Vehicles",229,,
,,"Light Commercial Vehicles",28,,
,"LPG/Other gases","Passenger Vehicles",0,,
,,"Light Commercial Vehicles",0,,
,"Dual fuel","Passenger Vehicles",0,,
,,"Light Commercial Vehicles",0,,
,"Other","Passenger Vehicles",0,,
,,"Light Commercial Vehicles",0,,
,"Unknown","Passenger Vehicles",0,,
,,"Light Commercial Vehicles",0,,
"5136","Diesel","Passenger Vehicles",64,,
,,"Light Commercial Vehicles",52,,
,"Electric","Passenger Vehicles",0,,
,,"Light Commercial Vehicles",0,,
,"Petrol leaded","Passenger Vehicles",15,,
,,"Light Commercial Vehicles",0,,
,"Petrol unleaded","Passenger Vehicles",258,,
,,"Light Commercial Vehicles",41,,
,"LPG/Other gases","Passenger Vehicles",0,,
,,"Light Commercial Vehicles",3,,
,"Dual fuel","Passenger Vehicles",0,,
,,"Light Commercial Vehicles",0,,
,"Other","Passenger Vehicles",0,,
,,"Light Commercial Vehicles",0,,
,"Unknown","Passenger Vehicles",0,,
,,"Light Commercial Vehicles",0,,
"5137","Diesel","Passenger Vehicles",82,,
,,"Light Commercial Vehicles",67,,
,"Electric","Passenger Vehicles",0,,
,,"Light Commercial Vehicles",0,,
,"Petrol leaded","Passenger Vehicles",41,,
,,"Light Commercial Vehicles",10,,
,"Petrol unleaded","Passenger Vehicles",312,,
,,"Light Commercial Vehicles",34,,
,"LPG/Other gases","Passenger Vehicles",3,,
,,"Light Commercial Vehicles",3,,
,"Dual fuel","Passenger Vehicles",0,,
,,"Light Commercial Vehicles",0,,
,"Other","Passenger Vehicles",0,,
,,"Light Commercial Vehicles",0,,
,"Unknown","Passenger Vehicles",0,,
,,"Light Commercial Vehicles",0,,
"5138","Diesel","Passenger Vehicles",32,,
,,"Light Commercial Vehicles",32,,
,"Electric","Passenger Vehicles",0,,
,,"Light Commercial Vehicles",0,,
,"Petrol leaded","Passenger Vehicles",11,,
,,"Light Commercial Vehicles",3,,
,"Petrol unleaded","Passenger Vehicles",169,,
,,"Light Commercial Vehicles",22,,
,"LPG/Other gases","Passenger Vehicles",6,,
,,"Light Commercial Vehicles",3,,
,"Dual fuel","Passenger Vehicles",0,,
,,"Light Commercial Vehicles",0,,
,"Other","Passenger Vehicles",0,,
,,"Light Commercial Vehicles",0,,
,"Unknown","Passenger Vehicles",0,,
,,"Light Commercial Vehicles",0,,
"5139","Diesel","Passenger Vehicles",32,,
,,"Light Commercial Vehicles",40,,
,"Electric","Passenger Vehicles",0,,
,,"Light Commercial Vehicles",0,,
,"Petrol leaded","Passenger Vehicles",14,,
,,"Light Commercial Vehicles",4,,
,"Petrol unleaded","Passenger Vehicles",133,,
,,"Light Commercial Vehicles",22,,
,"LPG/Other gases","Passenger Vehicles",0,,
,,"Light Commercial Vehicles",3,,
,"Dual fuel","Passenger Vehicles",0,,
,,"Light Commercial Vehicles",0,,
,"Other","Passenger Vehicles",0,,
,,"Light Commercial Vehicles",0,,
,"Unknown","Passenger Vehicles",0,,
,,"Light Commercial Vehicles",0,,
"5140","Diesel","Passenger Vehicles",44,,
,,"Light Commercial Vehicles",30,,
,"Electric","Passenger Vehicles",0,,
,,"Light Commercial Vehicles",0,,
,"Petrol leaded","Passenger Vehicles",14,,
,,"Light Commercial Vehicles",0,,
,"Petrol unleaded","Passenger Vehicles",240,,
,,"Light Commercial Vehicles",18,,
,"LPG/Other gases","Passenger Vehicles",0,,
,,"Light Commercial Vehicles",3,,
,"Dual fuel","Passenger Vehicles",0,,
,,"Light Commercial Vehicles",0,,
,"Other","Passenger Vehicles",0,,
,,"Light Commercial Vehicles",0,,
,"Unknown","Passenger Vehicles",0,,
,,"Light Commercial Vehicles",0,,
"5141","Diesel","Passenger Vehicles",82,,
,,"Light Commercial Vehicles",69,,
,"Electric","Passenger Vehicles",0,,
,,"Light Commercial Vehicles",0,,
,"Petrol leaded","Passenger Vehicles",35,,
,,"Light Commercial Vehicles",8,,
,"Petrol unleaded","Passenger Vehicles",433,,
,,"Light Commercial Vehicles",42,,
,"LPG/Other gases","Passenger Vehicles",3,,
,,"Light Commercial Vehicles",3,,
,"Dual fuel","Passenger Vehicles",0,,
,,"Light Commercial Vehicles",0,,
,"Other","Passenger Vehicles",0,,
,,"Light Commercial Vehicles",0,,
,"Unknown","Passenger Vehicles",0,,
,,"Light Commercial Vehicles",0,,
"5142","Diesel","Passenger Vehicles",53,,
,,"Light Commercial Vehicles",79,,
,"Electric","Passenger Vehicles",0,,
,,"Light Commercial Vehicles",0,,
,"Petrol leaded","Passenger Vehicles",21,,
,,"Light Commercial Vehicles",3,,
,"Petrol unleaded","Passenger Vehicles",302,,
,,"Light Commercial Vehicles",41,,
,"LPG/Other gases","Passenger Vehicles",0,,
,,"Light Commercial Vehicles",0,,
,"Dual fuel","Passenger Vehicles",0,,
,,"Light Commercial Vehicles",0,,
,"Other","Passenger Vehicles",0,,
,,"Light Commercial Vehicles",0,,
,"Unknown","Passenger Vehicles",0,,
,,"Light Commercial Vehicles",0,,
"5144","Diesel","Passenger Vehicles",62,,
,,"Light Commercial Vehicles",64,,
,"Electric","Passenger Vehicles",0,,
,,"Light Commercial Vehicles",0,,
,"Petrol leaded","Passenger Vehicles",23,,
,,"Light Commercial Vehicles",3,,
,"Petrol unleaded","Passenger Vehicles",242,,
,,"Light Commercial Vehicles",29,,
,"LPG/Other gases","Passenger Vehicles",3,,
,,"Light Commercial Vehicles",0,,
,"Dual fuel","Passenger Vehicles",0,,
,,"Light Commercial Vehicles",0,,
,"Other","Passenger Vehicles",0,,
,,"Light Commercial Vehicles",0,,
,"Unknown","Passenger Vehicles",0,,
,,"Light Commercial Vehicles",0,,
"5150","Diesel","Passenger Vehicles",5,,
,,"Light Commercial Vehicles",3,,
,"Electric","Passenger Vehicles",0,,
,,"Light Commercial Vehicles",0,,
,"Petrol leaded","Passenger Vehicles",3,,
,,"Light Commercial Vehicles",3,,
,"Petrol unleaded","Passenger Vehicles",42,,
,,"Light Commercial Vehicles",0,,
,"LPG/Other gases","Passenger Vehicles",0,,
,,"Light Commercial Vehicles",0,,
,"Dual fuel","Passenger Vehicles",0,,
,,"Light Commercial Vehicles",0,,
,"Other","Passenger Vehicles",0,,
,,"Light Commercial Vehicles",0,,
,"Unknown","Passenger Vehicles",0,,
,,"Light Commercial Vehicles",0,,
"5151","Diesel","Passenger Vehicles",67,,
,,"Light Commercial Vehicles",51,,
,"Electric","Passenger Vehicles",0,,
,,"Light Commercial Vehicles",0,,
,"Petrol leaded","Passenger Vehicles",5,,
,,"Light Commercial Vehicles",3,,
,"Petrol unleaded","Passenger Vehicles",206,,
,,"Light Commercial Vehicles",21,,
,"LPG/Other gases","Passenger Vehicles",0,,
,,"Light Commercial Vehicles",0,,
,"Dual fuel","Passenger Vehicles",0,,
,,"Light Commercial Vehicles",0,,
,"Other","Passenger Vehicles",0,,
,,"Light Commercial Vehicles",0,,
,"Unknown","Passenger Vehicles",0,,
,,"Light Commercial Vehicles",0,,
"5152","Diesel","Passenger Vehicles",792,,
,,"Light Commercial Vehicles",391,,
,"Electric","Passenger Vehicles",10,,
,,"Light Commercial Vehicles",0,,
,"Petrol leaded","Passenger Vehicles",189,,
,,"Light Commercial Vehicles",20,,
,"Petrol unleaded","Passenger Vehicles",3572,,
,,"Light Commercial Vehicles",196,,
,"LPG/Other gases","Passenger Vehicles",9,,
,,"Light Commercial Vehicles",6,,
,"Dual fuel","Passenger Vehicles",0,,
,,"Light Commercial Vehicles",0,,
,"Other","Passenger Vehicles",0,,
,,"Light Commercial Vehicles",0,,
,"Unknown","Passenger Vehicles",0,,
,,"Light Commercial Vehicles",0,,
"5153","Diesel","Passenger Vehicles",822,,
,,"Light Commercial Vehicles",782,,
,"Electric","Passenger Vehicles",3,,
,,"Light Commercial Vehicles",0,,
,"Petrol leaded","Passenger Vehicles",204,,
,,"Light Commercial Vehicles",37,,
,"Petrol unleaded","Passenger Vehicles",3422,,
,,"Light Commercial Vehicles",411,,
,"LPG/Other gases","Passenger Vehicles",14,,
,,"Light Commercial Vehicles",13,,
,"Dual fuel","Passenger Vehicles",0,,
,,"Light Commercial Vehicles",0,,
,"Other","Passenger Vehicles",0,,
,,"Light Commercial Vehicles",0,,
,"Unknown","Passenger Vehicles",0,,
,,"Light Commercial Vehicles",0,,
"5154","Diesel","Passenger Vehicles",424,,
,,"Light Commercial Vehicles",188,,
,"Electric","Passenger Vehicles",0,,
,,"Light Commercial Vehicles",0,,
,"Petrol leaded","Passenger Vehicles",97,,
,,"Light Commercial Vehicles",16,,
,"Petrol unleaded","Passenger Vehicles",1950,,
,,"Light Commercial Vehicles",108,,
,"LPG/Other gases","Passenger Vehicles",5,,
,,"Light Commercial Vehicles",3,,
,"Dual fuel","Passenger Vehicles",0,,
,,"Light Commercial Vehicles",0,,
,"Other","Passenger Vehicles",0,,
,,"Light Commercial Vehicles",0,,
,"Unknown","Passenger Vehicles",0,,
,,"Light Commercial Vehicles",0,,
"5155","Diesel","Passenger Vehicles",370,,
,,"Light Commercial Vehicles",235,,
,"Electric","Passenger Vehicles",0,,
,,"Light Commercial Vehicles",0,,
,"Petrol leaded","Passenger Vehicles",70,,
,,"Light Commercial Vehicles",8,,
,"Petrol unleaded","Passenger Vehicles",2206,,
,,"Light Commercial Vehicles",148,,
,"LPG/Other gases","Passenger Vehicles",14,,
,,"Light Commercial Vehicles",5,,
,"Dual fuel","Passenger Vehicles",0,,
,,"Light Commercial Vehicles",0,,
,"Other","Passenger Vehicles",3,,
,,"Light Commercial Vehicles",0,,
,"Unknown","Passenger Vehicles",0,,
,,"Light Commercial Vehicles",0,,
"5156","Diesel","Passenger Vehicles",95,,
,,"Light Commercial Vehicles",70,,
,"Electric","Passenger Vehicles",0,,
,,"Light Commercial Vehicles",0,,
,"Petrol leaded","Passenger Vehicles",33,,
,,"Light Commercial Vehicles",9,,
,"Petrol unleaded","Passenger Vehicles",548,,
,,"Light Commercial Vehicles",45,,
,"LPG/Other gases","Passenger Vehicles",9,,
,,"Light Commercial Vehicles",0,,
,"Dual fuel","Passenger Vehicles",0,,
,,"Light Commercial Vehicles",0,,
,"Other","Passenger Vehicles",0,,
,,"Light Commercial Vehicles",0,,
,"Unknown","Passenger Vehicles",0,,
,,"Light Commercial Vehicles",0,,
"5157","Diesel","Passenger Vehicles",412,,
,,"Light Commercial Vehicles",416,,
,"Electric","Passenger Vehicles",0,,
,,"Light Commercial Vehicles",0,,
,"Petrol leaded","Passenger Vehicles",93,,
,,"Light Commercial Vehicles",21,,
,"Petrol unleaded","Passenger Vehicles",1729,,
,,"Light Commercial Vehicles",224,,
,"LPG/Other gases","Passenger Vehicles",7,,
,,"Light Commercial Vehicles",12,,
,"Dual fuel","Passenger Vehicles",0,,
,,"Light Commercial Vehicles",0,,
,"Other","Passenger Vehicles",0,,
,,"Light Commercial Vehicles",0,,
,"Unknown","Passenger Vehicles",0,,
,,"Light Commercial Vehicles",0,,
"5158","Diesel","Passenger Vehicles",1558,,
,,"Light Commercial Vehicles",1263,,
,"Electric","Passenger Vehicles",3,,
,,"Light Commercial Vehicles",0,,
,"Petrol leaded","Passenger Vehicles",335,,
,,"Light Commercial Vehicles",31,,
,"Petrol unleaded","Passenger Vehicles",14532,,
,,"Light Commercial Vehicles",701,,
,"LPG/Other gases","Passenger Vehicles",77,,
,,"Light Commercial Vehicles",14,,
,"Dual fuel","Passenger Vehicles",0,,
,,"Light Commercial Vehicles",0,,
,"Other","Passenger Vehicles",3,,
,,"Light Commercial Vehicles",0,,
,"Unknown","Passenger Vehicles",0,,
,,"Light Commercial Vehicles",0,,
"5159","Diesel","Passenger Vehicles",2220,,
,,"Light Commercial Vehicles",1528,,
,"Electric","Passenger Vehicles",3,,
,,"Light Commercial Vehicles",0,,
,"Petrol leaded","Passenger Vehicles",541,,
,,"Light Commercial Vehicles",64,,
,"Petrol unleaded","Passenger Vehicles",19632,,
,,"Light Commercial Vehicles",917,,
,"LPG/Other gases","Passenger Vehicles",81,,
,,"Light Commercial Vehicles",33,,
,"Dual fuel","Passenger Vehicles",0,,
,,"Light Commercial Vehicles",0,,
,"Other","Passenger Vehicles",0,,
,,"Light Commercial Vehicles",0,,
,"Unknown","Passenger Vehicles",0,,
,,"Light Commercial Vehicles",0,,
"5160","Diesel","Passenger Vehicles",165,,
,,"Light Commercial Vehicles",618,,
,"Electric","Passenger Vehicles",0,,
,,"Light Commercial Vehicles",0,,
,"Petrol leaded","Passenger Vehicles",3,,
,,"Light Commercial Vehicles",3,,
,"Petrol unleaded","Passenger Vehicles",440,,
,,"Light Commercial Vehicles",323,,
,"LPG/Other gases","Passenger Vehicles",3,,
,,"Light Commercial Vehicles",16,,
,"Dual fuel","Passenger Vehicles",0,,
,,"Light Commercial Vehicles",0,,
,"Other","Passenger Vehicles",0,,
,,"Light Commercial Vehicles",0,,
,"Unknown","Passenger Vehicles",0,,
,,"Light Commercial Vehicles",0,,
"5161","Diesel","Passenger Vehicles",498,,
,,"Light Commercial Vehicles",490,,
,"Electric","Passenger Vehicles",0,,
,,"Light Commercial Vehicles",0,,
,"Petrol leaded","Passenger Vehicles",156,,
,,"Light Commercial Vehicles",21,,
,"Petrol unleaded","Passenger Vehicles",6110,,
,,"Light Commercial Vehicles",342,,
,"LPG/Other gases","Passenger Vehicles",34,,
,,"Light Commercial Vehicles",3,,
,"Dual fuel","Passenger Vehicles",0,,
,,"Light Commercial Vehicles",0,,
,"Other","Passenger Vehicles",3,,
,,"Light Commercial Vehicles",0,,
,"Unknown","Passenger Vehicles",0,,
,,"Light Commercial Vehicles",0,,
"5162","Diesel","Passenger Vehicles",1661,,
,,"Light Commercial Vehicles",1517,,
,"Electric","Passenger Vehicles",3,,
,,"Light Commercial Vehicles",0,,
,"Petrol leaded","Passenger Vehicles",449,,
,,"Light Commercial Vehicles",51,,
,"Petrol unleaded","Passenger Vehicles",19533,,
,,"Light Commercial Vehicles",1094,,
,"LPG/Other gases","Passenger Vehicles",116,,
,,"Light Commercial Vehicles",36,,
,"Dual fuel","Passenger Vehicles",0,,
,,"Light Commercial Vehicles",0,,
,"Other","Passenger Vehicles",3,,
,,"Light Commercial Vehicles",0,,
,"Unknown","Passenger Vehicles",0,,
,,"Light Commercial Vehicles",0,,
"5163","Diesel","Passenger Vehicles",674,,
,,"Light Commercial Vehicles",638,,
,"Electric","Passenger Vehicles",0,,
,,"Light Commercial Vehicles",0,,
,"Petrol leaded","Passenger Vehicles",218,,
,,"Light Commercial Vehicles",34,,
,"Petrol unleaded","Passenger Vehicles",7626,,
,,"Light Commercial Vehicles",464,,
,"LPG/Other gases","Passenger Vehicles",80,,
,,"Light Commercial Vehicles",16,,
,"Dual fuel","Passenger Vehicles",0,,
,,"Light Commercial Vehicles",0,,
,"Other","Passenger Vehicles",0,,
,,"Light Commercial Vehicles",0,,
,"Unknown","Passenger Vehicles",0,,
,,"Light Commercial Vehicles",0,,
"5164","Diesel","Passenger Vehicles",131,,
,,"Light Commercial Vehicles",129,,
,"Electric","Passenger Vehicles",0,,
,,"Light Commercial Vehicles",0,,
,"Petrol leaded","Passenger Vehicles",58,,
,,"Light Commercial Vehicles",5,,
,"Petrol unleaded","Passenger Vehicles",2389,,
,,"Light Commercial Vehicles",130,,
,"LPG/Other gases","Passenger Vehicles",30,,
,,"Light Commercial Vehicles",3,,
,"Dual fuel","Passenger Vehicles",0,,
,,"Light Commercial Vehicles",0,,
,"Other","Passenger Vehicles",0,,
,,"Light Commercial Vehicles",0,,
,"Unknown","Passenger Vehicles",0,,
,,"Light Commercial Vehicles",0,,
"5165","Diesel","Passenger Vehicles",284,,
,,"Light Commercial Vehicles",242,,
,"Electric","Passenger Vehicles",0,,
,,"Light Commercial Vehicles",0,,
,"Petrol leaded","Passenger Vehicles",64,,
,,"Light Commercial Vehicles",13,,
,"Petrol unleaded","Passenger Vehicles",3106,,
,,"Light Commercial Vehicles",207,,
,"LPG/Other gases","Passenger Vehicles",27,,
,,"Light Commercial Vehicles",10,,
,"Dual fuel","Passenger Vehicles",0,,
,,"Light Commercial Vehicles",0,,
,"Other","Passenger Vehicles",0,,
,,"Light Commercial Vehicles",0,,
,"Unknown","Passenger Vehicles",0,,
,,"Light Commercial Vehicles",0,,
"5166","Diesel","Passenger Vehicles",95,,
,,"Light Commercial Vehicles",74,,
,"Electric","Passenger Vehicles",0,,
,,"Light Commercial Vehicles",0,,
,"Petrol leaded","Passenger Vehicles",27,,
,,"Light Commercial Vehicles",8,,
,"Petrol unleaded","Passenger Vehicles",1026,,
,,"Light Commercial Vehicles",85,,
,"LPG/Other gases","Passenger Vehicles",13,,
,,"Light Commercial Vehicles",3,,
,"Dual fuel","Passenger Vehicles",0,,
,,"Light Commercial Vehicles",0,,
,"Other","Passenger Vehicles",0,,
,,"Light Commercial Vehicles",0,,
,"Unknown","Passenger Vehicles",0,,
,,"Light Commercial Vehicles",0,,
"5167","Diesel","Passenger Vehicles",374,,
,,"Light Commercial Vehicles",350,,
,"Electric","Passenger Vehicles",0,,
,,"Light Commercial Vehicles",0,,
,"Petrol leaded","Passenger Vehicles",87,,
,,"Light Commercial Vehicles",26,,
,"Petrol unleaded","Passenger Vehicles",3329,,
,,"Light Commercial Vehicles",202,,
,"LPG/Other gases","Passenger Vehicles",20,,
,,"Light Commercial Vehicles",11,,
,"Dual fuel","Passenger Vehicles",0,,
,,"Light Commercial Vehicles",0,,
,"Other","Passenger Vehicles",0,,
,,"Light Commercial Vehicles",0,,
,"Unknown","Passenger Vehicles",0,,
,,"Light Commercial Vehicles",0,,
"5168","Diesel","Passenger Vehicles",294,,
,,"Light Commercial Vehicles",285,,
,"Electric","Passenger Vehicles",0,,
,,"Light Commercial Vehicles",0,,
,"Petrol leaded","Passenger Vehicles",71,,
,,"Light Commercial Vehicles",11,,
,"Petrol unleaded","Passenger Vehicles",3083,,
,,"Light Commercial Vehicles",194,,
,"LPG/Other gases","Passenger Vehicles",19,,
,,"Light Commercial Vehicles",8,,
,"Dual fuel","Passenger Vehicles",0,,
,,"Light Commercial Vehicles",0,,
,"Other","Passenger Vehicles",0,,
,,"Light Commercial Vehicles",0,,
,"Unknown","Passenger Vehicles",0,,
,,"Light Commercial Vehicles",0,,
"5169","Diesel","Passenger Vehicles",1013,,
,,"Light Commercial Vehicles",984,,
,"Electric","Passenger Vehicles",0,,
,,"Light Commercial Vehicles",0,,
,"Petrol leaded","Passenger Vehicles",151,,
,,"Light Commercial Vehicles",24,,
,"Petrol unleaded","Passenger Vehicles",9688,,
,,"Light Commercial Vehicles",496,,
,"LPG/Other gases","Passenger Vehicles",54,,
,,"Light Commercial Vehicles",18,,
,"Dual fuel","Passenger Vehicles",0,,
,,"Light Commercial Vehicles",0,,
,"Other","Passenger Vehicles",0,,
,,"Light Commercial Vehicles",3,,
,"Unknown","Passenger Vehicles",0,,
,,"Light Commercial Vehicles",0,,
"5170","Diesel","Passenger Vehicles",97,,
,,"Light Commercial Vehicles",82,,
,"Electric","Passenger Vehicles",0,,
,,"Light Commercial Vehicles",0,,
,"Petrol leaded","Passenger Vehicles",18,,
,,"Light Commercial Vehicles",3,,
,"Petrol unleaded","Passenger Vehicles",651,,
,,"Light Commercial Vehicles",66,,
,"LPG/Other gases","Passenger Vehicles",9,,
,,"Light Commercial Vehicles",3,,
,"Dual fuel","Passenger Vehicles",0,,
,,"Light Commercial Vehicles",0,,
,"Other","Passenger Vehicles",0,,
,,"Light Commercial Vehicles",0,,
,"Unknown","Passenger Vehicles",0,,
,,"Light Commercial Vehicles",0,,
"5171","Diesel","Passenger Vehicles",601,,
,,"Light Commercial Vehicles",749,,
,"Electric","Passenger Vehicles",0,,
,,"Light Commercial Vehicles",0,,
,"Petrol leaded","Passenger Vehicles",166,,
,,"Light Commercial Vehicles",31,,
,"Petrol unleaded","Passenger Vehicles",3364,,
,,"Light Commercial Vehicles",330,,
,"LPG/Other gases","Passenger Vehicles",26,,
,,"Light Commercial Vehicles",16,,
,"Dual fuel","Passenger Vehicles",0,,
,,"Light Commercial Vehicles",0,,
,"Other","Passenger Vehicles",0,,
,,"Light Commercial Vehicles",0,,
,"Unknown","Passenger Vehicles",0,,
,,"Light Commercial Vehicles",0,,
"5172","Diesel","Passenger Vehicles",468,,
,,"Light Commercial Vehicles",487,,
,"Electric","Passenger Vehicles",3,,
,,"Light Commercial Vehicles",0,,
,"Petrol leaded","Passenger Vehicles",129,,
,,"Light Commercial Vehicles",36,,
,"Petrol unleaded","Passenger Vehicles",2219,,
,,"Light Commercial Vehicles",267,,
,"LPG/Other gases","Passenger Vehicles",19,,
,,"Light Commercial Vehicles",16,,
,"Dual fuel","Passenger Vehicles",0,,
,,"Light Commercial Vehicles",0,,
,"Other","Passenger Vehicles",0,,
,,"Light Commercial Vehicles",0,,
,"Unknown","Passenger Vehicles",0,,
,,"Light Commercial Vehicles",0,,
"5173","Diesel","Passenger Vehicles",827,,
,,"Light Commercial Vehicles",749,,
,"Electric","Passenger Vehicles",0,,
,,"Light Commercial Vehicles",0,,
,"Petrol leaded","Passenger Vehicles",169,,
,,"Light Commercial Vehicles",23,,
,"Petrol unleaded","Passenger Vehicles",6880,,
,,"Light Commercial Vehicles",523,,
,"LPG/Other gases","Passenger Vehicles",57,,
,,"Light Commercial Vehicles",21,,
,"Dual fuel","Passenger Vehicles",0,,
,,"Light Commercial Vehicles",0,,
,"Other","Passenger Vehicles",0,,
,,"Light Commercial Vehicles",0,,
,"Unknown","Passenger Vehicles",0,,
,,"Light Commercial Vehicles",0,,
"5174","Diesel","Passenger Vehicles",228,,
,,"Light Commercial Vehicles",293,,
,"Electric","Passenger Vehicles",0,,
,,"Light Commercial Vehicles",0,,
,"Petrol leaded","Passenger Vehicles",65,,
,,"Light Commercial Vehicles",13,,
,"Petrol unleaded","Passenger Vehicles",1676,,
,,"Light Commercial Vehicles",175,,
,"LPG/Other gases","Passenger Vehicles",19,,
,,"Light Commercial Vehicles",12,,
,"Dual fuel","Passenger Vehicles",0,,
,,"Light Commercial Vehicles",0,,
,"Other","Passenger Vehicles",0,,
,,"Light Commercial Vehicles",0,,
,"Unknown","Passenger Vehicles",0,,
,,"Light Commercial Vehicles",0,,
"5201","Diesel","Passenger Vehicles",240,,
,,"Light Commercial Vehicles",305,,
,"Electric","Passenger Vehicles",0,,
,,"Light Commercial Vehicles",0,,
,"Petrol leaded","Passenger Vehicles",68,,
,,"Light Commercial Vehicles",13,,
,"Petrol unleaded","Passenger Vehicles",1057,,
,,"Light Commercial Vehicles",158,,
,"LPG/Other gases","Passenger Vehicles",8,,
,,"Light Commercial Vehicles",8,,
,"Dual fuel","Passenger Vehicles",0,,
,,"Light Commercial Vehicles",0,,
,"Other","Passenger Vehicles",0,,
,,"Light Commercial Vehicles",0,,
,"Unknown","Passenger Vehicles",0,,
,,"Light Commercial Vehicles",0,,
"5202","Diesel","Passenger Vehicles",103,,
,,"Light Commercial Vehicles",149,,
,"Electric","Passenger Vehicles",0,,
,,"Light Commercial Vehicles",0,,
,"Petrol leaded","Passenger Vehicles",19,,
,,"Light Commercial Vehicles",3,,
,"Petrol unleaded","Passenger Vehicles",502,,
,,"Light Commercial Vehicles",93,,
,"LPG/Other gases","Passenger Vehicles",0,,
,,"Light Commercial Vehicles",0,,
,"Dual fuel","Passenger Vehicles",0,,
,,"Light Commercial Vehicles",0,,
,"Other","Passenger Vehicles",0,,
,,"Light Commercial Vehicles",0,,
,"Unknown","Passenger Vehicles",0,,
,,"Light Commercial Vehicles",0,,
"5203","Diesel","Passenger Vehicles",122,,
,,"Light Commercial Vehicles",203,,
,"Electric","Passenger Vehicles",0,,
,,"Light Commercial Vehicles",0,,
,"Petrol leaded","Passenger Vehicles",22,,
,,"Light Commercial Vehicles",12,,
,"Petrol unleaded","Passenger Vehicles",683,,
,,"Light Commercial Vehicles",100,,
,"LPG/Other gases","Passenger Vehicles",8,,
,,"Light Commercial Vehicles",0,,
,"Dual fuel","Passenger Vehicles",0,,
,,"Light Commercial Vehicles",0,,
,"Other","Passenger Vehicles",0,,
,,"Light Commercial Vehicles",0,,
,"Unknown","Passenger Vehicles",0,,
,,"Light Commercial Vehicles",0,,
"5204","Diesel","Passenger Vehicles",388,,
,,"Light Commercial Vehicles",376,,
,"Electric","Passenger Vehicles",0,,
,,"Light Commercial Vehicles",0,,
,"Petrol leaded","Passenger Vehicles",50,,
,,"Light Commercial Vehicles",11,,
,"Petrol unleaded","Passenger Vehicles",1752,,
,,"Light Commercial Vehicles",209,,
,"LPG/Other gases","Passenger Vehicles",8,,
,,"Light Commercial Vehicles",5,,
,"Dual fuel","Passenger Vehicles",0,,
,,"Light Commercial Vehicles",0,,
,"Other","Passenger Vehicles",0,,
,,"Light Commercial Vehicles",0,,
,"Unknown","Passenger Vehicles",0,,
,,"Light Commercial Vehicles",0,,
"5210","Diesel","Passenger Vehicles",185,,
,,"Light Commercial Vehicles",302,,
,"Electric","Passenger Vehicles",0,,
,,"Light Commercial Vehicles",0,,
,"Petrol leaded","Passenger Vehicles",42,,
,,"Light Commercial Vehicles",13,,
,"Petrol unleaded","Passenger Vehicles",1007,,
,,"Light Commercial Vehicles",120,,
,"LPG/Other gases","Passenger Vehicles",6,,
,,"Light Commercial Vehicles",6,,
,"Dual fuel","Passenger Vehicles",0,,
,,"Light Commercial Vehicles",0,,
,"Other","Passenger Vehicles",0,,
,,"Light Commercial Vehicles",0,,
,"Unknown","Passenger Vehicles",0,,
,,"Light Commercial Vehicles",0,,
"5211","Diesel","Passenger Vehicles",1541,,
,,"Light Commercial Vehicles",1302,,
,"Electric","Passenger Vehicles",5,,
,,"Light Commercial Vehicles",0,,
,"Petrol leaded","Passenger Vehicles",323,,
,,"Light Commercial Vehicles",43,,
,"Petrol unleaded","Passenger Vehicles",9017,,
,,"Light Commercial Vehicles",661,,
,"LPG/Other gases","Passenger Vehicles",59,,
,,"Light Commercial Vehicles",30,,
,"Dual fuel","Passenger Vehicles",0,,
,,"Light Commercial Vehicles",0,,
,"Other","Passenger Vehicles",0,,
,,"Light Commercial Vehicles",0,,
,"Unknown","Passenger Vehicles",0,,
,,"Light Commercial Vehicles",0,,
"5212","Diesel","Passenger Vehicles",207,,
,,"Light Commercial Vehicles",175,,
,"Electric","Passenger Vehicles",0,,
,,"Light Commercial Vehicles",0,,
,"Petrol leaded","Passenger Vehicles",44,,
,,"Light Commercial Vehicles",6,,
,"Petrol unleaded","Passenger Vehicles",1223,,
,,"Light Commercial Vehicles",107,,
,"LPG/Other gases","Passenger Vehicles",5,,
,,"Light Commercial Vehicles",4,,
,"Dual fuel","Passenger Vehicles",0,,
,,"Light Commercial Vehicles",0,,
,"Other","Passenger Vehicles",0,,
,,"Light Commercial Vehicles",0,,
,"Unknown","Passenger Vehicles",0,,
,,"Light Commercial Vehicles",0,,
"5213","Diesel","Passenger Vehicles",149,,
,,"Light Commercial Vehicles",158,,
,"Electric","Passenger Vehicles",0,,
,,"Light Commercial Vehicles",0,,
,"Petrol leaded","Passenger Vehicles",33,,
,,"Light Commercial Vehicles",9,,
,"Petrol unleaded","Passenger Vehicles",661,,
,,"Light Commercial Vehicles",73,,
,"LPG/Other gases","Passenger Vehicles",4,,
,,"Light Commercial Vehicles",3,,
,"Dual fuel","Passenger Vehicles",0,,
,,"Light Commercial Vehicles",0,,
,"Other","Passenger Vehicles",0,,
,,"Light Commercial Vehicles",0,,
,"Unknown","Passenger Vehicles",0,,
,,"Light Commercial Vehicles",0,,
"5214","Diesel","Passenger Vehicles",976,,
,,"Light Commercial Vehicles",790,,
,"Electric","Passenger Vehicles",3,,
,,"Light Commercial Vehicles",0,,
,"Petrol leaded","Passenger Vehicles",190,,
,,"Light Commercial Vehicles",49,,
,"Petrol unleaded","Passenger Vehicles",5194,,
,,"Light Commercial Vehicles",453,,
,"LPG/Other gases","Passenger Vehicles",33,,
,,"Light Commercial Vehicles",25,,
,"Dual fuel","Passenger Vehicles",3,,
,,"Light Commercial Vehicles",0,,
,"Other","Passenger Vehicles",0,,
,,"Light Commercial Vehicles",0,,
,"Unknown","Passenger Vehicles",0,,
,,"Light Commercial Vehicles",0,,
"5220","Diesel","Passenger Vehicles",47,,
,,"Light Commercial Vehicles",92,,
,"Electric","Passenger Vehicles",0,,
,,"Light Commercial Vehicles",0,,
,"Petrol leaded","Passenger Vehicles",3,,
,,"Light Commercial Vehicles",3,,
,"Petrol unleaded","Passenger Vehicles",119,,
,,"Light Commercial Vehicles",45,,
,"LPG/Other gases","Passenger Vehicles",0,,
,,"Light Commercial Vehicles",0,,
,"Dual fuel","Passenger Vehicles",0,,
,,"Light Commercial Vehicles",0,,
,"Other","Passenger Vehicles",0,,
,,"Light Commercial Vehicles",0,,
,"Unknown","Passenger Vehicles",0,,
,,"Light Commercial Vehicles",0,,
"5221","Diesel","Passenger Vehicles",44,,
,,"Light Commercial Vehicles",73,,
,"Electric","Passenger Vehicles",0,,
,,"Light Commercial Vehicles",0,,
,"Petrol leaded","Passenger Vehicles",10,,
,,"Light Commercial Vehicles",4,,
,"Petrol unleaded","Passenger Vehicles",204,,
,,"Light Commercial Vehicles",40,,
,"LPG/Other gases","Passenger Vehicles",0,,
,,"Light Commercial Vehicles",0,,
,"Dual fuel","Passenger Vehicles",0,,
,,"Light Commercial Vehicles",0,,
,"Other","Passenger Vehicles",0,,
,,"Light Commercial Vehicles",0,,
,"Unknown","Passenger Vehicles",0,,
,,"Light Commercial Vehicles",0,,
"5222","Diesel","Passenger Vehicles",90,,
,,"Light Commercial Vehicles",140,,
,"Electric","Passenger Vehicles",3,,
,,"Light Commercial Vehicles",0,,
,"Petrol leaded","Passenger Vehicles",14,,
,,"Light Commercial Vehicles",9,,
,"Petrol unleaded","Passenger Vehicles",432,,
,,"Light Commercial Vehicles",97,,
,"LPG/Other gases","Passenger Vehicles",3,,
,,"Light Commercial Vehicles",0,,
,"Dual fuel","Passenger Vehicles",0,,
,,"Light Commercial Vehicles",0,,
,"Other","Passenger Vehicles",0,,
,,"Light Commercial Vehicles",0,,
,"Unknown","Passenger Vehicles",0,,
,,"Light Commercial Vehicles",0,,
"5223","Diesel","Passenger Vehicles",391,,
,,"Light Commercial Vehicles",915,,
,"Electric","Passenger Vehicles",3,,
,,"Light Commercial Vehicles",0,,
,"Petrol leaded","Passenger Vehicles",23,,
,,"Light Commercial Vehicles",20,,
,"Petrol unleaded","Passenger Vehicles",1653,,
,,"Light Commercial Vehicles",357,,
,"LPG/Other gases","Passenger Vehicles",8,,
,,"Light Commercial Vehicles",5,,
,"Dual fuel","Passenger Vehicles",0,,
,,"Light Commercial Vehicles",0,,
,"Other","Passenger Vehicles",0,,
,,"Light Commercial Vehicles",0,,
,"Unknown","Passenger Vehicles",0,,
,,"Light Commercial Vehicles",0,,
"5231","Diesel","Passenger Vehicles",134,,
,,"Light Commercial Vehicles",162,,
,"Electric","Passenger Vehicles",0,,
,,"Light Commercial Vehicles",0,,
,"Petrol leaded","Passenger Vehicles",19,,
,,"Light Commercial Vehicles",4,,
,"Petrol unleaded","Passenger Vehicles",621,,
,,"Light Commercial Vehicles",84,,
,"LPG/Other gases","Passenger Vehicles",8,,
,,"Light Commercial Vehicles",3,,
,"Dual fuel","Passenger Vehicles",0,,
,,"Light Commercial Vehicles",0,,
,"Other","Passenger Vehicles",0,,
,,"Light Commercial Vehicles",0,,
,"Unknown","Passenger Vehicles",0,,
,,"Light Commercial Vehicles",0,,
"5232","Diesel","Passenger Vehicles",52,,
,,"Light Commercial Vehicles",60,,
,"Electric","Passenger Vehicles",0,,
,,"Light Commercial Vehicles",0,,
,"Petrol leaded","Passenger Vehicles",19,,
,,"Light Commercial Vehicles",3,,
,"Petrol unleaded","Passenger Vehicles",252,,
,,"Light Commercial Vehicles",33,,
,"LPG/Other gases","Passenger Vehicles",0,,
,,"Light Commercial Vehicles",3,,
,"Dual fuel","Passenger Vehicles",0,,
,,"Light Commercial Vehicles",0,,
,"Other","Passenger Vehicles",0,,
,,"Light Commercial Vehicles",0,,
,"Unknown","Passenger Vehicles",0,,
,,"Light Commercial Vehicles",0,,
"5233","Diesel","Passenger Vehicles",130,,
,,"Light Commercial Vehicles",211,,
,"Electric","Passenger Vehicles",0,,
,,"Light Commercial Vehicles",0,,
,"Petrol leaded","Passenger Vehicles",65,,
,,"Light Commercial Vehicles",16,,
,"Petrol unleaded","Passenger Vehicles",778,,
,,"Light Commercial Vehicles",97,,
,"LPG/Other gases","Passenger Vehicles",5,,
,,"Light Commercial Vehicles",3,,
,"Dual fuel","Passenger Vehicles",0,,
,,"Light Commercial Vehicles",0,,
,"Other","Passenger Vehicles",0,,
,,"Light Commercial Vehicles",0,,
,"Unknown","Passenger Vehicles",0,,
,,"Light Commercial Vehicles",0,,
"5234","Diesel","Passenger Vehicles",186,,
,,"Light Commercial Vehicles",184,,
,"Electric","Passenger Vehicles",0,,
,,"Light Commercial Vehicles",0,,
,"Petrol leaded","Passenger Vehicles",48,,
,,"Light Commercial Vehicles",11,,
,"Petrol unleaded","Passenger Vehicles",730,,
,,"Light Commercial Vehicles",90,,
,"LPG/Other gases","Passenger Vehicles",6,,
,,"Light Commercial Vehicles",3,,
,"Dual fuel","Passenger Vehicles",0,,
,,"Light Commercial Vehicles",0,,
,"Other","Passenger Vehicles",0,,
,,"Light Commercial Vehicles",0,,
,"Unknown","Passenger Vehicles",0,,
,,"Light Commercial Vehicles",0,,
"5235","Diesel","Passenger Vehicles",287,,
,,"Light Commercial Vehicles",410,,
,"Electric","Passenger Vehicles",0,,
,,"Light Commercial Vehicles",0,,
,"Petrol leaded","Passenger Vehicles",70,,
,,"Light Commercial Vehicles",20,,
,"Petrol unleaded","Passenger Vehicles",1317,,
,,"Light Commercial Vehicles",232,,
,"LPG/Other gases","Passenger Vehicles",14,,
,,"Light Commercial Vehicles",13,,
,"Dual fuel","Passenger Vehicles",0,,
,,"Light Commercial Vehicles",0,,
,"Other","Passenger Vehicles",0,,
,,"Light Commercial Vehicles",0,,
,"Unknown","Passenger Vehicles",0,,
,,"Light Commercial Vehicles",0,,
"5236","Diesel","Passenger Vehicles",34,,
,,"Light Commercial Vehicles",68,,
,"Electric","Passenger Vehicles",0,,
,,"Light Commercial Vehicles",0,,
,"Petrol leaded","Passenger Vehicles",5,,
,,"Light Commercial Vehicles",4,,
,"Petrol unleaded","Passenger Vehicles",157,,
,,"Light Commercial Vehicles",23,,
,"LPG/Other gases","Passenger Vehicles",0,,
,,"Light Commercial Vehicles",0,,
,"Dual fuel","Passenger Vehicles",0,,
,,"Light Commercial Vehicles",0,,
,"Other","Passenger Vehicles",0,,
,,"Light Commercial Vehicles",0,,
,"Unknown","Passenger Vehicles",0,,
,,"Light Commercial Vehicles",0,,
"5237","Diesel","Passenger Vehicles",35,,
,,"Light Commercial Vehicles",94,,
,"Electric","Passenger Vehicles",0,,
,,"Light Commercial Vehicles",0,,
,"Petrol leaded","Passenger Vehicles",15,,
,,"Light Commercial Vehicles",5,,
,"Petrol unleaded","Passenger Vehicles",195,,
,,"Light Commercial Vehicles",39,,
,"LPG/Other gases","Passenger Vehicles",3,,
,,"Light Commercial Vehicles",3,,
,"Dual fuel","Passenger Vehicles",0,,
,,"Light Commercial Vehicles",0,,
,"Other","Passenger Vehicles",0,,
,,"Light Commercial Vehicles",0,,
,"Unknown","Passenger Vehicles",0,,
,,"Light Commercial Vehicles",0,,
"5238","Diesel","Passenger Vehicles",418,,
,,"Light Commercial Vehicles",647,,
,"Electric","Passenger Vehicles",0,,
,,"Light Commercial Vehicles",0,,
,"Petrol leaded","Passenger Vehicles",139,,
,,"Light Commercial Vehicles",61,,
,"Petrol unleaded","Passenger Vehicles",2345,,
,,"Light Commercial Vehicles",401,,
,"LPG/Other gases","Passenger Vehicles",14,,
,,"Light Commercial Vehicles",15,,
,"Dual fuel","Passenger Vehicles",0,,
,,"Light Commercial Vehicles",0,,
,"Other","Passenger Vehicles",0,,
,,"Light Commercial Vehicles",0,,
,"Unknown","Passenger Vehicles",0,,
,,"Light Commercial Vehicles",0,,
"5240","Diesel","Passenger Vehicles",53,,
,,"Light Commercial Vehicles",94,,
,"Electric","Passenger Vehicles",0,,
,,"Light Commercial Vehicles",0,,
,"Petrol leaded","Passenger Vehicles",13,,
,,"Light Commercial Vehicles",3,,
,"Petrol unleaded","Passenger Vehicles",314,,
,,"Light Commercial Vehicles",47,,
,"LPG/Other gases","Passenger Vehicles",3,,
,,"Light Commercial Vehicles",0,,
,"Dual fuel","Passenger Vehicles",0,,
,,"Light Commercial Vehicles",0,,
,"Other","Passenger Vehicles",0,,
,,"Light Commercial Vehicles",0,,
,"Unknown","Passenger Vehicles",0,,
,,"Light Commercial Vehicles",0,,
"5241","Diesel","Passenger Vehicles",225,,
,,"Light Commercial Vehicles",280,,
,"Electric","Passenger Vehicles",0,,
,,"Light Commercial Vehicles",0,,
,"Petrol leaded","Passenger Vehicles",57,,
,,"Light Commercial Vehicles",16,,
,"Petrol unleaded","Passenger Vehicles",1364,,
,,"Light Commercial Vehicles",162,,
,"LPG/Other gases","Passenger Vehicles",10,,
,,"Light Commercial Vehicles",5,,
,"Dual fuel","Passenger Vehicles",0,,
,,"Light Commercial Vehicles",0,,
,"Other","Passenger Vehicles",0,,
,,"Light Commercial Vehicles",0,,
,"Unknown","Passenger Vehicles",0,,
,,"Light Commercial Vehicles",0,,
"5242","Diesel","Passenger Vehicles",196,,
,,"Light Commercial Vehicles",183,,
,"Electric","Passenger Vehicles",0,,
,,"Light Commercial Vehicles",0,,
,"Petrol leaded","Passenger Vehicles",36,,
,,"Light Commercial Vehicles",5,,
,"Petrol unleaded","Passenger Vehicles",869,,
,,"Light Commercial Vehicles",72,,
,"LPG/Other gases","Passenger Vehicles",3,,
,,"Light Commercial Vehicles",0,,
,"Dual fuel","Passenger Vehicles",0,,
,,"Light Commercial Vehicles",0,,
,"Other","Passenger Vehicles",0,,
,,"Light Commercial Vehicles",0,,
,"Unknown","Passenger Vehicles",0,,
,,"Light Commercial Vehicles",0,,
"5243","Diesel","Passenger Vehicles",122,,
,,"Light Commercial Vehicles",99,,
,"Electric","Passenger Vehicles",3,,
,,"Light Commercial Vehicles",0,,
,"Petrol leaded","Passenger Vehicles",29,,
,,"Light Commercial Vehicles",9,,
,"Petrol unleaded","Passenger Vehicles",520,,
,,"Light Commercial Vehicles",56,,
,"LPG/Other gases","Passenger Vehicles",5,,
,,"Light Commercial Vehicles",0,,
,"Dual fuel","Passenger Vehicles",0,,
,,"Light Commercial Vehicles",0,,
,"Other","Passenger Vehicles",0,,
,,"Light Commercial Vehicles",0,,
,"Unknown","Passenger Vehicles",0,,
,,"Light Commercial Vehicles",0,,
"5244","Diesel","Passenger Vehicles",485,,
,,"Light Commercial Vehicles",566,,
,"Electric","Passenger Vehicles",0,,
,,"Light Commercial Vehicles",0,,
,"Petrol leaded","Passenger Vehicles",117,,
,,"Light Commercial Vehicles",33,,
,"Petrol unleaded","Passenger Vehicles",2208,,
,,"Light Commercial Vehicles",251,,
,"LPG/Other gases","Passenger Vehicles",22,,
,,"Light Commercial Vehicles",8,,
,"Dual fuel","Passenger Vehicles",0,,
,,"Light Commercial Vehicles",0,,
,"Other","Passenger Vehicles",0,,
,,"Light Commercial Vehicles",0,,
,"Unknown","Passenger Vehicles",0,,
,,"Light Commercial Vehicles",0,,
"5245","Diesel","Passenger Vehicles",423,,
,,"Light Commercial Vehicles",304,,
,"Electric","Passenger Vehicles",0,,
,,"Light Commercial Vehicles",0,,
,"Petrol leaded","Passenger Vehicles",89,,
,,"Light Commercial Vehicles",17,,
,"Petrol unleaded","Passenger Vehicles",1673,,
,,"Light Commercial Vehicles",166,,
,"LPG/Other gases","Passenger Vehicles",7,,
,,"Light Commercial Vehicles",5,,
,"Dual fuel","Passenger Vehicles",0,,
,,"Light Commercial Vehicles",0,,
,"Other","Passenger Vehicles",0,,
,,"Light Commercial Vehicles",0,,
,"Unknown","Passenger Vehicles",0,,
,,"Light Commercial Vehicles",0,,
"5250","Diesel","Passenger Vehicles",423,,
,,"Light Commercial Vehicles",351,,
,"Electric","Passenger Vehicles",0,,
,,"Light Commercial Vehicles",0,,
,"Petrol leaded","Passenger Vehicles",75,,
,,"Light Commercial Vehicles",10,,
,"Petrol unleaded","Passenger Vehicles",1952,,
,,"Light Commercial Vehicles",140,,
,"LPG/Other gases","Passenger Vehicles",8,,
,,"Light Commercial Vehicles",3,,
,"Dual fuel","Passenger Vehicles",0,,
,,"Light Commercial Vehicles",0,,
,"Other","Passenger Vehicles",0,,
,,"Light Commercial Vehicles",0,,
,"Unknown","Passenger Vehicles",0,,
,,"Light Commercial Vehicles",0,,
"5251","Diesel","Passenger Vehicles",1341,,
,,"Light Commercial Vehicles",1208,,
,"Electric","Passenger Vehicles",0,,
,,"Light Commercial Vehicles",0,,
,"Petrol leaded","Passenger Vehicles",262,,
,,"Light Commercial Vehicles",45,,
,"Petrol unleaded","Passenger Vehicles",8534,,
,,"Light Commercial Vehicles",515,,
,"LPG/Other gases","Passenger Vehicles",38,,
,,"Light Commercial Vehicles",27,,
,"Dual fuel","Passenger Vehicles",0,,
,,"Light Commercial Vehicles",0,,
,"Other","Passenger Vehicles",0,,
,,"Light Commercial Vehicles",0,,
,"Unknown","Passenger Vehicles",0,,
,,"Light Commercial Vehicles",0,,
"5252","Diesel","Passenger Vehicles",542,,
,,"Light Commercial Vehicles",637,,
,"Electric","Passenger Vehicles",0,,
,,"Light Commercial Vehicles",0,,
,"Petrol leaded","Passenger Vehicles",107,,
,,"Light Commercial Vehicles",21,,
,"Petrol unleaded","Passenger Vehicles",3422,,
,,"Light Commercial Vehicles",302,,
,"LPG/Other gases","Passenger Vehicles",20,,
,,"Light Commercial Vehicles",10,,
,"Dual fuel","Passenger Vehicles",0,,
,,"Light Commercial Vehicles",0,,
,"Other","Passenger Vehicles",0,,
,,"Light Commercial Vehicles",0,,
,"Unknown","Passenger Vehicles",0,,
,,"Light Commercial Vehicles",0,,
"5253","Diesel","Passenger Vehicles",1473,,
,,"Light Commercial Vehicles",1722,,
,"Electric","Passenger Vehicles",0,,
,,"Light Commercial Vehicles",0,,
,"Petrol leaded","Passenger Vehicles",480,,
,,"Light Commercial Vehicles",92,,
,"Petrol unleaded","Passenger Vehicles",10304,,
,,"Light Commercial Vehicles",1081,,
,"LPG/Other gases","Passenger Vehicles",106,,
,,"Light Commercial Vehicles",45,,
,"Dual fuel","Passenger Vehicles",0,,
,,"Light Commercial Vehicles",0,,
,"Other","Passenger Vehicles",3,,
,,"Light Commercial Vehicles",0,,
,"Unknown","Passenger Vehicles",0,,
,,"Light Commercial Vehicles",0,,
"5254","Diesel","Passenger Vehicles",261,,
,,"Light Commercial Vehicles",453,,
,"Electric","Passenger Vehicles",0,,
,,"Light Commercial Vehicles",0,,
,"Petrol leaded","Passenger Vehicles",74,,
,,"Light Commercial Vehicles",23,,
,"Petrol unleaded","Passenger Vehicles",1237,,
,,"Light Commercial Vehicles",224,,
,"LPG/Other gases","Passenger Vehicles",8,,
,,"Light Commercial Vehicles",15,,
,"Dual fuel","Passenger Vehicles",0,,
,,"Light Commercial Vehicles",0,,
,"Other","Passenger Vehicles",0,,
,,"Light Commercial Vehicles",0,,
,"Unknown","Passenger Vehicles",0,,
,,"Light Commercial Vehicles",0,,
"5255","Diesel","Passenger Vehicles",1043,,
,,"Light Commercial Vehicles",1357,,
,"Electric","Passenger Vehicles",0,,
,,"Light Commercial Vehicles",0,,
,"Petrol leaded","Passenger Vehicles",245,,
,,"Light Commercial Vehicles",60,,
,"Petrol unleaded","Passenger Vehicles",5162,,
,,"Light Commercial Vehicles",624,,
,"LPG/Other gases","Passenger Vehicles",29,,
,,"Light Commercial Vehicles",23,,
,"Dual fuel","Passenger Vehicles",0,,
,,"Light Commercial Vehicles",0,,
,"Other","Passenger Vehicles",0,,
,,"Light Commercial Vehicles",0,,
,"Unknown","Passenger Vehicles",0,,
,,"Light Commercial Vehicles",0,,
"5256","Diesel","Passenger Vehicles",132,,
,,"Light Commercial Vehicles",191,,
,"Electric","Passenger Vehicles",0,,
,,"Light Commercial Vehicles",0,,
,"Petrol leaded","Passenger Vehicles",43,,
,,"Light Commercial Vehicles",7,,
,"Petrol unleaded","Passenger Vehicles",873,,
,,"Light Commercial Vehicles",128,,
,"LPG/Other gases","Passenger Vehicles",7,,
,,"Light Commercial Vehicles",6,,
,"Dual fuel","Passenger Vehicles",0,,
,,"Light Commercial Vehicles",0,,
,"Other","Passenger Vehicles",0,,
,,"Light Commercial Vehicles",0,,
,"Unknown","Passenger Vehicles",0,,
,,"Light Commercial Vehicles",0,,
"5259","Diesel","Passenger Vehicles",139,,
,,"Light Commercial Vehicles",207,,
,"Electric","Passenger Vehicles",0,,
,,"Light Commercial Vehicles",0,,
,"Petrol leaded","Passenger Vehicles",25,,
,,"Light Commercial Vehicles",14,,
,"Petrol unleaded","Passenger Vehicles",491,,
,,"Light Commercial Vehicles",80,,
,"LPG/Other gases","Passenger Vehicles",0,,
,,"Light Commercial Vehicles",6,,
,"Dual fuel","Passenger Vehicles",0,,
,,"Light Commercial Vehicles",0,,
,"Other","Passenger Vehicles",0,,
,,"Light Commercial Vehicles",0,,
,"Unknown","Passenger Vehicles",0,,
,,"Light Commercial Vehicles",0,,
"5260","Diesel","Passenger Vehicles",150,,
,,"Light Commercial Vehicles",213,,
,"Electric","Passenger Vehicles",0,,
,,"Light Commercial Vehicles",0,,
,"Petrol leaded","Passenger Vehicles",48,,
,,"Light Commercial Vehicles",16,,
,"Petrol unleaded","Passenger Vehicles",980,,
,,"Light Commercial Vehicles",131,,
,"LPG/Other gases","Passenger Vehicles",6,,
,,"Light Commercial Vehicles",3,,
,"Dual fuel","Passenger Vehicles",0,,
,,"Light Commercial Vehicles",0,,
,"Other","Passenger Vehicles",0,,
,,"Light Commercial Vehicles",0,,
,"Unknown","Passenger Vehicles",0,,
,,"Light Commercial Vehicles",0,,
"5261","Diesel","Passenger Vehicles",63,,
,,"Light Commercial Vehicles",138,,
,"Electric","Passenger Vehicles",0,,
,,"Light Commercial Vehicles",0,,
,"Petrol leaded","Passenger Vehicles",6,,
,,"Light Commercial Vehicles",3,,
,"Petrol unleaded","Passenger Vehicles",156,,
,,"Light Commercial Vehicles",40,,
,"LPG/Other gases","Passenger Vehicles",0,,
,,"Light Commercial Vehicles",0,,
,"Dual fuel","Passenger Vehicles",0,,
,,"Light Commercial Vehicles",0,,
,"Other","Passenger Vehicles",0,,
,,"Light Commercial Vehicles",0,,
,"Unknown","Passenger Vehicles",0,,
,,"Light Commercial Vehicles",0,,
"5262","Diesel","Passenger Vehicles",84,,
,,"Light Commercial Vehicles",209,,
,"Electric","Passenger Vehicles",0,,
,,"Light Commercial Vehicles",0,,
,"Petrol leaded","Passenger Vehicles",8,,
,,"Light Commercial Vehicles",6,,
,"Petrol unleaded","Passenger Vehicles",194,,
,,"Light Commercial Vehicles",40,,
,"LPG/Other gases","Passenger Vehicles",3,,
,,"Light Commercial Vehicles",0,,
,"Dual fuel","Passenger Vehicles",0,,
,,"Light Commercial Vehicles",0,,
,"Other","Passenger Vehicles",0,,
,,"Light Commercial Vehicles",0,,
,"Unknown","Passenger Vehicles",0,,
,,"Light Commercial Vehicles",0,,
"5263","Diesel","Passenger Vehicles",60,,
,,"Light Commercial Vehicles",99,,
,"Electric","Passenger Vehicles",0,,
,,"Light Commercial Vehicles",0,,
,"Petrol leaded","Passenger Vehicles",5,,
,,"Light Commercial Vehicles",4,,
,"Petrol unleaded","Passenger Vehicles",97,,
,,"Light Commercial Vehicles",35,,
,"LPG/Other gases","Passenger Vehicles",3,,
,,"Light Commercial Vehicles",3,,
,"Dual fuel","Passenger Vehicles",0,,
,,"Light Commercial Vehicles",0,,
,"Other","Passenger Vehicles",0,,
,,"Light Commercial Vehicles",0,,
,"Unknown","Passenger Vehicles",0,,
,,"Light Commercial Vehicles",0,,
"5264","Diesel","Passenger Vehicles",215,,
,,"Light Commercial Vehicles",357,,
,"Electric","Passenger Vehicles",0,,
,,"Light Commercial Vehicles",0,,
,"Petrol leaded","Passenger Vehicles",41,,
,,"Light Commercial Vehicles",12,,
,"Petrol unleaded","Passenger Vehicles",617,,
,,"Light Commercial Vehicles",90,,
,"LPG/Other gases","Passenger Vehicles",0,,
,,"Light Commercial Vehicles",3,,
,"Dual fuel","Passenger Vehicles",0,,
,,"Light Commercial Vehicles",0,,
,"Other","Passenger Vehicles",0,,
,,"Light Commercial Vehicles",0,,
,"Unknown","Passenger Vehicles",0,,
,,"Light Commercial Vehicles",0,,
"5265","Diesel","Passenger Vehicles",52,,
,,"Light Commercial Vehicles",113,,
,"Electric","Passenger Vehicles",0,,
,,"Light Commercial Vehicles",0,,
,"Petrol leaded","Passenger Vehicles",3,,
,,"Light Commercial Vehicles",3,,
,"Petrol unleaded","Passenger Vehicles",165,,
,,"Light Commercial Vehicles",22,,
,"LPG/Other gases","Passenger Vehicles",3,,
,,"Light Commercial Vehicles",0,,
,"Dual fuel","Passenger Vehicles",0,,
,,"Light Commercial Vehicles",0,,
,"Other","Passenger Vehicles",0,,
,,"Light Commercial Vehicles",0,,
,"Unknown","Passenger Vehicles",0,,
,,"Light Commercial Vehicles",0,,
"5266","Diesel","Passenger Vehicles",123,,
,,"Light Commercial Vehicles",222,,
,"Electric","Passenger Vehicles",0,,
,,"Light Commercial Vehicles",0,,
,"Petrol leaded","Passenger Vehicles",6,,
,,"Light Commercial Vehicles",3,,
,"Petrol unleaded","Passenger Vehicles",266,,
,,"Light Commercial Vehicles",40,,
,"LPG/Other gases","Passenger Vehicles",0,,
,,"Light Commercial Vehicles",3,,
,"Dual fuel","Passenger Vehicles",0,,
,,"Light Commercial Vehicles",0,,
,"Other","Passenger Vehicles",0,,
,,"Light Commercial Vehicles",0,,
,"Unknown","Passenger Vehicles",0,,
,,"Light Commercial Vehicles",0,,
"5267","Diesel","Passenger Vehicles",352,,
,,"Light Commercial Vehicles",623,,
,"Electric","Passenger Vehicles",0,,
,,"Light Commercial Vehicles",0,,
,"Petrol leaded","Passenger Vehicles",23,,
,,"Light Commercial Vehicles",11,,
,"Petrol unleaded","Passenger Vehicles",780,,
,,"Light Commercial Vehicles",147,,
,"LPG/Other gases","Passenger Vehicles",3,,
,,"Light Commercial Vehicles",4,,
,"Dual fuel","Passenger Vehicles",0,,
,,"Light Commercial Vehicles",0,,
,"Other","Passenger Vehicles",0,,
,,"Light Commercial Vehicles",0,,
,"Unknown","Passenger Vehicles",0,,
,,"Light Commercial Vehicles",0,,
"5268","Diesel","Passenger Vehicles",411,,
,,"Light Commercial Vehicles",810,,
,"Electric","Passenger Vehicles",0,,
,,"Light Commercial Vehicles",0,,
,"Petrol leaded","Passenger Vehicles",82,,
,,"Light Commercial Vehicles",21,,
,"Petrol unleaded","Passenger Vehicles",1809,,
,,"Light Commercial Vehicles",220,,
,"LPG/Other gases","Passenger Vehicles",9,,
,,"Light Commercial Vehicles",10,,
,"Dual fuel","Passenger Vehicles",0,,
,,"Light Commercial Vehicles",3,,
,"Other","Passenger Vehicles",0,,
,,"Light Commercial Vehicles",0,,
,"Unknown","Passenger Vehicles",0,,
,,"Light Commercial Vehicles",0,,
"5269","Diesel","Passenger Vehicles",19,,
,,"Light Commercial Vehicles",59,,
,"Electric","Passenger Vehicles",0,,
,,"Light Commercial Vehicles",0,,
,"Petrol leaded","Passenger Vehicles",5,,
,,"Light Commercial Vehicles",3,,
,"Petrol unleaded","Passenger Vehicles",121,,
,,"Light Commercial Vehicles",15,,
,"LPG/Other gases","Passenger Vehicles",3,,
,,"Light Commercial Vehicles",3,,
,"Dual fuel","Passenger Vehicles",0,,
,,"Light Commercial Vehicles",0,,
,"Other","Passenger Vehicles",0,,
,,"Light Commercial Vehicles",0,,
,"Unknown","Passenger Vehicles",0,,
,,"Light Commercial Vehicles",0,,
"5270","Diesel","Passenger Vehicles",99,,
,,"Light Commercial Vehicles",200,,
,"Electric","Passenger Vehicles",0,,
,,"Light Commercial Vehicles",0,,
,"Petrol leaded","Passenger Vehicles",9,,
,,"Light Commercial Vehicles",6,,
,"Petrol unleaded","Passenger Vehicles",260,,
,,"Light Commercial Vehicles",53,,
,"LPG/Other gases","Passenger Vehicles",0,,
,,"Light Commercial Vehicles",0,,
,"Dual fuel","Passenger Vehicles",0,,
,,"Light Commercial Vehicles",0,,
,"Other","Passenger Vehicles",0,,
,,"Light Commercial Vehicles",0,,
,"Unknown","Passenger Vehicles",0,,
,,"Light Commercial Vehicles",0,,
"5271","Diesel","Passenger Vehicles",872,,
,,"Light Commercial Vehicles",1760,,
,"Electric","Passenger Vehicles",0,,
,,"Light Commercial Vehicles",0,,
,"Petrol leaded","Passenger Vehicles",137,,
,,"Light Commercial Vehicles",56,,
,"Petrol unleaded","Passenger Vehicles",3738,,
,,"Light Commercial Vehicles",536,,
,"LPG/Other gases","Passenger Vehicles",25,,
,,"Light Commercial Vehicles",17,,
,"Dual fuel","Passenger Vehicles",0,,
,,"Light Commercial Vehicles",0,,
,"Other","Passenger Vehicles",0,,
,,"Light Commercial Vehicles",0,,
,"Unknown","Passenger Vehicles",0,,
,,"Light Commercial Vehicles",0,,
"5272","Diesel","Passenger Vehicles",141,,
,,"Light Commercial Vehicles",297,,
,"Electric","Passenger Vehicles",0,,
,,"Light Commercial Vehicles",0,,
,"Petrol leaded","Passenger Vehicles",18,,
,,"Light Commercial Vehicles",4,,
,"Petrol unleaded","Passenger Vehicles",330,,
,,"Light Commercial Vehicles",88,,
,"LPG/Other gases","Passenger Vehicles",5,,
,,"Light Commercial Vehicles",3,,
,"Dual fuel","Passenger Vehicles",0,,
,,"Light Commercial Vehicles",0,,
,"Other","Passenger Vehicles",0,,
,,"Light Commercial Vehicles",0,,
,"Unknown","Passenger Vehicles",0,,
,,"Light Commercial Vehicles",0,,
"5273","Diesel","Passenger Vehicles",32,,
,,"Light Commercial Vehicles",59,,
,"Electric","Passenger Vehicles",0,,
,,"Light Commercial Vehicles",0,,
,"Petrol leaded","Passenger Vehicles",3,,
,,"Light Commercial Vehicles",0,,
,"Petrol unleaded","Passenger Vehicles",29,,
,,"Light Commercial Vehicles",11,,
,"LPG/Other gases","Passenger Vehicles",0,,
,,"Light Commercial Vehicles",0,,
,"Dual fuel","Passenger Vehicles",0,,
,,"Light Commercial Vehicles",0,,
,"Other","Passenger Vehicles",0,,
,,"Light Commercial Vehicles",0,,
,"Unknown","Passenger Vehicles",0,,
,,"Light Commercial Vehicles",0,,
"5275","Diesel","Passenger Vehicles",367,,
,,"Light Commercial Vehicles",753,,
,"Electric","Passenger Vehicles",0,,
,,"Light Commercial Vehicles",0,,
,"Petrol leaded","Passenger Vehicles",45,,
,,"Light Commercial Vehicles",19,,
,"Petrol unleaded","Passenger Vehicles",1046,,
,,"Light Commercial Vehicles",197,,
,"LPG/Other gases","Passenger Vehicles",6,,
,,"Light Commercial Vehicles",6,,
,"Dual fuel","Passenger Vehicles",0,,
,,"Light Commercial Vehicles",0,,
,"Other","Passenger Vehicles",0,,
,,"Light Commercial Vehicles",0,,
,"Unknown","Passenger Vehicles",0,,
,,"Light Commercial Vehicles",0,,
"5276","Diesel","Passenger Vehicles",220,,
,,"Light Commercial Vehicles",344,,
,"Electric","Passenger Vehicles",0,,
,,"Light Commercial Vehicles",0,,
,"Petrol leaded","Passenger Vehicles",24,,
,,"Light Commercial Vehicles",9,,
,"Petrol unleaded","Passenger Vehicles",600,,
,,"Light Commercial Vehicles",115,,
,"LPG/Other gases","Passenger Vehicles",6,,
,,"Light Commercial Vehicles",3,,
,"Dual fuel","Passenger Vehicles",0,,
,,"Light Commercial Vehicles",0,,
,"Other","Passenger Vehicles",0,,
,,"Light Commercial Vehicles",0,,
,"Unknown","Passenger Vehicles",0,,
,,"Light Commercial Vehicles",0,,
"5277","Diesel","Passenger Vehicles",377,,
,,"Light Commercial Vehicles",670,,
,"Electric","Passenger Vehicles",0,,
,,"Light Commercial Vehicles",0,,
,"Petrol leaded","Passenger Vehicles",62,,
,,"Light Commercial Vehicles",21,,
,"Petrol unleaded","Passenger Vehicles",1380,,
,,"Light Commercial Vehicles",242,,
,"LPG/Other gases","Passenger Vehicles",27,,
,,"Light Commercial Vehicles",7,,
,"Dual fuel","Passenger Vehicles",0,,
,,"Light Commercial Vehicles",0,,
,"Other","Passenger Vehicles",0,,
,,"Light Commercial Vehicles",0,,
,"Unknown","Passenger Vehicles",0,,
,,"Light Commercial Vehicles",0,,
"5278","Diesel","Passenger Vehicles",66,,
,,"Light Commercial Vehicles",159,,
,"Electric","Passenger Vehicles",0,,
,,"Light Commercial Vehicles",0,,
,"Petrol leaded","Passenger Vehicles",12,,
,,"Light Commercial Vehicles",6,,
,"Petrol unleaded","Passenger Vehicles",230,,
,,"Light Commercial Vehicles",50,,
,"LPG/Other gases","Passenger Vehicles",3,,
,,"Light Commercial Vehicles",3,,
,"Dual fuel","Passenger Vehicles",0,,
,,"Light Commercial Vehicles",0,,
,"Other","Passenger Vehicles",0,,
,,"Light Commercial Vehicles",0,,
,"Unknown","Passenger Vehicles",0,,
,,"Light Commercial Vehicles",0,,
"5279","Diesel","Passenger Vehicles",56,,
,,"Light Commercial Vehicles",106,,
,"Electric","Passenger Vehicles",0,,
,,"Light Commercial Vehicles",0,,
,"Petrol leaded","Passenger Vehicles",6,,
,,"Light Commercial Vehicles",0,,
,"Petrol unleaded","Passenger Vehicles",211,,
,,"Light Commercial Vehicles",44,,
,"LPG/Other gases","Passenger Vehicles",3,,
,,"Light Commercial Vehicles",3,,
,"Dual fuel","Passenger Vehicles",0,,
,,"Light Commercial Vehicles",0,,
,"Other","Passenger Vehicles",0,,
,,"Light Commercial Vehicles",0,,
,"Unknown","Passenger Vehicles",0,,
,,"Light Commercial Vehicles",0,,
"5280","Diesel","Passenger Vehicles",852,,
,,"Light Commercial Vehicles",1608,,
,"Electric","Passenger Vehicles",0,,
,,"Light Commercial Vehicles",0,,
,"Petrol leaded","Passenger Vehicles",113,,
,,"Light Commercial Vehicles",55,,
,"Petrol unleaded","Passenger Vehicles",3546,,
,,"Light Commercial Vehicles",619,,
,"LPG/Other gases","Passenger Vehicles",60,,
,,"Light Commercial Vehicles",21,,
,"Dual fuel","Passenger Vehicles",0,,
,,"Light Commercial Vehicles",0,,
,"Other","Passenger Vehicles",3,,
,,"Light Commercial Vehicles",0,,
,"Unknown","Passenger Vehicles",0,,
,,"Light Commercial Vehicles",0,,
"5290","Diesel","Passenger Vehicles",2009,,
,,"Light Commercial Vehicles",3318,,
,"Electric","Passenger Vehicles",0,,
,,"Light Commercial Vehicles",0,,
,"Petrol leaded","Passenger Vehicles",431,,
,,"Light Commercial Vehicles",101,,
,"Petrol unleaded","Passenger Vehicles",13581,,
,,"Light Commercial Vehicles",1602,,
,"LPG/Other gases","Passenger Vehicles",121,,
,,"Light Commercial Vehicles",59,,
,"Dual fuel","Passenger Vehicles",0,,
,,"Light Commercial Vehicles",0,,
,"Other","Passenger Vehicles",0,,
,,"Light Commercial Vehicles",0,,
,"Unknown","Passenger Vehicles",0,,
,,"Light Commercial Vehicles",0,,
"5291","Diesel","Passenger Vehicles",1036,,
,,"Light Commercial Vehicles",2068,,
,"Electric","Passenger Vehicles",0,,
,,"Light Commercial Vehicles",0,,
,"Petrol leaded","Passenger Vehicles",235,,
,,"Light Commercial Vehicles",67,,
,"Petrol unleaded","Passenger Vehicles",3781,,
,,"Light Commercial Vehicles",738,,
,"LPG/Other gases","Passenger Vehicles",42,,
,,"Light Commercial Vehicles",21,,
,"Dual fuel","Passenger Vehicles",0,,
,,"Light Commercial Vehicles",0,,
,"Other","Passenger Vehicles",0,,
,,"Light Commercial Vehicles",0,,
,"Unknown","Passenger Vehicles",0,,
,,"Light Commercial Vehicles",0,,
"5301","Diesel","Passenger Vehicles",92,,
,,"Light Commercial Vehicles",193,,
,"Electric","Passenger Vehicles",0,,
,,"Light Commercial Vehicles",0,,
,"Petrol leaded","Passenger Vehicles",15,,
,,"Light Commercial Vehicles",12,,
,"Petrol unleaded","Passenger Vehicles",250,,
,,"Light Commercial Vehicles",53,,
,"LPG/Other gases","Passenger Vehicles",0,,
,,"Light Commercial Vehicles",0,,
,"Dual fuel","Passenger Vehicles",0,,
,,"Light Commercial Vehicles",0,,
,"Other","Passenger Vehicles",0,,
,,"Light Commercial Vehicles",0,,
,"Unknown","Passenger Vehicles",0,,
,,"Light Commercial Vehicles",0,,
"5302","Diesel","Passenger Vehicles",104,,
,,"Light Commercial Vehicles",232,,
,"Electric","Passenger Vehicles",0,,
,,"Light Commercial Vehicles",0,,
,"Petrol leaded","Passenger Vehicles",20,,
,,"Light Commercial Vehicles",6,,
,"Petrol unleaded","Passenger Vehicles",362,,
,,"Light Commercial Vehicles",64,,
,"LPG/Other gases","Passenger Vehicles",0,,
,,"Light Commercial Vehicles",0,,
,"Dual fuel","Passenger Vehicles",0,,
,,"Light Commercial Vehicles",0,,
,"Other","Passenger Vehicles",0,,
,,"Light Commercial Vehicles",0,,
,"Unknown","Passenger Vehicles",0,,
,,"Light Commercial Vehicles",0,,
"5303","Diesel","Passenger Vehicles",44,,
,,"Light Commercial Vehicles",94,,
,"Electric","Passenger Vehicles",0,,
,,"Light Commercial Vehicles",0,,
,"Petrol leaded","Passenger Vehicles",6,,
,,"Light Commercial Vehicles",0,,
,"Petrol unleaded","Passenger Vehicles",84,,
,,"Light Commercial Vehicles",23,,
,"LPG/Other gases","Passenger Vehicles",0,,
,,"Light Commercial Vehicles",0,,
,"Dual fuel","Passenger Vehicles",0,,
,,"Light Commercial Vehicles",0,,
,"Other","Passenger Vehicles",0,,
,,"Light Commercial Vehicles",0,,
,"Unknown","Passenger Vehicles",0,,
,,"Light Commercial Vehicles",0,,
"5304","Diesel","Passenger Vehicles",116,,
,,"Light Commercial Vehicles",223,,
,"Electric","Passenger Vehicles",0,,
,,"Light Commercial Vehicles",0,,
,"Petrol leaded","Passenger Vehicles",11,,
,,"Light Commercial Vehicles",11,,
,"Petrol unleaded","Passenger Vehicles",412,,
,,"Light Commercial Vehicles",74,,
,"LPG/Other gases","Passenger Vehicles",5,,
,,"Light Commercial Vehicles",3,,
,"Dual fuel","Passenger Vehicles",0,,
,,"Light Commercial Vehicles",0,,
,"Other","Passenger Vehicles",0,,
,,"Light Commercial Vehicles",0,,
,"Unknown","Passenger Vehicles",0,,
,,"Light Commercial Vehicles",0,,
"5306","Diesel","Passenger Vehicles",12,,
,,"Light Commercial Vehicles",37,,
,"Electric","Passenger Vehicles",0,,
,,"Light Commercial Vehicles",0,,
,"Petrol leaded","Passenger Vehicles",0,,
,,"Light Commercial Vehicles",0,,
,"Petrol unleaded","Passenger Vehicles",37,,
,,"Light Commercial Vehicles",12,,
,"LPG/Other gases","Passenger Vehicles",0,,
,,"Light Commercial Vehicles",0,,
,"Dual fuel","Passenger Vehicles",0,,
,,"Light Commercial Vehicles",0,,
,"Other","Passenger Vehicles",0,,
,,"Light Commercial Vehicles",0,,
,"Unknown","Passenger Vehicles",0,,
,,"Light Commercial Vehicles",0,,
"5307","Diesel","Passenger Vehicles",70,,
,,"Light Commercial Vehicles",164,,
,"Electric","Passenger Vehicles",0,,
,,"Light Commercial Vehicles",0,,
,"Petrol leaded","Passenger Vehicles",5,,
,,"Light Commercial Vehicles",5,,
,"Petrol unleaded","Passenger Vehicles",261,,
,,"Light Commercial Vehicles",43,,
,"LPG/Other gases","Passenger Vehicles",3,,
,,"Light Commercial Vehicles",0,,
,"Dual fuel","Passenger Vehicles",0,,
,,"Light Commercial Vehicles",0,,
,"Other","Passenger Vehicles",0,,
,,"Light Commercial Vehicles",0,,
,"Unknown","Passenger Vehicles",0,,
,,"Light Commercial Vehicles",0,,
"5308","Diesel","Passenger Vehicles",23,,
,,"Light Commercial Vehicles",55,,
,"Electric","Passenger Vehicles",0,,
,,"Light Commercial Vehicles",0,,
,"Petrol leaded","Passenger Vehicles",0,,
,,"Light Commercial Vehicles",0,,
,"Petrol unleaded","Passenger Vehicles",51,,
,,"Light Commercial Vehicles",13,,
,"LPG/Other gases","Passenger Vehicles",3,,
,,"Light Commercial Vehicles",0,,
,"Dual fuel","Passenger Vehicles",0,,
,,"Light Commercial Vehicles",0,,
,"Other","Passenger Vehicles",0,,
,,"Light Commercial Vehicles",0,,
,"Unknown","Passenger Vehicles",0,,
,,"Light Commercial Vehicles",0,,
"5309","Diesel","Passenger Vehicles",20,,
,,"Light Commercial Vehicles",54,,
,"Electric","Passenger Vehicles",0,,
,,"Light Commercial Vehicles",0,,
,"Petrol leaded","Passenger Vehicles",3,,
,,"Light Commercial Vehicles",0,,
,"Petrol unleaded","Passenger Vehicles",67,,
,,"Light Commercial Vehicles",7,,
,"LPG/Other gases","Passenger Vehicles",0,,
,,"Light Commercial Vehicles",0,,
,"Dual fuel","Passenger Vehicles",0,,
,,"Light Commercial Vehicles",0,,
,"Other","Passenger Vehicles",0,,
,,"Light Commercial Vehicles",0,,
,"Unknown","Passenger Vehicles",0,,
,,"Light Commercial Vehicles",0,,
"5310","Diesel","Passenger Vehicles",6,,
,,"Light Commercial Vehicles",18,,
,"Electric","Passenger Vehicles",0,,
,,"Light Commercial Vehicles",0,,
,"Petrol leaded","Passenger Vehicles",3,,
,,"Light Commercial Vehicles",0,,
,"Petrol unleaded","Passenger Vehicles",31,,
,,"Light Commercial Vehicles",7,,
,"LPG/Other gases","Passenger Vehicles",0,,
,,"Light Commercial Vehicles",0,,
,"Dual fuel","Passenger Vehicles",0,,
,,"Light Commercial Vehicles",0,,
,"Other","Passenger Vehicles",0,,
,,"Light Commercial Vehicles",0,,
,"Unknown","Passenger Vehicles",0,,
,,"Light Commercial Vehicles",0,,
"5311","Diesel","Passenger Vehicles",53,,
,,"Light Commercial Vehicles",111,,
,"Electric","Passenger Vehicles",0,,
,,"Light Commercial Vehicles",0,,
,"Petrol leaded","Passenger Vehicles",7,,
,,"Light Commercial Vehicles",5,,
,"Petrol unleaded","Passenger Vehicles",174,,
,,"Light Commercial Vehicles",33,,
,"LPG/Other gases","Passenger Vehicles",3,,
,,"Light Commercial Vehicles",3,,
,"Dual fuel","Passenger Vehicles",0,,
,,"Light Commercial Vehicles",0,,
,"Other","Passenger Vehicles",0,,
,,"Light Commercial Vehicles",0,,
,"Unknown","Passenger Vehicles",0,,
,,"Light Commercial Vehicles",0,,
"5320","Diesel","Passenger Vehicles",52,,
,,"Light Commercial Vehicles",107,,
,"Electric","Passenger Vehicles",0,,
,,"Light Commercial Vehicles",0,,
,"Petrol leaded","Passenger Vehicles",32,,
,,"Light Commercial Vehicles",11,,
,"Petrol unleaded","Passenger Vehicles",368,,
,,"Light Commercial Vehicles",78,,
,"LPG/Other gases","Passenger Vehicles",5,,
,,"Light Commercial Vehicles",3,,
,"Dual fuel","Passenger Vehicles",0,,
,,"Light Commercial Vehicles",0,,
,"Other","Passenger Vehicles",0,,
,,"Light Commercial Vehicles",0,,
,"Unknown","Passenger Vehicles",0,,
,,"Light Commercial Vehicles",0,,
"5321","Diesel","Passenger Vehicles",24,,
,,"Light Commercial Vehicles",56,,
,"Electric","Passenger Vehicles",0,,
,,"Light Commercial Vehicles",0,,
,"Petrol leaded","Passenger Vehicles",5,,
,,"Light Commercial Vehicles",4,,
,"Petrol unleaded","Passenger Vehicles",170,,
,,"Light Commercial Vehicles",47,,
,"LPG/Other gases","Passenger Vehicles",0,,
,,"Light Commercial Vehicles",3,,
,"Dual fuel","Passenger Vehicles",0,,
,,"Light Commercial Vehicles",0,,
,"Other","Passenger Vehicles",0,,
,,"Light Commercial Vehicles",0,,
,"Unknown","Passenger Vehicles",0,,
,,"Light Commercial Vehicles",0,,
"5322","Diesel","Passenger Vehicles",82,,
,,"Light Commercial Vehicles",141,,
,"Electric","Passenger Vehicles",0,,
,,"Light Commercial Vehicles",0,,
,"Petrol leaded","Passenger Vehicles",25,,
,,"Light Commercial Vehicles",6,,
,"Petrol unleaded","Passenger Vehicles",493,,
,,"Light Commercial Vehicles",64,,
,"LPG/Other gases","Passenger Vehicles",4,,
,,"Light Commercial Vehicles",0,,
,"Dual fuel","Passenger Vehicles",0,,
,,"Light Commercial Vehicles",0,,
,"Other","Passenger Vehicles",0,,
,,"Light Commercial Vehicles",0,,
,"Unknown","Passenger Vehicles",0,,
,,"Light Commercial Vehicles",0,,
"5330","Diesel","Passenger Vehicles",347,,
,,"Light Commercial Vehicles",597,,
,"Electric","Passenger Vehicles",0,,
,,"Light Commercial Vehicles",0,,
,"Petrol leaded","Passenger Vehicles",89,,
,,"Light Commercial Vehicles",21,,
,"Petrol unleaded","Passenger Vehicles",1922,,
,,"Light Commercial Vehicles",299,,
,"LPG/Other gases","Passenger Vehicles",17,,
,,"Light Commercial Vehicles",3,,
,"Dual fuel","Passenger Vehicles",0,,
,,"Light Commercial Vehicles",0,,
,"Other","Passenger Vehicles",0,,
,,"Light Commercial Vehicles",0,,
,"Unknown","Passenger Vehicles",0,,
,,"Light Commercial Vehicles",0,,
"5331","Diesel","Passenger Vehicles",51,,
,,"Light Commercial Vehicles",80,,
,"Electric","Passenger Vehicles",0,,
,,"Light Commercial Vehicles",0,,
,"Petrol leaded","Passenger Vehicles",8,,
,,"Light Commercial Vehicles",5,,
,"Petrol unleaded","Passenger Vehicles",193,,
,,"Light Commercial Vehicles",46,,
,"LPG/Other gases","Passenger Vehicles",0,,
,,"Light Commercial Vehicles",0,,
,"Dual fuel","Passenger Vehicles",0,,
,,"Light Commercial Vehicles",0,,
,"Other","Passenger Vehicles",0,,
,,"Light Commercial Vehicles",0,,
,"Unknown","Passenger Vehicles",0,,
,,"Light Commercial Vehicles",0,,
"5332","Diesel","Passenger Vehicles",44,,
,,"Light Commercial Vehicles",83,,
,"Electric","Passenger Vehicles",0,,
,,"Light Commercial Vehicles",0,,
,"Petrol leaded","Passenger Vehicles",14,,
,,"Light Commercial Vehicles",5,,
,"Petrol unleaded","Passenger Vehicles",208,,
,,"Light Commercial Vehicles",35,,
,"LPG/Other gases","Passenger Vehicles",0,,
,,"Light Commercial Vehicles",3,,
,"Dual fuel","Passenger Vehicles",0,,
,,"Light Commercial Vehicles",0,,
,"Other","Passenger Vehicles",0,,
,,"Light Commercial Vehicles",0,,
,"Unknown","Passenger Vehicles",0,,
,,"Light Commercial Vehicles",0,,
"5333","Diesel","Passenger Vehicles",585,,
,,"Light Commercial Vehicles",965,,
,"Electric","Passenger Vehicles",0,,
,,"Light Commercial Vehicles",0,,
,"Petrol leaded","Passenger Vehicles",190,,
,,"Light Commercial Vehicles",48,,
,"Petrol unleaded","Passenger Vehicles",3014,,
,,"Light Commercial Vehicles",455,,
,"LPG/Other gases","Passenger Vehicles",20,,
,,"Light Commercial Vehicles",13,,
,"Dual fuel","Passenger Vehicles",0,,
,,"Light Commercial Vehicles",0,,
,"Other","Passenger Vehicles",3,,
,,"Light Commercial Vehicles",0,,
,"Unknown","Passenger Vehicles",0,,
,,"Light Commercial Vehicles",0,,
"5340","Diesel","Passenger Vehicles",142,,
,,"Light Commercial Vehicles",266,,
,"Electric","Passenger Vehicles",0,,
,,"Light Commercial Vehicles",0,,
,"Petrol leaded","Passenger Vehicles",46,,
,,"Light Commercial Vehicles",19,,
,"Petrol unleaded","Passenger Vehicles",707,,
,,"Light Commercial Vehicles",154,,
,"LPG/Other gases","Passenger Vehicles",6,,
,,"Light Commercial Vehicles",0,,
,"Dual fuel","Passenger Vehicles",0,,
,,"Light Commercial Vehicles",0,,
,"Other","Passenger Vehicles",3,,
,,"Light Commercial Vehicles",0,,
,"Unknown","Passenger Vehicles",0,,
,,"Light Commercial Vehicles",0,,
"5341","Diesel","Passenger Vehicles",551,,
,,"Light Commercial Vehicles",1121,,
,"Electric","Passenger Vehicles",0,,
,,"Light Commercial Vehicles",0,,
,"Petrol leaded","Passenger Vehicles",163,,
,,"Light Commercial Vehicles",54,,
,"Petrol unleaded","Passenger Vehicles",4133,,
,,"Light Commercial Vehicles",631,,
,"LPG/Other gases","Passenger Vehicles",35,,
,,"Light Commercial Vehicles",16,,
,"Dual fuel","Passenger Vehicles",0,,
,,"Light Commercial Vehicles",0,,
,"Other","Passenger Vehicles",0,,
,,"Light Commercial Vehicles",0,,
,"Unknown","Passenger Vehicles",0,,
,,"Light Commercial Vehicles",0,,
"5342","Diesel","Passenger Vehicles",94,,
,,"Light Commercial Vehicles",167,,
,"Electric","Passenger Vehicles",0,,
,,"Light Commercial Vehicles",0,,
,"Petrol leaded","Passenger Vehicles",46,,
,,"Light Commercial Vehicles",10,,
,"Petrol unleaded","Passenger Vehicles",587,,
,,"Light Commercial Vehicles",121,,
,"LPG/Other gases","Passenger Vehicles",3,,
,,"Light Commercial Vehicles",6,,
,"Dual fuel","Passenger Vehicles",0,,
,,"Light Commercial Vehicles",0,,
,"Other","Passenger Vehicles",0,,
,,"Light Commercial Vehicles",0,,
,"Unknown","Passenger Vehicles",0,,
,,"Light Commercial Vehicles",0,,
"5343","Diesel","Passenger Vehicles",443,,
,,"Light Commercial Vehicles",589,,
,"Electric","Passenger Vehicles",0,,
,,"Light Commercial Vehicles",0,,
,"Petrol leaded","Passenger Vehicles",112,,
,,"Light Commercial Vehicles",21,,
,"Petrol unleaded","Passenger Vehicles",2844,,
,,"Light Commercial Vehicles",319,,
,"LPG/Other gases","Passenger Vehicles",20,,
,,"Light Commercial Vehicles",17,,
,"Dual fuel","Passenger Vehicles",0,,
,,"Light Commercial Vehicles",0,,
,"Other","Passenger Vehicles",0,,
,,"Light Commercial Vehicles",0,,
,"Unknown","Passenger Vehicles",0,,
,,"Light Commercial Vehicles",0,,
"5344","Diesel","Passenger Vehicles",79,,
,,"Light Commercial Vehicles",135,,
,"Electric","Passenger Vehicles",0,,
,,"Light Commercial Vehicles",0,,
,"Petrol leaded","Passenger Vehicles",25,,
,,"Light Commercial Vehicles",6,,
,"Petrol unleaded","Passenger Vehicles",490,,
,,"Light Commercial Vehicles",99,,
,"LPG/Other gases","Passenger Vehicles",3,,
,,"Light Commercial Vehicles",0,,
,"Dual fuel","Passenger Vehicles",0,,
,,"Light Commercial Vehicles",0,,
,"Other","Passenger Vehicles",0,,
,,"Light Commercial Vehicles",0,,
,"Unknown","Passenger Vehicles",0,,
,,"Light Commercial Vehicles",0,,
"5345","Diesel","Passenger Vehicles",293,,
,,"Light Commercial Vehicles",461,,
,"Electric","Passenger Vehicles",0,,
,,"Light Commercial Vehicles",0,,
,"Petrol leaded","Passenger Vehicles",96,,
,,"Light Commercial Vehicles",25,,
,"Petrol unleaded","Passenger Vehicles",1998,,
,,"Light Commercial Vehicles",244,,
,"LPG/Other gases","Passenger Vehicles",13,,
,,"Light Commercial Vehicles",12,,
,"Dual fuel","Passenger Vehicles",0,,
,,"Light Commercial Vehicles",0,,
,"Other","Passenger Vehicles",0,,
,,"Light Commercial Vehicles",0,,
,"Unknown","Passenger Vehicles",0,,
,,"Light Commercial Vehicles",0,,
"5346","Diesel","Passenger Vehicles",23,,
,,"Light Commercial Vehicles",55,,
,"Electric","Passenger Vehicles",0,,
,,"Light Commercial Vehicles",0,,
,"Petrol leaded","Passenger Vehicles",18,,
,,"Light Commercial Vehicles",4,,
,"Petrol unleaded","Passenger Vehicles",194,,
,,"Light Commercial Vehicles",40,,
,"LPG/Other gases","Passenger Vehicles",0,,
,,"Light Commercial Vehicles",0,,
,"Dual fuel","Passenger Vehicles",0,,
,,"Light Commercial Vehicles",0,,
,"Other","Passenger Vehicles",0,,
,,"Light Commercial Vehicles",0,,
,"Unknown","Passenger Vehicles",0,,
,,"Light Commercial Vehicles",0,,
"5350","Diesel","Passenger Vehicles",68,,
,,"Light Commercial Vehicles",83,,
,"Electric","Passenger Vehicles",0,,
,,"Light Commercial Vehicles",0,,
,"Petrol leaded","Passenger Vehicles",36,,
,,"Light Commercial Vehicles",4,,
,"Petrol unleaded","Passenger Vehicles",260,,
,,"Light Commercial Vehicles",51,,
,"LPG/Other gases","Passenger Vehicles",0,,
,,"Light Commercial Vehicles",3,,
,"Dual fuel","Passenger Vehicles",0,,
,,"Light Commercial Vehicles",0,,
,"Other","Passenger Vehicles",0,,
,,"Light Commercial Vehicles",0,,
,"Unknown","Passenger Vehicles",0,,
,,"Light Commercial Vehicles",0,,
"5351","Diesel","Passenger Vehicles",639,,
,,"Light Commercial Vehicles",746,,
,"Electric","Passenger Vehicles",0,,
,,"Light Commercial Vehicles",0,,
,"Petrol leaded","Passenger Vehicles",185,,
,,"Light Commercial Vehicles",49,,
,"Petrol unleaded","Passenger Vehicles",3136,,
,,"Light Commercial Vehicles",386,,
,"LPG/Other gases","Passenger Vehicles",20,,
,,"Light Commercial Vehicles",12,,
,"Dual fuel","Passenger Vehicles",0,,
,,"Light Commercial Vehicles",0,,
,"Other","Passenger Vehicles",0,,
,,"Light Commercial Vehicles",0,,
,"Unknown","Passenger Vehicles",0,,
,,"Light Commercial Vehicles",0,,
"5352","Diesel","Passenger Vehicles",615,,
,,"Light Commercial Vehicles",611,,
,"Electric","Passenger Vehicles",3,,
,,"Light Commercial Vehicles",0,,
,"Petrol leaded","Passenger Vehicles",199,,
,,"Light Commercial Vehicles",47,,
,"Petrol unleaded","Passenger Vehicles",3012,,
,,"Light Commercial Vehicles",333,,
,"LPG/Other gases","Passenger Vehicles",13,,
,,"Light Commercial Vehicles",9,,
,"Dual fuel","Passenger Vehicles",0,,
,,"Light Commercial Vehicles",0,,
,"Other","Passenger Vehicles",0,,
,,"Light Commercial Vehicles",0,,
,"Unknown","Passenger Vehicles",0,,
,,"Light Commercial Vehicles",0,,
"5353","Diesel","Passenger Vehicles",390,,
,,"Light Commercial Vehicles",579,,
,"Electric","Passenger Vehicles",0,,
,,"Light Commercial Vehicles",0,,
,"Petrol leaded","Passenger Vehicles",165,,
,,"Light Commercial Vehicles",43,,
,"Petrol unleaded","Passenger Vehicles",2133,,
,,"Light Commercial Vehicles",325,,
,"LPG/Other gases","Passenger Vehicles",14,,
,,"Light Commercial Vehicles",10,,
,"Dual fuel","Passenger Vehicles",0,,
,,"Light Commercial Vehicles",0,,
,"Other","Passenger Vehicles",0,,
,,"Light Commercial Vehicles",0,,
,"Unknown","Passenger Vehicles",0,,
,,"Light Commercial Vehicles",0,,
"5354","Diesel","Passenger Vehicles",60,,
,,"Light Commercial Vehicles",72,,
,"Electric","Passenger Vehicles",0,,
,,"Light Commercial Vehicles",0,,
,"Petrol leaded","Passenger Vehicles",20,,
,,"Light Commercial Vehicles",6,,
,"Petrol unleaded","Passenger Vehicles",241,,
,,"Light Commercial Vehicles",53,,
,"LPG/Other gases","Passenger Vehicles",3,,
,,"Light Commercial Vehicles",0,,
,"Dual fuel","Passenger Vehicles",0,,
,,"Light Commercial Vehicles",0,,
,"Other","Passenger Vehicles",0,,
,,"Light Commercial Vehicles",0,,
,"Unknown","Passenger Vehicles",0,,
,,"Light Commercial Vehicles",0,,
"5355","Diesel","Passenger Vehicles",760,,
,,"Light Commercial Vehicles",1049,,
,"Electric","Passenger Vehicles",3,,
,,"Light Commercial Vehicles",0,,
,"Petrol leaded","Passenger Vehicles",241,,
,,"Light Commercial Vehicles",69,,
,"Petrol unleaded","Passenger Vehicles",4400,,
,,"Light Commercial Vehicles",483,,
,"LPG/Other gases","Passenger Vehicles",19,,
,,"Light Commercial Vehicles",12,,
,"Dual fuel","Passenger Vehicles",0,,
,,"Light Commercial Vehicles",0,,
,"Other","Passenger Vehicles",3,,
,,"Light Commercial Vehicles",0,,
,"Unknown","Passenger Vehicles",0,,
,,"Light Commercial Vehicles",0,,
"5356","Diesel","Passenger Vehicles",81,,
,,"Light Commercial Vehicles",154,,
,"Electric","Passenger Vehicles",0,,
,,"Light Commercial Vehicles",0,,
,"Petrol leaded","Passenger Vehicles",26,,
,,"Light Commercial Vehicles",5,,
,"Petrol unleaded","Passenger Vehicles",411,,
,,"Light Commercial Vehicles",88,,
,"LPG/Other gases","Passenger Vehicles",12,,
,,"Light Commercial Vehicles",0,,
,"Dual fuel","Passenger Vehicles",0,,
,,"Light Commercial Vehicles",0,,
,"Other","Passenger Vehicles",0,,
,,"Light Commercial Vehicles",0,,
,"Unknown","Passenger Vehicles",0,,
,,"Light Commercial Vehicles",0,,
"5357","Diesel","Passenger Vehicles",55,,
,,"Light Commercial Vehicles",95,,
,"Electric","Passenger Vehicles",0,,
,,"Light Commercial Vehicles",0,,
,"Petrol leaded","Passenger Vehicles",4,,
,,"Light Commercial Vehicles",10,,
,"Petrol unleaded","Passenger Vehicles",232,,
,,"Light Commercial Vehicles",62,,
,"LPG/Other gases","Passenger Vehicles",4,,
,,"Light Commercial Vehicles",0,,
,"Dual fuel","Passenger Vehicles",0,,
,,"Light Commercial Vehicles",0,,
,"Other","Passenger Vehicles",0,,
,,"Light Commercial Vehicles",0,,
,"Unknown","Passenger Vehicles",0,,
,,"Light Commercial Vehicles",0,,
"5360","Diesel","Passenger Vehicles",118,,
,,"Light Commercial Vehicles",160,,
,"Electric","Passenger Vehicles",0,,
,,"Light Commercial Vehicles",0,,
,"Petrol leaded","Passenger Vehicles",40,,
,,"Light Commercial Vehicles",18,,
,"Petrol unleaded","Passenger Vehicles",617,,
,,"Light Commercial Vehicles",79,,
,"LPG/Other gases","Passenger Vehicles",11,,
,,"Light Commercial Vehicles",3,,
,"Dual fuel","Passenger Vehicles",0,,
,,"Light Commercial Vehicles",0,,
,"Other","Passenger Vehicles",0,,
,,"Light Commercial Vehicles",0,,
,"Unknown","Passenger Vehicles",0,,
,,"Light Commercial Vehicles",0,,
"5361","Diesel","Passenger Vehicles",0,,
,,"Light Commercial Vehicles",0,,
,"Electric","Passenger Vehicles",0,,
,,"Light Commercial Vehicles",0,,
,"Petrol leaded","Passenger Vehicles",0,,
,,"Light Commercial Vehicles",0,,
,"Petrol unleaded","Passenger Vehicles",3,,
,,"Light Commercial Vehicles",0,,
,"LPG/Other gases","Passenger Vehicles",0,,
,,"Light Commercial Vehicles",0,,
,"Dual fuel","Passenger Vehicles",0,,
,,"Light Commercial Vehicles",0,,
,"Other","Passenger Vehicles",0,,
,,"Light Commercial Vehicles",0,,
,"Unknown","Passenger Vehicles",0,,
,,"Light Commercial Vehicles",0,,
"5371","Diesel","Passenger Vehicles",167,,
,,"Light Commercial Vehicles",279,,
,"Electric","Passenger Vehicles",0,,
,,"Light Commercial Vehicles",0,,
,"Petrol leaded","Passenger Vehicles",61,,
,,"Light Commercial Vehicles",14,,
,"Petrol unleaded","Passenger Vehicles",749,,
,,"Light Commercial Vehicles",132,,
,"LPG/Other gases","Passenger Vehicles",5,,
,,"Light Commercial Vehicles",14,,
,"Dual fuel","Passenger Vehicles",0,,
,,"Light Commercial Vehicles",0,,
,"Other","Passenger Vehicles",0,,
,,"Light Commercial Vehicles",0,,
,"Unknown","Passenger Vehicles",0,,
,,"Light Commercial Vehicles",0,,
"5372","Diesel","Passenger Vehicles",191,,
,,"Light Commercial Vehicles",295,,
,"Electric","Passenger Vehicles",3,,
,,"Light Commercial Vehicles",0,,
,"Petrol leaded","Passenger Vehicles",41,,
,,"Light Commercial Vehicles",15,,
,"Petrol unleaded","Passenger Vehicles",1261,,
,,"Light Commercial Vehicles",134,,
,"LPG/Other gases","Passenger Vehicles",24,,
,,"Light Commercial Vehicles",3,,
,"Dual fuel","Passenger Vehicles",0,,
,,"Light Commercial Vehicles",0,,
,"Other","Passenger Vehicles",0,,
,,"Light Commercial Vehicles",0,,
,"Unknown","Passenger Vehicles",0,,
,,"Light Commercial Vehicles",0,,
"5373","Diesel","Passenger Vehicles",336,,
,,"Light Commercial Vehicles",485,,
,"Electric","Passenger Vehicles",0,,
,,"Light Commercial Vehicles",0,,
,"Petrol leaded","Passenger Vehicles",96,,
,,"Light Commercial Vehicles",25,,
,"Petrol unleaded","Passenger Vehicles",1799,,
,,"Light Commercial Vehicles",258,,
,"LPG/Other gases","Passenger Vehicles",23,,
,,"Light Commercial Vehicles",5,,
,"Dual fuel","Passenger Vehicles",0,,
,,"Light Commercial Vehicles",0,,
,"Other","Passenger Vehicles",0,,
,,"Light Commercial Vehicles",0,,
,"Unknown","Passenger Vehicles",0,,
,,"Light Commercial Vehicles",0,,
"5374","Diesel","Passenger Vehicles",130,,
,,"Light Commercial Vehicles",336,,
,"Electric","Passenger Vehicles",0,,
,,"Light Commercial Vehicles",0,,
,"Petrol leaded","Passenger Vehicles",38,,
,,"Light Commercial Vehicles",14,,
,"Petrol unleaded","Passenger Vehicles",747,,
,,"Light Commercial Vehicles",178,,
,"LPG/Other gases","Passenger Vehicles",17,,
,,"Light Commercial Vehicles",5,,
,"Dual fuel","Passenger Vehicles",0,,
,,"Light Commercial Vehicles",0,,
,"Other","Passenger Vehicles",0,,
,,"Light Commercial Vehicles",0,,
,"Unknown","Passenger Vehicles",0,,
,,"Light Commercial Vehicles",0,,
"5381","Diesel","Passenger Vehicles",41,,
,,"Light Commercial Vehicles",94,,
,"Electric","Passenger Vehicles",0,,
,,"Light Commercial Vehicles",0,,
,"Petrol leaded","Passenger Vehicles",14,,
,,"Light Commercial Vehicles",6,,
,"Petrol unleaded","Passenger Vehicles",207,,
,,"Light Commercial Vehicles",66,,
,"LPG/Other gases","Passenger Vehicles",3,,
,,"Light Commercial Vehicles",0,,
,"Dual fuel","Passenger Vehicles",0,,
,,"Light Commercial Vehicles",0,,
,"Other","Passenger Vehicles",0,,
,,"Light Commercial Vehicles",0,,
,"Unknown","Passenger Vehicles",0,,
,,"Light Commercial Vehicles",0,,
"5400","Diesel","Passenger Vehicles",69,,
,,"Light Commercial Vehicles",129,,
,"Electric","Passenger Vehicles",0,,
,,"Light Commercial Vehicles",0,,
,"Petrol leaded","Passenger Vehicles",11,,
,,"Light Commercial Vehicles",13,,
,"Petrol unleaded","Passenger Vehicles",480,,
,,"Light Commercial Vehicles",64,,
,"LPG/Other gases","Passenger Vehicles",5,,
,,"Light Commercial Vehicles",0,,
,"Dual fuel","Passenger Vehicles",0,,
,,"Light Commercial Vehicles",0,,
,"Other","Passenger Vehicles",0,,
,,"Light Commercial Vehicles",0,,
,"Unknown","Passenger Vehicles",0,,
,,"Light Commercial Vehicles",0,,
"5401","Diesel","Passenger Vehicles",87,,
,,"Light Commercial Vehicles",115,,
,"Electric","Passenger Vehicles",0,,
,,"Light Commercial Vehicles",0,,
,"Petrol leaded","Passenger Vehicles",14,,
,,"Light Commercial Vehicles",5,,
,"Petrol unleaded","Passenger Vehicles",407,,
,,"Light Commercial Vehicles",73,,
,"LPG/Other gases","Passenger Vehicles",4,,
,,"Light Commercial Vehicles",0,,
,"Dual fuel","Passenger Vehicles",0,,
,,"Light Commercial Vehicles",0,,
,"Other","Passenger Vehicles",0,,
,,"Light Commercial Vehicles",0,,
,"Unknown","Passenger Vehicles",0,,
,,"Light Commercial Vehicles",0,,
"5410","Diesel","Passenger Vehicles",40,,
,,"Light Commercial Vehicles",52,,
,"Electric","Passenger Vehicles",0,,
,,"Light Commercial Vehicles",0,,
,"Petrol leaded","Passenger Vehicles",17,,
,,"Light Commercial Vehicles",3,,
,"Petrol unleaded","Passenger Vehicles",171,,
,,"Light Commercial Vehicles",26,,
,"LPG/Other gases","Passenger Vehicles",3,,
,,"Light Commercial Vehicles",0,,
,"Dual fuel","Passenger Vehicles",0,,
,,"Light Commercial Vehicles",0,,
,"Other","Passenger Vehicles",0,,
,,"Light Commercial Vehicles",0,,
,"Unknown","Passenger Vehicles",0,,
,,"Light Commercial Vehicles",0,,
"5411","Diesel","Passenger Vehicles",34,,
,,"Light Commercial Vehicles",69,,
,"Electric","Passenger Vehicles",0,,
,,"Light Commercial Vehicles",0,,
,"Petrol leaded","Passenger Vehicles",6,,
,,"Light Commercial Vehicles",3,,
,"Petrol unleaded","Passenger Vehicles",172,,
,,"Light Commercial Vehicles",33,,
,"LPG/Other gases","Passenger Vehicles",4,,
,,"Light Commercial Vehicles",0,,
,"Dual fuel","Passenger Vehicles",0,,
,,"Light Commercial Vehicles",0,,
,"Other","Passenger Vehicles",0,,
,,"Light Commercial Vehicles",0,,
,"Unknown","Passenger Vehicles",0,,
,,"Light Commercial Vehicles",0,,
"5412","Diesel","Passenger Vehicles",135,,
,,"Light Commercial Vehicles",179,,
,"Electric","Passenger Vehicles",0,,
,,"Light Commercial Vehicles",0,,
,"Petrol leaded","Passenger Vehicles",26,,
,,"Light Commercial Vehicles",10,,
,"Petrol unleaded","Passenger Vehicles",610,,
,,"Light Commercial Vehicles",97,,
,"LPG/Other gases","Passenger Vehicles",4,,
,,"Light Commercial Vehicles",6,,
,"Dual fuel","Passenger Vehicles",0,,
,,"Light Commercial Vehicles",0,,
,"Other","Passenger Vehicles",0,,
,,"Light Commercial Vehicles",0,,
,"Unknown","Passenger Vehicles",0,,
,,"Light Commercial Vehicles",0,,
"5413","Diesel","Passenger Vehicles",107,,
,,"Light Commercial Vehicles",292,,
,"Electric","Passenger Vehicles",0,,
,,"Light Commercial Vehicles",0,,
,"Petrol leaded","Passenger Vehicles",12,,
,,"Light Commercial Vehicles",13,,
,"Petrol unleaded","Passenger Vehicles",398,,
,,"Light Commercial Vehicles",89,,
,"LPG/Other gases","Passenger Vehicles",7,,
,,"Light Commercial Vehicles",0,,
,"Dual fuel","Passenger Vehicles",0,,
,,"Light Commercial Vehicles",0,,
,"Other","Passenger Vehicles",0,,
,,"Light Commercial Vehicles",0,,
,"Unknown","Passenger Vehicles",0,,
,,"Light Commercial Vehicles",0,,
"5414","Diesel","Passenger Vehicles",22,,
,,"Light Commercial Vehicles",52,,
,"Electric","Passenger Vehicles",0,,
,,"Light Commercial Vehicles",0,,
,"Petrol leaded","Passenger Vehicles",3,,
,,"Light Commercial Vehicles",3,,
,"Petrol unleaded","Passenger Vehicles",76,,
,,"Light Commercial Vehicles",15,,
,"LPG/Other gases","Passenger Vehicles",3,,
,,"Light Commercial Vehicles",0,,
,"Dual fuel","Passenger Vehicles",0,,
,,"Light Commercial Vehicles",0,,
,"Other","Passenger Vehicles",0,,
,,"Light Commercial Vehicles",0,,
,"Unknown","Passenger Vehicles",0,,
,,"Light Commercial Vehicles",0,,
"5415","Diesel","Passenger Vehicles",33,,
,,"Light Commercial Vehicles",44,,
,"Electric","Passenger Vehicles",0,,
,,"Light Commercial Vehicles",0,,
,"Petrol leaded","Passenger Vehicles",0,,
,,"Light Commercial Vehicles",0,,
,"Petrol unleaded","Passenger Vehicles",112,,
,,"Light Commercial Vehicles",24,,
,"LPG/Other gases","Passenger Vehicles",0,,
,,"Light Commercial Vehicles",0,,
,"Dual fuel","Passenger Vehicles",0,,
,,"Light Commercial Vehicles",0,,
,"Other","Passenger Vehicles",0,,
,,"Light Commercial Vehicles",0,,
,"Unknown","Passenger Vehicles",0,,
,,"Light Commercial Vehicles",0,,
"5416","Diesel","Passenger Vehicles",32,,
,,"Light Commercial Vehicles",62,,
,"Electric","Passenger Vehicles",0,,
,,"Light Commercial Vehicles",0,,
,"Petrol leaded","Passenger Vehicles",7,,
,,"Light Commercial Vehicles",4,,
,"Petrol unleaded","Passenger Vehicles",105,,
,,"Light Commercial Vehicles",21,,
,"LPG/Other gases","Passenger Vehicles",0,,
,,"Light Commercial Vehicles",0,,
,"Dual fuel","Passenger Vehicles",0,,
,,"Light Commercial Vehicles",0,,
,"Other","Passenger Vehicles",0,,
,,"Light Commercial Vehicles",0,,
,"Unknown","Passenger Vehicles",0,,
,,"Light Commercial Vehicles",0,,
"5417","Diesel","Passenger Vehicles",204,,
,,"Light Commercial Vehicles",315,,
,"Electric","Passenger Vehicles",0,,
,,"Light Commercial Vehicles",0,,
,"Petrol leaded","Passenger Vehicles",36,,
,,"Light Commercial Vehicles",15,,
,"Petrol unleaded","Passenger Vehicles",704,,
,,"Light Commercial Vehicles",145,,
,"LPG/Other gases","Passenger Vehicles",11,,
,,"Light Commercial Vehicles",3,,
,"Dual fuel","Passenger Vehicles",0,,
,,"Light Commercial Vehicles",0,,
,"Other","Passenger Vehicles",0,,
,,"Light Commercial Vehicles",0,,
,"Unknown","Passenger Vehicles",0,,
,,"Light Commercial Vehicles",0,,
"5418","Diesel","Passenger Vehicles",21,,
,,"Light Commercial Vehicles",38,,
,"Electric","Passenger Vehicles",0,,
,,"Light Commercial Vehicles",0,,
,"Petrol leaded","Passenger Vehicles",5,,
,,"Light Commercial Vehicles",0,,
,"Petrol unleaded","Passenger Vehicles",37,,
,,"Light Commercial Vehicles",15,,
,"LPG/Other gases","Passenger Vehicles",0,,
,,"Light Commercial Vehicles",0,,
,"Dual fuel","Passenger Vehicles",0,,
,,"Light Commercial Vehicles",0,,
,"Other","Passenger Vehicles",0,,
,,"Light Commercial Vehicles",0,,
,"Unknown","Passenger Vehicles",0,,
,,"Light Commercial Vehicles",0,,
"5419","Diesel","Passenger Vehicles",28,,
,,"Light Commercial Vehicles",73,,
,"Electric","Passenger Vehicles",0,,
,,"Light Commercial Vehicles",0,,
,"Petrol leaded","Passenger Vehicles",4,,
,,"Light Commercial Vehicles",4,,
,"Petrol unleaded","Passenger Vehicles",106,,
,,"Light Commercial Vehicles",26,,
,"LPG/Other gases","Passenger Vehicles",0,,
,,"Light Commercial Vehicles",0,,
,"Dual fuel","Passenger Vehicles",0,,
,,"Light Commercial Vehicles",0,,
,"Other","Passenger Vehicles",0,,
,,"Light Commercial Vehicles",0,,
,"Unknown","Passenger Vehicles",0,,
,,"Light Commercial Vehicles",0,,
"5420","Diesel","Passenger Vehicles",6,,
,,"Light Commercial Vehicles",25,,
,"Electric","Passenger Vehicles",0,,
,,"Light Commercial Vehicles",0,,
,"Petrol leaded","Passenger Vehicles",4,,
,,"Light Commercial Vehicles",0,,
,"Petrol unleaded","Passenger Vehicles",38,,
,,"Light Commercial Vehicles",8,,
,"LPG/Other gases","Passenger Vehicles",0,,
,,"Light Commercial Vehicles",0,,
,"Dual fuel","Passenger Vehicles",0,,
,,"Light Commercial Vehicles",0,,
,"Other","Passenger Vehicles",0,,
,,"Light Commercial Vehicles",0,,
,"Unknown","Passenger Vehicles",0,,
,,"Light Commercial Vehicles",0,,
"5421","Diesel","Passenger Vehicles",10,,
,,"Light Commercial Vehicles",24,,
,"Electric","Passenger Vehicles",0,,
,,"Light Commercial Vehicles",0,,
,"Petrol leaded","Passenger Vehicles",5,,
,,"Light Commercial Vehicles",5,,
,"Petrol unleaded","Passenger Vehicles",74,,
,,"Light Commercial Vehicles",14,,
,"LPG/Other gases","Passenger Vehicles",3,,
,,"Light Commercial Vehicles",0,,
,"Dual fuel","Passenger Vehicles",0,,
,,"Light Commercial Vehicles",0,,
,"Other","Passenger Vehicles",0,,
,,"Light Commercial Vehicles",0,,
,"Unknown","Passenger Vehicles",0,,
,,"Light Commercial Vehicles",0,,
"5422","Diesel","Passenger Vehicles",108,,
,,"Light Commercial Vehicles",216,,
,"Electric","Passenger Vehicles",0,,
,,"Light Commercial Vehicles",0,,
,"Petrol leaded","Passenger Vehicles",54,,
,,"Light Commercial Vehicles",23,,
,"Petrol unleaded","Passenger Vehicles",831,,
,,"Light Commercial Vehicles",184,,
,"LPG/Other gases","Passenger Vehicles",14,,
,,"Light Commercial Vehicles",4,,
,"Dual fuel","Passenger Vehicles",0,,
,,"Light Commercial Vehicles",0,,
,"Other","Passenger Vehicles",0,,
,,"Light Commercial Vehicles",0,,
,"Unknown","Passenger Vehicles",0,,
,,"Light Commercial Vehicles",0,,
"5431","Diesel","Passenger Vehicles",130,,
,,"Light Commercial Vehicles",277,,
,"Electric","Passenger Vehicles",0,,
,,"Light Commercial Vehicles",0,,
,"Petrol leaded","Passenger Vehicles",16,,
,,"Light Commercial Vehicles",17,,
,"Petrol unleaded","Passenger Vehicles",408,,
,,"Light Commercial Vehicles",102,,
,"LPG/Other gases","Passenger Vehicles",3,,
,,"Light Commercial Vehicles",0,,
,"Dual fuel","Passenger Vehicles",0,,
,,"Light Commercial Vehicles",0,,
,"Other","Passenger Vehicles",0,,
,,"Light Commercial Vehicles",0,,
,"Unknown","Passenger Vehicles",0,,
,,"Light Commercial Vehicles",0,,
"5432","Diesel","Passenger Vehicles",36,,
,,"Light Commercial Vehicles",69,,
,"Electric","Passenger Vehicles",0,,
,,"Light Commercial Vehicles",0,,
,"Petrol leaded","Passenger Vehicles",0,,
,,"Light Commercial Vehicles",3,,
,"Petrol unleaded","Passenger Vehicles",42,,
,,"Light Commercial Vehicles",22,,
,"LPG/Other gases","Passenger Vehicles",0,,
,,"Light Commercial Vehicles",0,,
,"Dual fuel","Passenger Vehicles",0,,
,,"Light Commercial Vehicles",0,,
,"Other","Passenger Vehicles",0,,
,,"Light Commercial Vehicles",0,,
,"Unknown","Passenger Vehicles",0,,
,,"Light Commercial Vehicles",0,,
"5433","Diesel","Passenger Vehicles",161,,
,,"Light Commercial Vehicles",296,,
,"Electric","Passenger Vehicles",0,,
,,"Light Commercial Vehicles",0,,
,"Petrol leaded","Passenger Vehicles",40,,
,,"Light Commercial Vehicles",11,,
,"Petrol unleaded","Passenger Vehicles",563,,
,,"Light Commercial Vehicles",130,,
,"LPG/Other gases","Passenger Vehicles",4,,
,,"Light Commercial Vehicles",4,,
,"Dual fuel","Passenger Vehicles",0,,
,,"Light Commercial Vehicles",0,,
,"Other","Passenger Vehicles",0,,
,,"Light Commercial Vehicles",0,,
,"Unknown","Passenger Vehicles",0,,
,,"Light Commercial Vehicles",0,,
"5434","Diesel","Passenger Vehicles",81,,
,,"Light Commercial Vehicles",99,,
,"Electric","Passenger Vehicles",0,,
,,"Light Commercial Vehicles",0,,
,"Petrol leaded","Passenger Vehicles",10,,
,,"Light Commercial Vehicles",4,,
,"Petrol unleaded","Passenger Vehicles",154,,
,,"Light Commercial Vehicles",39,,
,"LPG/Other gases","Passenger Vehicles",0,,
,,"Light Commercial Vehicles",0,,
,"Dual fuel","Passenger Vehicles",0,,
,,"Light Commercial Vehicles",0,,
,"Other","Passenger Vehicles",0,,
,,"Light Commercial Vehicles",0,,
,"Unknown","Passenger Vehicles",0,,
,,"Light Commercial Vehicles",0,,
"5440","Diesel","Passenger Vehicles",55,,
,,"Light Commercial Vehicles",83,,
,"Electric","Passenger Vehicles",0,,
,,"Light Commercial Vehicles",0,,
,"Petrol leaded","Passenger Vehicles",6,,
,,"Light Commercial Vehicles",3,,
,"Petrol unleaded","Passenger Vehicles",77,,
,,"Light Commercial Vehicles",41,,
,"LPG/Other gases","Passenger Vehicles",3,,
,,"Light Commercial Vehicles",0,,
,"Dual fuel","Passenger Vehicles",0,,
,,"Light Commercial Vehicles",0,,
,"Other","Passenger Vehicles",0,,
,,"Light Commercial Vehicles",0,,
,"Unknown","Passenger Vehicles",0,,
,,"Light Commercial Vehicles",0,,
"5451","Diesel","Passenger Vehicles",94,,
,,"Light Commercial Vehicles",158,,
,"Electric","Passenger Vehicles",0,,
,,"Light Commercial Vehicles",0,,
,"Petrol leaded","Passenger Vehicles",18,,
,,"Light Commercial Vehicles",5,,
,"Petrol unleaded","Passenger Vehicles",372,,
,,"Light Commercial Vehicles",61,,
,"LPG/Other gases","Passenger Vehicles",5,,
,,"Light Commercial Vehicles",3,,
,"Dual fuel","Passenger Vehicles",0,,
,,"Light Commercial Vehicles",0,,
,"Other","Passenger Vehicles",0,,
,,"Light Commercial Vehicles",0,,
,"Unknown","Passenger Vehicles",0,,
,,"Light Commercial Vehicles",0,,
"5452","Diesel","Passenger Vehicles",58,,
,,"Light Commercial Vehicles",105,,
,"Electric","Passenger Vehicles",0,,
,,"Light Commercial Vehicles",0,,
,"Petrol leaded","Passenger Vehicles",4,,
,,"Light Commercial Vehicles",4,,
,"Petrol unleaded","Passenger Vehicles",205,,
,,"Light Commercial Vehicles",43,,
,"LPG/Other gases","Passenger Vehicles",3,,
,,"Light Commercial Vehicles",0,,
,"Dual fuel","Passenger Vehicles",0,,
,,"Light Commercial Vehicles",0,,
,"Other","Passenger Vehicles",0,,
,,"Light Commercial Vehicles",0,,
,"Unknown","Passenger Vehicles",0,,
,,"Light Commercial Vehicles",0,,
"5453","Diesel","Passenger Vehicles",635,,
,,"Light Commercial Vehicles",1064,,
,"Electric","Passenger Vehicles",0,,
,,"Light Commercial Vehicles",0,,
,"Petrol leaded","Passenger Vehicles",123,,
,,"Light Commercial Vehicles",45,,
,"Petrol unleaded","Passenger Vehicles",2464,,
,,"Light Commercial Vehicles",409,,
,"LPG/Other gases","Passenger Vehicles",20,,
,,"Light Commercial Vehicles",8,,
,"Dual fuel","Passenger Vehicles",0,,
,,"Light Commercial Vehicles",0,,
,"Other","Passenger Vehicles",0,,
,,"Light Commercial Vehicles",0,,
,"Unknown","Passenger Vehicles",0,,
,,"Light Commercial Vehicles",0,,
"5454","Diesel","Passenger Vehicles",57,,
,,"Light Commercial Vehicles",103,,
,"Electric","Passenger Vehicles",0,,
,,"Light Commercial Vehicles",0,,
,"Petrol leaded","Passenger Vehicles",3,,
,,"Light Commercial Vehicles",4,,
,"Petrol unleaded","Passenger Vehicles",168,,
,,"Light Commercial Vehicles",45,,
,"LPG/Other gases","Passenger Vehicles",0,,
,,"Light Commercial Vehicles",3,,
,"Dual fuel","Passenger Vehicles",0,,
,,"Light Commercial Vehicles",0,,
,"Other","Passenger Vehicles",0,,
,,"Light Commercial Vehicles",0,,
,"Unknown","Passenger Vehicles",0,,
,,"Light Commercial Vehicles",0,,
"5455","Diesel","Passenger Vehicles",10,,
,,"Light Commercial Vehicles",16,,
,"Electric","Passenger Vehicles",0,,
,,"Light Commercial Vehicles",0,,
,"Petrol leaded","Passenger Vehicles",0,,
,,"Light Commercial Vehicles",0,,
,"Petrol unleaded","Passenger Vehicles",23,,
,,"Light Commercial Vehicles",3,,
,"LPG/Other gases","Passenger Vehicles",0,,
,,"Light Commercial Vehicles",0,,
,"Dual fuel","Passenger Vehicles",0,,
,,"Light Commercial Vehicles",0,,
,"Other","Passenger Vehicles",0,,
,,"Light Commercial Vehicles",0,,
,"Unknown","Passenger Vehicles",0,,
,,"Light Commercial Vehicles",0,,
"5460","Diesel","Passenger Vehicles",89,,
,,"Light Commercial Vehicles",147,,
,"Electric","Passenger Vehicles",0,,
,,"Light Commercial Vehicles",0,,
,"Petrol leaded","Passenger Vehicles",16,,
,,"Light Commercial Vehicles",8,,
,"Petrol unleaded","Passenger Vehicles",341,,
,,"Light Commercial Vehicles",79,,
,"LPG/Other gases","Passenger Vehicles",5,,
,,"Light Commercial Vehicles",3,,
,"Dual fuel","Passenger Vehicles",0,,
,,"Light Commercial Vehicles",0,,
,"Other","Passenger Vehicles",0,,
,,"Light Commercial Vehicles",0,,
,"Unknown","Passenger Vehicles",0,,
,,"Light Commercial Vehicles",0,,
"5461","Diesel","Passenger Vehicles",301,,
,,"Light Commercial Vehicles",420,,
,"Electric","Passenger Vehicles",0,,
,,"Light Commercial Vehicles",0,,
,"Petrol leaded","Passenger Vehicles",60,,
,,"Light Commercial Vehicles",26,,
,"Petrol unleaded","Passenger Vehicles",1206,,
,,"Light Commercial Vehicles",196,,
,"LPG/Other gases","Passenger Vehicles",24,,
,,"Light Commercial Vehicles",9,,
,"Dual fuel","Passenger Vehicles",0,,
,,"Light Commercial Vehicles",0,,
,"Other","Passenger Vehicles",0,,
,,"Light Commercial Vehicles",0,,
,"Unknown","Passenger Vehicles",0,,
,,"Light Commercial Vehicles",0,,
"5462","Diesel","Passenger Vehicles",65,,
,,"Light Commercial Vehicles",118,,
,"Electric","Passenger Vehicles",0,,
,,"Light Commercial Vehicles",0,,
,"Petrol leaded","Passenger Vehicles",11,,
,,"Light Commercial Vehicles",7,,
,"Petrol unleaded","Passenger Vehicles",249,,
,,"Light Commercial Vehicles",51,,
,"LPG/Other gases","Passenger Vehicles",3,,
,,"Light Commercial Vehicles",3,,
,"Dual fuel","Passenger Vehicles",0,,
,,"Light Commercial Vehicles",0,,
,"Other","Passenger Vehicles",0,,
,,"Light Commercial Vehicles",0,,
,"Unknown","Passenger Vehicles",0,,
,,"Light Commercial Vehicles",0,,
"5463","Diesel","Passenger Vehicles",0,,
,,"Light Commercial Vehicles",0,,
,"Electric","Passenger Vehicles",0,,
,,"Light Commercial Vehicles",0,,
,"Petrol leaded","Passenger Vehicles",0,,
,,"Light Commercial Vehicles",0,,
,"Petrol unleaded","Passenger Vehicles",0,,
,,"Light Commercial Vehicles",0,,
,"LPG/Other gases","Passenger Vehicles",0,,
,,"Light Commercial Vehicles",0,,
,"Dual fuel","Passenger Vehicles",0,,
,,"Light Commercial Vehicles",0,,
,"Other","Passenger Vehicles",0,,
,,"Light Commercial Vehicles",0,,
,"Unknown","Passenger Vehicles",0,,
,,"Light Commercial Vehicles",0,,
"5464","Diesel","Passenger Vehicles",71,,
,,"Light Commercial Vehicles",159,,
,"Electric","Passenger Vehicles",0,,
,,"Light Commercial Vehicles",0,,
,"Petrol leaded","Passenger Vehicles",14,,
,,"Light Commercial Vehicles",6,,
,"Petrol unleaded","Passenger Vehicles",241,,
,,"Light Commercial Vehicles",58,,
,"LPG/Other gases","Passenger Vehicles",0,,
,,"Light Commercial Vehicles",0,,
,"Dual fuel","Passenger Vehicles",0,,
,,"Light Commercial Vehicles",0,,
,"Other","Passenger Vehicles",0,,
,,"Light Commercial Vehicles",0,,
,"Unknown","Passenger Vehicles",0,,
,,"Light Commercial Vehicles",0,,
"5470","Diesel","Passenger Vehicles",16,,
,,"Light Commercial Vehicles",25,,
,"Electric","Passenger Vehicles",0,,
,,"Light Commercial Vehicles",0,,
,"Petrol leaded","Passenger Vehicles",0,,
,,"Light Commercial Vehicles",4,,
,"Petrol unleaded","Passenger Vehicles",80,,
,,"Light Commercial Vehicles",12,,
,"LPG/Other gases","Passenger Vehicles",0,,
,,"Light Commercial Vehicles",0,,
,"Dual fuel","Passenger Vehicles",0,,
,,"Light Commercial Vehicles",0,,
,"Other","Passenger Vehicles",0,,
,,"Light Commercial Vehicles",0,,
,"Unknown","Passenger Vehicles",0,,
,,"Light Commercial Vehicles",0,,
"5471","Diesel","Passenger Vehicles",22,,
,,"Light Commercial Vehicles",33,,
,"Electric","Passenger Vehicles",0,,
,,"Light Commercial Vehicles",0,,
,"Petrol leaded","Passenger Vehicles",3,,
,,"Light Commercial Vehicles",3,,
,"Petrol unleaded","Passenger Vehicles",51,,
,,"Light Commercial Vehicles",11,,
,"LPG/Other gases","Passenger Vehicles",0,,
,,"Light Commercial Vehicles",0,,
,"Dual fuel","Passenger Vehicles",0,,
,,"Light Commercial Vehicles",0,,
,"Other","Passenger Vehicles",0,,
,,"Light Commercial Vehicles",0,,
,"Unknown","Passenger Vehicles",0,,
,,"Light Commercial Vehicles",0,,
"5472","Diesel","Passenger Vehicles",22,,
,,"Light Commercial Vehicles",44,,
,"Electric","Passenger Vehicles",0,,
,,"Light Commercial Vehicles",0,,
,"Petrol leaded","Passenger Vehicles",0,,
,,"Light Commercial Vehicles",3,,
,"Petrol unleaded","Passenger Vehicles",82,,
,,"Light Commercial Vehicles",23,,
,"LPG/Other gases","Passenger Vehicles",0,,
,,"Light Commercial Vehicles",0,,
,"Dual fuel","Passenger Vehicles",0,,
,,"Light Commercial Vehicles",0,,
,"Other","Passenger Vehicles",0,,
,,"Light Commercial Vehicles",0,,
,"Unknown","Passenger Vehicles",0,,
,,"Light Commercial Vehicles",0,,
"5473","Diesel","Passenger Vehicles",41,,
,,"Light Commercial Vehicles",129,,
,"Electric","Passenger Vehicles",0,,
,,"Light Commercial Vehicles",0,,
,"Petrol leaded","Passenger Vehicles",16,,
,,"Light Commercial Vehicles",3,,
,"Petrol unleaded","Passenger Vehicles",417,,
,,"Light Commercial Vehicles",76,,
,"LPG/Other gases","Passenger Vehicles",0,,
,,"Light Commercial Vehicles",3,,
,"Dual fuel","Passenger Vehicles",0,,
,,"Light Commercial Vehicles",0,,
,"Other","Passenger Vehicles",0,,
,,"Light Commercial Vehicles",0,,
,"Unknown","Passenger Vehicles",0,,
,,"Light Commercial Vehicles",0,,
"5480","Diesel","Passenger Vehicles",106,,
,,"Light Commercial Vehicles",179,,
,"Electric","Passenger Vehicles",0,,
,,"Light Commercial Vehicles",0,,
,"Petrol leaded","Passenger Vehicles",8,,
,,"Light Commercial Vehicles",9,,
,"Petrol unleaded","Passenger Vehicles",419,,
,,"Light Commercial Vehicles",71,,
,"LPG/Other gases","Passenger Vehicles",3,,
,,"Light Commercial Vehicles",0,,
,"Dual fuel","Passenger Vehicles",0,,
,,"Light Commercial Vehicles",0,,
,"Other","Passenger Vehicles",0,,
,,"Light Commercial Vehicles",0,,
,"Unknown","Passenger Vehicles",0,,
,,"Light Commercial Vehicles",0,,
"5481","Diesel","Passenger Vehicles",68,,
,,"Light Commercial Vehicles",128,,
,"Electric","Passenger Vehicles",0,,
,,"Light Commercial Vehicles",0,,
,"Petrol leaded","Passenger Vehicles",13,,
,,"Light Commercial Vehicles",5,,
,"Petrol unleaded","Passenger Vehicles",298,,
,,"Light Commercial Vehicles",85,,
,"LPG/Other gases","Passenger Vehicles",4,,
,,"Light Commercial Vehicles",3,,
,"Dual fuel","Passenger Vehicles",0,,
,,"Light Commercial Vehicles",0,,
,"Other","Passenger Vehicles",0,,
,,"Light Commercial Vehicles",0,,
,"Unknown","Passenger Vehicles",0,,
,,"Light Commercial Vehicles",0,,
"5482","Diesel","Passenger Vehicles",72,,
,,"Light Commercial Vehicles",154,,
,"Electric","Passenger Vehicles",0,,
,,"Light Commercial Vehicles",0,,
,"Petrol leaded","Passenger Vehicles",19,,
,,"Light Commercial Vehicles",8,,
,"Petrol unleaded","Passenger Vehicles",216,,
,,"Light Commercial Vehicles",42,,
,"LPG/Other gases","Passenger Vehicles",4,,
,,"Light Commercial Vehicles",3,,
,"Dual fuel","Passenger Vehicles",0,,
,,"Light Commercial Vehicles",0,,
,"Other","Passenger Vehicles",0,,
,,"Light Commercial Vehicles",0,,
,"Unknown","Passenger Vehicles",0,,
,,"Light Commercial Vehicles",0,,
"5483","Diesel","Passenger Vehicles",59,,
,,"Light Commercial Vehicles",106,,
,"Electric","Passenger Vehicles",0,,
,,"Light Commercial Vehicles",0,,
,"Petrol leaded","Passenger Vehicles",3,,
,,"Light Commercial Vehicles",0,,
,"Petrol unleaded","Passenger Vehicles",147,,
,,"Light Commercial Vehicles",36,,
,"LPG/Other gases","Passenger Vehicles",0,,
,,"Light Commercial Vehicles",0,,
,"Dual fuel","Passenger Vehicles",0,,
,,"Light Commercial Vehicles",0,,
,"Other","Passenger Vehicles",0,,
,,"Light Commercial Vehicles",0,,
,"Unknown","Passenger Vehicles",0,,
,,"Light Commercial Vehicles",0,,
"5485","Diesel","Passenger Vehicles",73,,
,,"Light Commercial Vehicles",140,,
,"Electric","Passenger Vehicles",0,,
,,"Light Commercial Vehicles",0,,
,"Petrol leaded","Passenger Vehicles",14,,
,,"Light Commercial Vehicles",7,,
,"Petrol unleaded","Passenger Vehicles",266,,
,,"Light Commercial Vehicles",65,,
,"LPG/Other gases","Passenger Vehicles",0,,
,,"Light Commercial Vehicles",0,,
,"Dual fuel","Passenger Vehicles",0,,
,,"Light Commercial Vehicles",0,,
,"Other","Passenger Vehicles",0,,
,,"Light Commercial Vehicles",0,,
,"Unknown","Passenger Vehicles",0,,
,,"Light Commercial Vehicles",0,,
"5490","Diesel","Passenger Vehicles",26,,
,,"Light Commercial Vehicles",50,,
,"Electric","Passenger Vehicles",0,,
,,"Light Commercial Vehicles",0,,
,"Petrol leaded","Passenger Vehicles",0,,
,,"Light Commercial Vehicles",0,,
,"Petrol unleaded","Passenger Vehicles",70,,
,,"Light Commercial Vehicles",13,,
,"LPG/Other gases","Passenger Vehicles",0,,
,,"Light Commercial Vehicles",0,,
,"Dual fuel","Passenger Vehicles",0,,
,,"Light Commercial Vehicles",0,,
,"Other","Passenger Vehicles",0,,
,,"Light Commercial Vehicles",0,,
,"Unknown","Passenger Vehicles",0,,
,,"Light Commercial Vehicles",0,,
"5491","Diesel","Passenger Vehicles",215,,
,,"Light Commercial Vehicles",447,,
,"Electric","Passenger Vehicles",0,,
,,"Light Commercial Vehicles",0,,
,"Petrol leaded","Passenger Vehicles",44,,
,,"Light Commercial Vehicles",22,,
,"Petrol unleaded","Passenger Vehicles",927,,
,,"Light Commercial Vehicles",177,,
,"LPG/Other gases","Passenger Vehicles",3,,
,,"Light Commercial Vehicles",0,,
,"Dual fuel","Passenger Vehicles",0,,
,,"Light Commercial Vehicles",0,,
,"Other","Passenger Vehicles",0,,
,,"Light Commercial Vehicles",0,,
,"Unknown","Passenger Vehicles",0,,
,,"Light Commercial Vehicles",0,,
"5493","Diesel","Passenger Vehicles",5,,
,,"Light Commercial Vehicles",25,,
,"Electric","Passenger Vehicles",0,,
,,"Light Commercial Vehicles",0,,
,"Petrol leaded","Passenger Vehicles",0,,
,,"Light Commercial Vehicles",0,,
,"Petrol unleaded","Passenger Vehicles",55,,
,,"Light Commercial Vehicles",12,,
,"LPG/Other gases","Passenger Vehicles",0,,
,,"Light Commercial Vehicles",0,,
,"Dual fuel","Passenger Vehicles",0,,
,,"Light Commercial Vehicles",0,,
,"Other","Passenger Vehicles",0,,
,,"Light Commercial Vehicles",0,,
,"Unknown","Passenger Vehicles",0,,
,,"Light Commercial Vehicles",0,,
"5495","Diesel","Passenger Vehicles",50,,
,,"Light Commercial Vehicles",113,,
,"Electric","Passenger Vehicles",0,,
,,"Light Commercial Vehicles",0,,
,"Petrol leaded","Passenger Vehicles",22,,
,,"Light Commercial Vehicles",4,,
,"Petrol unleaded","Passenger Vehicles",333,,
,,"Light Commercial Vehicles",68,,
,"LPG/Other gases","Passenger Vehicles",3,,
,,"Light Commercial Vehicles",3,,
,"Dual fuel","Passenger Vehicles",0,,
,,"Light Commercial Vehicles",0,,
,"Other","Passenger Vehicles",0,,
,,"Light Commercial Vehicles",0,,
,"Unknown","Passenger Vehicles",0,,
,,"Light Commercial Vehicles",0,,
"5501","Diesel","Passenger Vehicles",701,,
,,"Light Commercial Vehicles",1092,,
,"Electric","Passenger Vehicles",0,,
,,"Light Commercial Vehicles",0,,
,"Petrol leaded","Passenger Vehicles",243,,
,,"Light Commercial Vehicles",61,,
,"Petrol unleaded","Passenger Vehicles",4241,,
,,"Light Commercial Vehicles",738,,
,"LPG/Other gases","Passenger Vehicles",43,,
,,"Light Commercial Vehicles",31,,
,"Dual fuel","Passenger Vehicles",0,,
,,"Light Commercial Vehicles",0,,
,"Other","Passenger Vehicles",0,,
,,"Light Commercial Vehicles",0,,
,"Unknown","Passenger Vehicles",0,,
,,"Light Commercial Vehicles",0,,
"5502","Diesel","Passenger Vehicles",168,,
,,"Light Commercial Vehicles",276,,
,"Electric","Passenger Vehicles",0,,
,,"Light Commercial Vehicles",0,,
,"Petrol leaded","Passenger Vehicles",49,,
,,"Light Commercial Vehicles",13,,
,"Petrol unleaded","Passenger Vehicles",787,,
,,"Light Commercial Vehicles",137,,
,"LPG/Other gases","Passenger Vehicles",15,,
,,"Light Commercial Vehicles",4,,
,"Dual fuel","Passenger Vehicles",0,,
,,"Light Commercial Vehicles",0,,
,"Other","Passenger Vehicles",0,,
,,"Light Commercial Vehicles",0,,
,"Unknown","Passenger Vehicles",0,,
,,"Light Commercial Vehicles",0,,
"5510","Diesel","Passenger Vehicles",19,,
,,"Light Commercial Vehicles",32,,
,"Electric","Passenger Vehicles",0,,
,,"Light Commercial Vehicles",0,,
,"Petrol leaded","Passenger Vehicles",3,,
,,"Light Commercial Vehicles",0,,
,"Petrol unleaded","Passenger Vehicles",76,,
,,"Light Commercial Vehicles",13,,
,"LPG/Other gases","Passenger Vehicles",3,,
,,"Light Commercial Vehicles",0,,
,"Dual fuel","Passenger Vehicles",0,,
,,"Light Commercial Vehicles",0,,
,"Other","Passenger Vehicles",0,,
,,"Light Commercial Vehicles",0,,
,"Unknown","Passenger Vehicles",0,,
,,"Light Commercial Vehicles",0,,
"5520","Diesel","Passenger Vehicles",63,,
,,"Light Commercial Vehicles",121,,
,"Electric","Passenger Vehicles",0,,
,,"Light Commercial Vehicles",0,,
,"Petrol leaded","Passenger Vehicles",15,,
,,"Light Commercial Vehicles",4,,
,"Petrol unleaded","Passenger Vehicles",283,,
,,"Light Commercial Vehicles",48,,
,"LPG/Other gases","Passenger Vehicles",0,,
,,"Light Commercial Vehicles",0,,
,"Dual fuel","Passenger Vehicles",0,,
,,"Light Commercial Vehicles",0,,
,"Other","Passenger Vehicles",0,,
,,"Light Commercial Vehicles",0,,
,"Unknown","Passenger Vehicles",0,,
,,"Light Commercial Vehicles",0,,
"5521","Diesel","Passenger Vehicles",27,,
,,"Light Commercial Vehicles",40,,
,"Electric","Passenger Vehicles",0,,
,,"Light Commercial Vehicles",0,,
,"Petrol leaded","Passenger Vehicles",0,,
,,"Light Commercial Vehicles",0,,
,"Petrol unleaded","Passenger Vehicles",70,,
,,"Light Commercial Vehicles",19,,
,"LPG/Other gases","Passenger Vehicles",0,,
,,"Light Commercial Vehicles",0,,
,"Dual fuel","Passenger Vehicles",0,,
,,"Light Commercial Vehicles",0,,
,"Other","Passenger Vehicles",0,,
,,"Light Commercial Vehicles",0,,
,"Unknown","Passenger Vehicles",0,,
,,"Light Commercial Vehicles",0,,
"5522","Diesel","Passenger Vehicles",194,,
,,"Light Commercial Vehicles",241,,
,"Electric","Passenger Vehicles",0,,
,,"Light Commercial Vehicles",0,,
,"Petrol leaded","Passenger Vehicles",37,,
,,"Light Commercial Vehicles",7,,
,"Petrol unleaded","Passenger Vehicles",741,,
,,"Light Commercial Vehicles",100,,
,"LPG/Other gases","Passenger Vehicles",5,,
,,"Light Commercial Vehicles",5,,
,"Dual fuel","Passenger Vehicles",0,,
,,"Light Commercial Vehicles",0,,
,"Other","Passenger Vehicles",0,,
,,"Light Commercial Vehicles",0,,
,"Unknown","Passenger Vehicles",0,,
,,"Light Commercial Vehicles",0,,
"5523","Diesel","Passenger Vehicles",196,,
,,"Light Commercial Vehicles",364,,
,"Electric","Passenger Vehicles",0,,
,,"Light Commercial Vehicles",0,,
,"Petrol leaded","Passenger Vehicles",43,,
,,"Light Commercial Vehicles",15,,
,"Petrol unleaded","Passenger Vehicles",918,,
,,"Light Commercial Vehicles",169,,
,"LPG/Other gases","Passenger Vehicles",8,,
,,"Light Commercial Vehicles",3,,
,"Dual fuel","Passenger Vehicles",0,,
,,"Light Commercial Vehicles",0,,
,"Other","Passenger Vehicles",0,,
,,"Light Commercial Vehicles",0,,
,"Unknown","Passenger Vehicles",0,,
,,"Light Commercial Vehicles",0,,
"5540","Diesel","Passenger Vehicles",860,,
,,"Light Commercial Vehicles",1249,,
,"Electric","Passenger Vehicles",0,,
,,"Light Commercial Vehicles",0,,
,"Petrol leaded","Passenger Vehicles",223,,
,,"Light Commercial Vehicles",79,,
,"Petrol unleaded","Passenger Vehicles",8071,,
,,"Light Commercial Vehicles",1041,,
,"LPG/Other gases","Passenger Vehicles",56,,
,,"Light Commercial Vehicles",40,,
,"Dual fuel","Passenger Vehicles",0,,
,,"Light Commercial Vehicles",0,,
,"Other","Passenger Vehicles",0,,
,,"Light Commercial Vehicles",0,,
,"Unknown","Passenger Vehicles",0,,
,,"Light Commercial Vehicles",0,,
"5550","Diesel","Passenger Vehicles",69,,
,,"Light Commercial Vehicles",124,,
,"Electric","Passenger Vehicles",0,,
,,"Light Commercial Vehicles",0,,
,"Petrol leaded","Passenger Vehicles",7,,
,,"Light Commercial Vehicles",0,,
,"Petrol unleaded","Passenger Vehicles",505,,
,,"Light Commercial Vehicles",92,,
,"LPG/Other gases","Passenger Vehicles",9,,
,,"Light Commercial Vehicles",4,,
,"Dual fuel","Passenger Vehicles",0,,
,,"Light Commercial Vehicles",0,,
,"Other","Passenger Vehicles",0,,
,,"Light Commercial Vehicles",0,,
,"Unknown","Passenger Vehicles",0,,
,,"Light Commercial Vehicles",0,,
"5552","Diesel","Passenger Vehicles",43,,
,,"Light Commercial Vehicles",99,,
,"Electric","Passenger Vehicles",0,,
,,"Light Commercial Vehicles",0,,
,"Petrol leaded","Passenger Vehicles",5,,
,,"Light Commercial Vehicles",4,,
,"Petrol unleaded","Passenger Vehicles",154,,
,,"Light Commercial Vehicles",23,,
,"LPG/Other gases","Passenger Vehicles",3,,
,,"Light Commercial Vehicles",0,,
,"Dual fuel","Passenger Vehicles",0,,
,,"Light Commercial Vehicles",0,,
,"Other","Passenger Vehicles",0,,
,,"Light Commercial Vehicles",0,,
,"Unknown","Passenger Vehicles",0,,
,,"Light Commercial Vehicles",0,,
"5554","Diesel","Passenger Vehicles",551,,
,,"Light Commercial Vehicles",843,,
,"Electric","Passenger Vehicles",0,,
,,"Light Commercial Vehicles",0,,
,"Petrol leaded","Passenger Vehicles",102,,
,,"Light Commercial Vehicles",37,,
,"Petrol unleaded","Passenger Vehicles",2799,,
,,"Light Commercial Vehicles",354,,
,"LPG/Other gases","Passenger Vehicles",19,,
,,"Light Commercial Vehicles",6,,
,"Dual fuel","Passenger Vehicles",0,,
,,"Light Commercial Vehicles",0,,
,"Other","Passenger Vehicles",0,,
,,"Light Commercial Vehicles",0,,
,"Unknown","Passenger Vehicles",0,,
,,"Light Commercial Vehicles",0,,
"5555","Diesel","Passenger Vehicles",91,,
,,"Light Commercial Vehicles",182,,
,"Electric","Passenger Vehicles",0,,
,,"Light Commercial Vehicles",0,,
,"Petrol leaded","Passenger Vehicles",16,,
,,"Light Commercial Vehicles",10,,
,"Petrol unleaded","Passenger Vehicles",296,,
,,"Light Commercial Vehicles",56,,
,"LPG/Other gases","Passenger Vehicles",5,,
,,"Light Commercial Vehicles",5,,
,"Dual fuel","Passenger Vehicles",0,,
,,"Light Commercial Vehicles",0,,
,"Other","Passenger Vehicles",0,,
,,"Light Commercial Vehicles",0,,
,"Unknown","Passenger Vehicles",0,,
,,"Light Commercial Vehicles",0,,
"5556","Diesel","Passenger Vehicles",391,,
,,"Light Commercial Vehicles",527,,
,"Electric","Passenger Vehicles",0,,
,,"Light Commercial Vehicles",0,,
,"Petrol leaded","Passenger Vehicles",88,,
,,"Light Commercial Vehicles",35,,
,"Petrol unleaded","Passenger Vehicles",2244,,
,,"Light Commercial Vehicles",249,,
,"LPG/Other gases","Passenger Vehicles",16,,
,,"Light Commercial Vehicles",7,,
,"Dual fuel","Passenger Vehicles",0,,
,,"Light Commercial Vehicles",0,,
,"Other","Passenger Vehicles",0,,
,,"Light Commercial Vehicles",0,,
,"Unknown","Passenger Vehicles",0,,
,,"Light Commercial Vehicles",0,,
"5558","Diesel","Passenger Vehicles",516,,
,,"Light Commercial Vehicles",659,,
,"Electric","Passenger Vehicles",0,,
,,"Light Commercial Vehicles",0,,
,"Petrol leaded","Passenger Vehicles",102,,
,,"Light Commercial Vehicles",33,,
,"Petrol unleaded","Passenger Vehicles",2683,,
,,"Light Commercial Vehicles",269,,
,"LPG/Other gases","Passenger Vehicles",14,,
,,"Light Commercial Vehicles",3,,
,"Dual fuel","Passenger Vehicles",0,,
,,"Light Commercial Vehicles",0,,
,"Other","Passenger Vehicles",3,,
,,"Light Commercial Vehicles",0,,
,"Unknown","Passenger Vehicles",0,,
,,"Light Commercial Vehicles",0,,
"5560","Diesel","Passenger Vehicles",51,,
,,"Light Commercial Vehicles",105,,
,"Electric","Passenger Vehicles",0,,
,,"Light Commercial Vehicles",0,,
,"Petrol leaded","Passenger Vehicles",3,,
,,"Light Commercial Vehicles",3,,
,"Petrol unleaded","Passenger Vehicles",226,,
,,"Light Commercial Vehicles",32,,
,"LPG/Other gases","Passenger Vehicles",0,,
,,"Light Commercial Vehicles",0,,
,"Dual fuel","Passenger Vehicles",0,,
,,"Light Commercial Vehicles",0,,
,"Other","Passenger Vehicles",0,,
,,"Light Commercial Vehicles",0,,
,"Unknown","Passenger Vehicles",0,,
,,"Light Commercial Vehicles",0,,
"5570","Diesel","Passenger Vehicles",74,,
,,"Light Commercial Vehicles",128,,
,"Electric","Passenger Vehicles",0,,
,,"Light Commercial Vehicles",0,,
,"Petrol leaded","Passenger Vehicles",16,,
,,"Light Commercial Vehicles",4,,
,"Petrol unleaded","Passenger Vehicles",313,,
,,"Light Commercial Vehicles",48,,
,"LPG/Other gases","Passenger Vehicles",5,,
,,"Light Commercial Vehicles",0,,
,"Dual fuel","Passenger Vehicles",0,,
,,"Light Commercial Vehicles",0,,
,"Other","Passenger Vehicles",0,,
,,"Light Commercial Vehicles",0,,
,"Unknown","Passenger Vehicles",0,,
,,"Light Commercial Vehicles",0,,
"5571","Diesel","Passenger Vehicles",263,,
,,"Light Commercial Vehicles",321,,
,"Electric","Passenger Vehicles",0,,
,,"Light Commercial Vehicles",0,,
,"Petrol leaded","Passenger Vehicles",63,,
,,"Light Commercial Vehicles",19,,
,"Petrol unleaded","Passenger Vehicles",973,,
,,"Light Commercial Vehicles",157,,
,"LPG/Other gases","Passenger Vehicles",4,,
,,"Light Commercial Vehicles",3,,
,"Dual fuel","Passenger Vehicles",0,,
,,"Light Commercial Vehicles",0,,
,"Other","Passenger Vehicles",0,,
,,"Light Commercial Vehicles",0,,
,"Unknown","Passenger Vehicles",0,,
,,"Light Commercial Vehicles",0,,
"5572","Diesel","Passenger Vehicles",29,,
,,"Light Commercial Vehicles",64,,
,"Electric","Passenger Vehicles",0,,
,,"Light Commercial Vehicles",0,,
,"Petrol leaded","Passenger Vehicles",5,,
,,"Light Commercial Vehicles",3,,
,"Petrol unleaded","Passenger Vehicles",82,,
,,"Light Commercial Vehicles",17,,
,"LPG/Other gases","Passenger Vehicles",0,,
,,"Light Commercial Vehicles",3,,
,"Dual fuel","Passenger Vehicles",0,,
,,"Light Commercial Vehicles",0,,
,"Other","Passenger Vehicles",0,,
,,"Light Commercial Vehicles",0,,
,"Unknown","Passenger Vehicles",0,,
,,"Light Commercial Vehicles",0,,
"5573","Diesel","Passenger Vehicles",306,,
,,"Light Commercial Vehicles",569,,
,"Electric","Passenger Vehicles",0,,
,,"Light Commercial Vehicles",0,,
,"Petrol leaded","Passenger Vehicles",52,,
,,"Light Commercial Vehicles",27,,
,"Petrol unleaded","Passenger Vehicles",958,,
,,"Light Commercial Vehicles",149,,
,"LPG/Other gases","Passenger Vehicles",6,,
,,"Light Commercial Vehicles",4,,
,"Dual fuel","Passenger Vehicles",0,,
,,"Light Commercial Vehicles",0,,
,"Other","Passenger Vehicles",0,,
,,"Light Commercial Vehicles",0,,
,"Unknown","Passenger Vehicles",0,,
,,"Light Commercial Vehicles",0,,
"5575","Diesel","Passenger Vehicles",339,,
,,"Light Commercial Vehicles",560,,
,"Electric","Passenger Vehicles",0,,
,,"Light Commercial Vehicles",0,,
,"Petrol leaded","Passenger Vehicles",67,,
,,"Light Commercial Vehicles",26,,
,"Petrol unleaded","Passenger Vehicles",1153,,
,,"Light Commercial Vehicles",192,,
,"LPG/Other gases","Passenger Vehicles",10,,
,,"Light Commercial Vehicles",9,,
,"Dual fuel","Passenger Vehicles",0,,
,,"Light Commercial Vehicles",0,,
,"Other","Passenger Vehicles",3,,
,,"Light Commercial Vehicles",0,,
,"Unknown","Passenger Vehicles",0,,
,,"Light Commercial Vehicles",0,,
"5576","Diesel","Passenger Vehicles",144,,
,,"Light Commercial Vehicles",243,,
,"Electric","Passenger Vehicles",0,,
,,"Light Commercial Vehicles",0,,
,"Petrol leaded","Passenger Vehicles",27,,
,,"Light Commercial Vehicles",4,,
,"Petrol unleaded","Passenger Vehicles",526,,
,,"Light Commercial Vehicles",86,,
,"LPG/Other gases","Passenger Vehicles",7,,
,,"Light Commercial Vehicles",3,,
,"Dual fuel","Passenger Vehicles",0,,
,,"Light Commercial Vehicles",0,,
,"Other","Passenger Vehicles",0,,
,,"Light Commercial Vehicles",0,,
,"Unknown","Passenger Vehicles",0,,
,,"Light Commercial Vehicles",0,,
"5577","Diesel","Passenger Vehicles",77,,
,,"Light Commercial Vehicles",161,,
,"Electric","Passenger Vehicles",0,,
,,"Light Commercial Vehicles",0,,
,"Petrol leaded","Passenger Vehicles",13,,
,,"Light Commercial Vehicles",3,,
,"Petrol unleaded","Passenger Vehicles",280,,
,,"Light Commercial Vehicles",56,,
,"LPG/Other gases","Passenger Vehicles",4,,
,,"Light Commercial Vehicles",0,,
,"Dual fuel","Passenger Vehicles",0,,
,,"Light Commercial Vehicles",0,,
,"Other","Passenger Vehicles",0,,
,,"Light Commercial Vehicles",0,,
,"Unknown","Passenger Vehicles",0,,
,,"Light Commercial Vehicles",0,,
"5580","Diesel","Passenger Vehicles",58,,
,,"Light Commercial Vehicles",115,,
,"Electric","Passenger Vehicles",0,,
,,"Light Commercial Vehicles",0,,
,"Petrol leaded","Passenger Vehicles",4,,
,,"Light Commercial Vehicles",4,,
,"Petrol unleaded","Passenger Vehicles",173,,
,,"Light Commercial Vehicles",31,,
,"LPG/Other gases","Passenger Vehicles",0,,
,,"Light Commercial Vehicles",0,,
,"Dual fuel","Passenger Vehicles",0,,
,,"Light Commercial Vehicles",0,,
,"Other","Passenger Vehicles",0,,
,,"Light Commercial Vehicles",0,,
,"Unknown","Passenger Vehicles",0,,
,,"Light Commercial Vehicles",0,,
"5581","Diesel","Passenger Vehicles",80,,
,,"Light Commercial Vehicles",97,,
,"Electric","Passenger Vehicles",0,,
,,"Light Commercial Vehicles",0,,
,"Petrol leaded","Passenger Vehicles",17,,
,,"Light Commercial Vehicles",8,,
,"Petrol unleaded","Passenger Vehicles",278,,
,,"Light Commercial Vehicles",49,,
,"LPG/Other gases","Passenger Vehicles",5,,
,,"Light Commercial Vehicles",0,,
,"Dual fuel","Passenger Vehicles",0,,
,,"Light Commercial Vehicles",0,,
,"Other","Passenger Vehicles",0,,
,,"Light Commercial Vehicles",0,,
,"Unknown","Passenger Vehicles",0,,
,,"Light Commercial Vehicles",0,,
"5582","Diesel","Passenger Vehicles",88,,
,,"Light Commercial Vehicles",111,,
,"Electric","Passenger Vehicles",0,,
,,"Light Commercial Vehicles",0,,
,"Petrol leaded","Passenger Vehicles",19,,
,,"Light Commercial Vehicles",3,,
,"Petrol unleaded","Passenger Vehicles",320,,
,,"Light Commercial Vehicles",46,,
,"LPG/Other gases","Passenger Vehicles",3,,
,,"Light Commercial Vehicles",0,,
,"Dual fuel","Passenger Vehicles",0,,
,,"Light Commercial Vehicles",0,,
,"Other","Passenger Vehicles",0,,
,,"Light Commercial Vehicles",0,,
,"Unknown","Passenger Vehicles",0,,
,,"Light Commercial Vehicles",0,,
"5583","Diesel","Passenger Vehicles",122,,
,,"Light Commercial Vehicles",114,,
,"Electric","Passenger Vehicles",0,,
,,"Light Commercial Vehicles",0,,
,"Petrol leaded","Passenger Vehicles",22,,
,,"Light Commercial Vehicles",8,,
,"Petrol unleaded","Passenger Vehicles",447,,
,,"Light Commercial Vehicles",64,,
,"LPG/Other gases","Passenger Vehicles",3,,
,,"Light Commercial Vehicles",3,,
,"Dual fuel","Passenger Vehicles",0,,
,,"Light Commercial Vehicles",0,,
,"Other","Passenger Vehicles",0,,
,,"Light Commercial Vehicles",0,,
,"Unknown","Passenger Vehicles",0,,
,,"Light Commercial Vehicles",0,,
"5600","Diesel","Passenger Vehicles",604,,
,,"Light Commercial Vehicles",698,,
,"Electric","Passenger Vehicles",0,,
,,"Light Commercial Vehicles",0,,
,"Petrol leaded","Passenger Vehicles",159,,
,,"Light Commercial Vehicles",37,,
,"Petrol unleaded","Passenger Vehicles",3365,,
,,"Light Commercial Vehicles",506,,
,"LPG/Other gases","Passenger Vehicles",22,,
,,"Light Commercial Vehicles",5,,
,"Dual fuel","Passenger Vehicles",0,,
,,"Light Commercial Vehicles",0,,
,"Other","Passenger Vehicles",0,,
,,"Light Commercial Vehicles",0,,
,"Unknown","Passenger Vehicles",0,,
,,"Light Commercial Vehicles",0,,
"5601","Diesel","Passenger Vehicles",5,,
,,"Light Commercial Vehicles",3,,
,"Electric","Passenger Vehicles",0,,
,,"Light Commercial Vehicles",0,,
,"Petrol leaded","Passenger Vehicles",5,,
,,"Light Commercial Vehicles",3,,
,"Petrol unleaded","Passenger Vehicles",17,,
,,"Light Commercial Vehicles",8,,
,"LPG/Other gases","Passenger Vehicles",0,,
,,"Light Commercial Vehicles",0,,
,"Dual fuel","Passenger Vehicles",0,,
,,"Light Commercial Vehicles",0,,
,"Other","Passenger Vehicles",0,,
,,"Light Commercial Vehicles",0,,
,"Unknown","Passenger Vehicles",0,,
,,"Light Commercial Vehicles",0,,
"5602","Diesel","Passenger Vehicles",232,,
,,"Light Commercial Vehicles",343,,
,"Electric","Passenger Vehicles",0,,
,,"Light Commercial Vehicles",0,,
,"Petrol leaded","Passenger Vehicles",21,,
,,"Light Commercial Vehicles",5,,
,"Petrol unleaded","Passenger Vehicles",535,,
,,"Light Commercial Vehicles",78,,
,"LPG/Other gases","Passenger Vehicles",4,,
,,"Light Commercial Vehicles",0,,
,"Dual fuel","Passenger Vehicles",0,,
,,"Light Commercial Vehicles",0,,
,"Other","Passenger Vehicles",0,,
,,"Light Commercial Vehicles",0,,
,"Unknown","Passenger Vehicles",0,,
,,"Light Commercial Vehicles",0,,
"5603","Diesel","Passenger Vehicles",69,,
,,"Light Commercial Vehicles",138,,
,"Electric","Passenger Vehicles",0,,
,,"Light Commercial Vehicles",0,,
,"Petrol leaded","Passenger Vehicles",4,,
,,"Light Commercial Vehicles",3,,
,"Petrol unleaded","Passenger Vehicles",174,,
,,"Light Commercial Vehicles",14,,
,"LPG/Other gases","Passenger Vehicles",3,,
,,"Light Commercial Vehicles",3,,
,"Dual fuel","Passenger Vehicles",0,,
,,"Light Commercial Vehicles",0,,
,"Other","Passenger Vehicles",0,,
,,"Light Commercial Vehicles",0,,
,"Unknown","Passenger Vehicles",0,,
,,"Light Commercial Vehicles",0,,
"5604","Diesel","Passenger Vehicles",38,,
,,"Light Commercial Vehicles",57,,
,"Electric","Passenger Vehicles",0,,
,,"Light Commercial Vehicles",0,,
,"Petrol leaded","Passenger Vehicles",0,,
,,"Light Commercial Vehicles",0,,
,"Petrol unleaded","Passenger Vehicles",91,,
,,"Light Commercial Vehicles",16,,
,"LPG/Other gases","Passenger Vehicles",0,,
,,"Light Commercial Vehicles",0,,
,"Dual fuel","Passenger Vehicles",0,,
,,"Light Commercial Vehicles",0,,
,"Other","Passenger Vehicles",0,,
,,"Light Commercial Vehicles",0,,
,"Unknown","Passenger Vehicles",0,,
,,"Light Commercial Vehicles",0,,
"5605","Diesel","Passenger Vehicles",299,,
,,"Light Commercial Vehicles",419,,
,"Electric","Passenger Vehicles",0,,
,,"Light Commercial Vehicles",0,,
,"Petrol leaded","Passenger Vehicles",54,,
,,"Light Commercial Vehicles",27,,
,"Petrol unleaded","Passenger Vehicles",804,,
,,"Light Commercial Vehicles",108,,
,"LPG/Other gases","Passenger Vehicles",6,,
,,"Light Commercial Vehicles",3,,
,"Dual fuel","Passenger Vehicles",0,,
,,"Light Commercial Vehicles",0,,
,"Other","Passenger Vehicles",0,,
,,"Light Commercial Vehicles",0,,
,"Unknown","Passenger Vehicles",0,,
,,"Light Commercial Vehicles",0,,
"5606","Diesel","Passenger Vehicles",1563,,
,,"Light Commercial Vehicles",2210,,
,"Electric","Passenger Vehicles",3,,
,,"Light Commercial Vehicles",0,,
,"Petrol leaded","Passenger Vehicles",262,,
,,"Light Commercial Vehicles",65,,
,"Petrol unleaded","Passenger Vehicles",6699,,
,,"Light Commercial Vehicles",846,,
,"LPG/Other gases","Passenger Vehicles",36,,
,,"Light Commercial Vehicles",20,,
,"Dual fuel","Passenger Vehicles",0,,
,,"Light Commercial Vehicles",0,,
,"Other","Passenger Vehicles",3,,
,,"Light Commercial Vehicles",0,,
,"Unknown","Passenger Vehicles",0,,
,,"Light Commercial Vehicles",0,,
"5607","Diesel","Passenger Vehicles",662,,
,,"Light Commercial Vehicles",1011,,
,"Electric","Passenger Vehicles",0,,
,,"Light Commercial Vehicles",0,,
,"Petrol leaded","Passenger Vehicles",98,,
,,"Light Commercial Vehicles",37,,
,"Petrol unleaded","Passenger Vehicles",1610,,
,,"Light Commercial Vehicles",282,,
,"LPG/Other gases","Passenger Vehicles",10,,
,,"Light Commercial Vehicles",5,,
,"Dual fuel","Passenger Vehicles",0,,
,,"Light Commercial Vehicles",0,,
,"Other","Passenger Vehicles",0,,
,,"Light Commercial Vehicles",0,,
,"Unknown","Passenger Vehicles",0,,
,,"Light Commercial Vehicles",0,,
"5608","Diesel","Passenger Vehicles",686,,
,,"Light Commercial Vehicles",796,,
,"Electric","Passenger Vehicles",0,,
,,"Light Commercial Vehicles",0,,
,"Petrol leaded","Passenger Vehicles",145,,
,,"Light Commercial Vehicles",33,,
,"Petrol unleaded","Passenger Vehicles",6056,,
,,"Light Commercial Vehicles",712,,
,"LPG/Other gases","Passenger Vehicles",54,,
,,"Light Commercial Vehicles",17,,
,"Dual fuel","Passenger Vehicles",0,,
,,"Light Commercial Vehicles",0,,
,"Other","Passenger Vehicles",0,,
,,"Light Commercial Vehicles",0,,
,"Unknown","Passenger Vehicles",0,,
,,"Light Commercial Vehicles",0,,
"5609","Diesel","Passenger Vehicles",149,,
,,"Light Commercial Vehicles",137,,
,"Electric","Passenger Vehicles",0,,
,,"Light Commercial Vehicles",0,,
,"Petrol leaded","Passenger Vehicles",21,,
,,"Light Commercial Vehicles",4,,
,"Petrol unleaded","Passenger Vehicles",992,,
,,"Light Commercial Vehicles",91,,
,"LPG/Other gases","Passenger Vehicles",7,,
,,"Light Commercial Vehicles",3,,
,"Dual fuel","Passenger Vehicles",0,,
,,"Light Commercial Vehicles",0,,
,"Other","Passenger Vehicles",0,,
,,"Light Commercial Vehicles",0,,
,"Unknown","Passenger Vehicles",0,,
,,"Light Commercial Vehicles",0,,
"5611","Diesel","Passenger Vehicles",13,,
,,"Light Commercial Vehicles",19,,
,"Electric","Passenger Vehicles",0,,
,,"Light Commercial Vehicles",0,,
,"Petrol leaded","Passenger Vehicles",0,,
,,"Light Commercial Vehicles",0,,
,"Petrol unleaded","Passenger Vehicles",78,,
,,"Light Commercial Vehicles",13,,
,"LPG/Other gases","Passenger Vehicles",0,,
,,"Light Commercial Vehicles",0,,
,"Dual fuel","Passenger Vehicles",0,,
,,"Light Commercial Vehicles",0,,
,"Other","Passenger Vehicles",0,,
,,"Light Commercial Vehicles",0,,
,"Unknown","Passenger Vehicles",0,,
,,"Light Commercial Vehicles",0,,
"5630","Diesel","Passenger Vehicles",16,,
,,"Light Commercial Vehicles",37,,
,"Electric","Passenger Vehicles",0,,
,,"Light Commercial Vehicles",0,,
,"Petrol leaded","Passenger Vehicles",0,,
,,"Light Commercial Vehicles",0,,
,"Petrol unleaded","Passenger Vehicles",51,,
,,"Light Commercial Vehicles",9,,
,"LPG/Other gases","Passenger Vehicles",0,,
,,"Light Commercial Vehicles",0,,
,"Dual fuel","Passenger Vehicles",0,,
,,"Light Commercial Vehicles",0,,
,"Other","Passenger Vehicles",0,,
,,"Light Commercial Vehicles",0,,
,"Unknown","Passenger Vehicles",0,,
,,"Light Commercial Vehicles",0,,
"5631","Diesel","Passenger Vehicles",186,,
,,"Light Commercial Vehicles",352,,
,"Electric","Passenger Vehicles",0,,
,,"Light Commercial Vehicles",0,,
,"Petrol leaded","Passenger Vehicles",21,,
,,"Light Commercial Vehicles",7,,
,"Petrol unleaded","Passenger Vehicles",378,,
,,"Light Commercial Vehicles",56,,
,"LPG/Other gases","Passenger Vehicles",0,,
,,"Light Commercial Vehicles",0,,
,"Dual fuel","Passenger Vehicles",0,,
,,"Light Commercial Vehicles",0,,
,"Other","Passenger Vehicles",0,,
,,"Light Commercial Vehicles",0,,
,"Unknown","Passenger Vehicles",0,,
,,"Light Commercial Vehicles",0,,
"5632","Diesel","Passenger Vehicles",57,,
,,"Light Commercial Vehicles",103,,
,"Electric","Passenger Vehicles",0,,
,,"Light Commercial Vehicles",0,,
,"Petrol leaded","Passenger Vehicles",3,,
,,"Light Commercial Vehicles",0,,
,"Petrol unleaded","Passenger Vehicles",92,,
,,"Light Commercial Vehicles",10,,
,"LPG/Other gases","Passenger Vehicles",0,,
,,"Light Commercial Vehicles",0,,
,"Dual fuel","Passenger Vehicles",0,,
,,"Light Commercial Vehicles",0,,
,"Other","Passenger Vehicles",0,,
,,"Light Commercial Vehicles",0,,
,"Unknown","Passenger Vehicles",0,,
,,"Light Commercial Vehicles",0,,
"5633","Diesel","Passenger Vehicles",73,,
,,"Light Commercial Vehicles",122,,
,"Electric","Passenger Vehicles",0,,
,,"Light Commercial Vehicles",0,,
,"Petrol leaded","Passenger Vehicles",3,,
,,"Light Commercial Vehicles",4,,
,"Petrol unleaded","Passenger Vehicles",127,,
,,"Light Commercial Vehicles",21,,
,"LPG/Other gases","Passenger Vehicles",0,,
,,"Light Commercial Vehicles",0,,
,"Dual fuel","Passenger Vehicles",0,,
,,"Light Commercial Vehicles",0,,
,"Other","Passenger Vehicles",0,,
,,"Light Commercial Vehicles",0,,
,"Unknown","Passenger Vehicles",0,,
,,"Light Commercial Vehicles",0,,
"5640","Diesel","Passenger Vehicles",204,,
,,"Light Commercial Vehicles",379,,
,"Electric","Passenger Vehicles",0,,
,,"Light Commercial Vehicles",0,,
,"Petrol leaded","Passenger Vehicles",21,,
,,"Light Commercial Vehicles",7,,
,"Petrol unleaded","Passenger Vehicles",397,,
,,"Light Commercial Vehicles",68,,
,"LPG/Other gases","Passenger Vehicles",0,,
,,"Light Commercial Vehicles",0,,
,"Dual fuel","Passenger Vehicles",0,,
,,"Light Commercial Vehicles",0,,
,"Other","Passenger Vehicles",0,,
,,"Light Commercial Vehicles",0,,
,"Unknown","Passenger Vehicles",0,,
,,"Light Commercial Vehicles",0,,
"5641","Diesel","Passenger Vehicles",173,,
,,"Light Commercial Vehicles",347,,
,"Electric","Passenger Vehicles",0,,
,,"Light Commercial Vehicles",0,,
,"Petrol leaded","Passenger Vehicles",28,,
,,"Light Commercial Vehicles",5,,
,"Petrol unleaded","Passenger Vehicles",381,,
,,"Light Commercial Vehicles",73,,
,"LPG/Other gases","Passenger Vehicles",0,,
,,"Light Commercial Vehicles",3,,
,"Dual fuel","Passenger Vehicles",0,,
,,"Light Commercial Vehicles",0,,
,"Other","Passenger Vehicles",0,,
,,"Light Commercial Vehicles",0,,
,"Unknown","Passenger Vehicles",0,,
,,"Light Commercial Vehicles",0,,
"5642","Diesel","Passenger Vehicles",50,,
,,"Light Commercial Vehicles",106,,
,"Electric","Passenger Vehicles",0,,
,,"Light Commercial Vehicles",0,,
,"Petrol leaded","Passenger Vehicles",4,,
,,"Light Commercial Vehicles",3,,
,"Petrol unleaded","Passenger Vehicles",81,,
,,"Light Commercial Vehicles",21,,
,"LPG/Other gases","Passenger Vehicles",0,,
,,"Light Commercial Vehicles",0,,
,"Dual fuel","Passenger Vehicles",0,,
,,"Light Commercial Vehicles",0,,
,"Other","Passenger Vehicles",0,,
,,"Light Commercial Vehicles",0,,
,"Unknown","Passenger Vehicles",0,,
,,"Light Commercial Vehicles",0,,
"5650","Diesel","Passenger Vehicles",26,,
,,"Light Commercial Vehicles",64,,
,"Electric","Passenger Vehicles",0,,
,,"Light Commercial Vehicles",0,,
,"Petrol leaded","Passenger Vehicles",5,,
,,"Light Commercial Vehicles",3,,
,"Petrol unleaded","Passenger Vehicles",55,,
,,"Light Commercial Vehicles",7,,
,"LPG/Other gases","Passenger Vehicles",0,,
,,"Light Commercial Vehicles",0,,
,"Dual fuel","Passenger Vehicles",0,,
,,"Light Commercial Vehicles",0,,
,"Other","Passenger Vehicles",0,,
,,"Light Commercial Vehicles",0,,
,"Unknown","Passenger Vehicles",0,,
,,"Light Commercial Vehicles",0,,
"5651","Diesel","Passenger Vehicles",34,,
,,"Light Commercial Vehicles",55,,
,"Electric","Passenger Vehicles",0,,
,,"Light Commercial Vehicles",0,,
,"Petrol leaded","Passenger Vehicles",6,,
,,"Light Commercial Vehicles",5,,
,"Petrol unleaded","Passenger Vehicles",39,,
,,"Light Commercial Vehicles",8,,
,"LPG/Other gases","Passenger Vehicles",0,,
,,"Light Commercial Vehicles",3,,
,"Dual fuel","Passenger Vehicles",0,,
,,"Light Commercial Vehicles",0,,
,"Other","Passenger Vehicles",0,,
,,"Light Commercial Vehicles",0,,
,"Unknown","Passenger Vehicles",0,,
,,"Light Commercial Vehicles",0,,
"5652","Diesel","Passenger Vehicles",124,,
,,"Light Commercial Vehicles",221,,
,"Electric","Passenger Vehicles",0,,
,,"Light Commercial Vehicles",0,,
,"Petrol leaded","Passenger Vehicles",15,,
,,"Light Commercial Vehicles",6,,
,"Petrol unleaded","Passenger Vehicles",245,,
,,"Light Commercial Vehicles",64,,
,"LPG/Other gases","Passenger Vehicles",3,,
,,"Light Commercial Vehicles",0,,
,"Dual fuel","Passenger Vehicles",0,,
,,"Light Commercial Vehicles",0,,
,"Other","Passenger Vehicles",0,,
,,"Light Commercial Vehicles",0,,
,"Unknown","Passenger Vehicles",0,,
,,"Light Commercial Vehicles",0,,
"5653","Diesel","Passenger Vehicles",13,,
,,"Light Commercial Vehicles",29,,
,"Electric","Passenger Vehicles",0,,
,,"Light Commercial Vehicles",0,,
,"Petrol leaded","Passenger Vehicles",4,,
,,"Light Commercial Vehicles",3,,
,"Petrol unleaded","Passenger Vehicles",24,,
,,"Light Commercial Vehicles",4,,
,"LPG/Other gases","Passenger Vehicles",0,,
,,"Light Commercial Vehicles",0,,
,"Dual fuel","Passenger Vehicles",0,,
,,"Light Commercial Vehicles",0,,
,"Other","Passenger Vehicles",0,,
,,"Light Commercial Vehicles",0,,
,"Unknown","Passenger Vehicles",0,,
,,"Light Commercial Vehicles",0,,
"5654","Diesel","Passenger Vehicles",37,,
,,"Light Commercial Vehicles",71,,
,"Electric","Passenger Vehicles",0,,
,,"Light Commercial Vehicles",0,,
,"Petrol leaded","Passenger Vehicles",3,,
,,"Light Commercial Vehicles",0,,
,"Petrol unleaded","Passenger Vehicles",84,,
,,"Light Commercial Vehicles",28,,
,"LPG/Other gases","Passenger Vehicles",0,,
,,"Light Commercial Vehicles",0,,
,"Dual fuel","Passenger Vehicles",0,,
,,"Light Commercial Vehicles",0,,
,"Other","Passenger Vehicles",0,,
,,"Light Commercial Vehicles",0,,
,"Unknown","Passenger Vehicles",0,,
,,"Light Commercial Vehicles",0,,
"5655","Diesel","Passenger Vehicles",22,,
,,"Light Commercial Vehicles",50,,
,"Electric","Passenger Vehicles",0,,
,,"Light Commercial Vehicles",0,,
,"Petrol leaded","Passenger Vehicles",0,,
,,"Light Commercial Vehicles",3,,
,"Petrol unleaded","Passenger Vehicles",25,,
,,"Light Commercial Vehicles",9,,
,"LPG/Other gases","Passenger Vehicles",0,,
,,"Light Commercial Vehicles",0,,
,"Dual fuel","Passenger Vehicles",0,,
,,"Light Commercial Vehicles",0,,
,"Other","Passenger Vehicles",0,,
,,"Light Commercial Vehicles",0,,
,"Unknown","Passenger Vehicles",0,,
,,"Light Commercial Vehicles",0,,
"5660","Diesel","Passenger Vehicles",4,,
,,"Light Commercial Vehicles",17,,
,"Electric","Passenger Vehicles",0,,
,,"Light Commercial Vehicles",0,,
,"Petrol leaded","Passenger Vehicles",0,,
,,"Light Commercial Vehicles",0,,
,"Petrol unleaded","Passenger Vehicles",8,,
,,"Light Commercial Vehicles",4,,
,"LPG/Other gases","Passenger Vehicles",0,,
,,"Light Commercial Vehicles",0,,
,"Dual fuel","Passenger Vehicles",0,,
,,"Light Commercial Vehicles",0,,
,"Other","Passenger Vehicles",0,,
,,"Light Commercial Vehicles",0,,
,"Unknown","Passenger Vehicles",0,,
,,"Light Commercial Vehicles",0,,
"5661","Diesel","Passenger Vehicles",24,,
,,"Light Commercial Vehicles",62,,
,"Electric","Passenger Vehicles",0,,
,,"Light Commercial Vehicles",0,,
,"Petrol leaded","Passenger Vehicles",6,,
,,"Light Commercial Vehicles",4,,
,"Petrol unleaded","Passenger Vehicles",39,,
,,"Light Commercial Vehicles",4,,
,"LPG/Other gases","Passenger Vehicles",0,,
,,"Light Commercial Vehicles",0,,
,"Dual fuel","Passenger Vehicles",0,,
,,"Light Commercial Vehicles",0,,
,"Other","Passenger Vehicles",0,,
,,"Light Commercial Vehicles",0,,
,"Unknown","Passenger Vehicles",0,,
,,"Light Commercial Vehicles",0,,
"5670","Diesel","Passenger Vehicles",73,,
,,"Light Commercial Vehicles",145,,
,"Electric","Passenger Vehicles",0,,
,,"Light Commercial Vehicles",0,,
,"Petrol leaded","Passenger Vehicles",10,,
,,"Light Commercial Vehicles",3,,
,"Petrol unleaded","Passenger Vehicles",202,,
,,"Light Commercial Vehicles",41,,
,"LPG/Other gases","Passenger Vehicles",5,,
,,"Light Commercial Vehicles",0,,
,"Dual fuel","Passenger Vehicles",0,,
,,"Light Commercial Vehicles",0,,
,"Other","Passenger Vehicles",0,,
,,"Light Commercial Vehicles",0,,
,"Unknown","Passenger Vehicles",0,,
,,"Light Commercial Vehicles",0,,
"5671","Diesel","Passenger Vehicles",38,,
,,"Light Commercial Vehicles",83,,
,"Electric","Passenger Vehicles",0,,
,,"Light Commercial Vehicles",0,,
,"Petrol leaded","Passenger Vehicles",14,,
,,"Light Commercial Vehicles",5,,
,"Petrol unleaded","Passenger Vehicles",63,,
,,"Light Commercial Vehicles",18,,
,"LPG/Other gases","Passenger Vehicles",0,,
,,"Light Commercial Vehicles",0,,
,"Dual fuel","Passenger Vehicles",0,,
,,"Light Commercial Vehicles",0,,
,"Other","Passenger Vehicles",0,,
,,"Light Commercial Vehicles",0,,
,"Unknown","Passenger Vehicles",0,,
,,"Light Commercial Vehicles",0,,
"5680","Diesel","Passenger Vehicles",352,,
,,"Light Commercial Vehicles",592,,
,"Electric","Passenger Vehicles",3,,
,,"Light Commercial Vehicles",0,,
,"Petrol leaded","Passenger Vehicles",39,,
,,"Light Commercial Vehicles",18,,
,"Petrol unleaded","Passenger Vehicles",864,,
,,"Light Commercial Vehicles",197,,
,"LPG/Other gases","Passenger Vehicles",7,,
,,"Light Commercial Vehicles",3,,
,"Dual fuel","Passenger Vehicles",0,,
,,"Light Commercial Vehicles",0,,
,"Other","Passenger Vehicles",0,,
,,"Light Commercial Vehicles",0,,
,"Unknown","Passenger Vehicles",0,,
,,"Light Commercial Vehicles",0,,
"5690","Diesel","Passenger Vehicles",462,,
,,"Light Commercial Vehicles",798,,
,"Electric","Passenger Vehicles",0,,
,,"Light Commercial Vehicles",0,,
,"Petrol leaded","Passenger Vehicles",50,,
,,"Light Commercial Vehicles",22,,
,"Petrol unleaded","Passenger Vehicles",1477,,
,,"Light Commercial Vehicles",226,,
,"LPG/Other gases","Passenger Vehicles",12,,
,,"Light Commercial Vehicles",9,,
,"Dual fuel","Passenger Vehicles",0,,
,,"Light Commercial Vehicles",0,,
,"Other","Passenger Vehicles",0,,
,,"Light Commercial Vehicles",0,,
,"Unknown","Passenger Vehicles",0,,
,,"Light Commercial Vehicles",0,,
"5700","Diesel","Passenger Vehicles",749,,
,,"Light Commercial Vehicles",1125,,
,"Electric","Passenger Vehicles",3,,
,,"Light Commercial Vehicles",0,,
,"Petrol leaded","Passenger Vehicles",152,,
,,"Light Commercial Vehicles",32,,
,"Petrol unleaded","Passenger Vehicles",5154,,
,,"Light Commercial Vehicles",767,,
,"LPG/Other gases","Passenger Vehicles",37,,
,,"Light Commercial Vehicles",8,,
,"Dual fuel","Passenger Vehicles",0,,
,,"Light Commercial Vehicles",0,,
,"Other","Passenger Vehicles",0,,
,,"Light Commercial Vehicles",0,,
,"Unknown","Passenger Vehicles",0,,
,,"Light Commercial Vehicles",0,,
"5701","Diesel","Passenger Vehicles",54,,
,,"Light Commercial Vehicles",75,,
,"Electric","Passenger Vehicles",0,,
,,"Light Commercial Vehicles",0,,
,"Petrol leaded","Passenger Vehicles",0,,
,,"Light Commercial Vehicles",0,,
,"Petrol unleaded","Passenger Vehicles",36,,
,,"Light Commercial Vehicles",18,,
,"LPG/Other gases","Passenger Vehicles",0,,
,,"Light Commercial Vehicles",0,,
,"Dual fuel","Passenger Vehicles",0,,
,,"Light Commercial Vehicles",0,,
,"Other","Passenger Vehicles",0,,
,,"Light Commercial Vehicles",0,,
,"Unknown","Passenger Vehicles",0,,
,,"Light Commercial Vehicles",0,,
"5710","Diesel","Passenger Vehicles",221,,
,,"Light Commercial Vehicles",331,,
,"Electric","Passenger Vehicles",0,,
,,"Light Commercial Vehicles",0,,
,"Petrol leaded","Passenger Vehicles",30,,
,,"Light Commercial Vehicles",6,,
,"Petrol unleaded","Passenger Vehicles",1034,,
,,"Light Commercial Vehicles",191,,
,"LPG/Other gases","Passenger Vehicles",6,,
,,"Light Commercial Vehicles",3,,
,"Dual fuel","Passenger Vehicles",0,,
,,"Light Commercial Vehicles",0,,
,"Other","Passenger Vehicles",0,,
,,"Light Commercial Vehicles",0,,
,"Unknown","Passenger Vehicles",0,,
,,"Light Commercial Vehicles",0,,
"5713","Diesel","Passenger Vehicles",0,,
,,"Light Commercial Vehicles",0,,
,"Electric","Passenger Vehicles",0,,
,,"Light Commercial Vehicles",0,,
,"Petrol leaded","Passenger Vehicles",0,,
,,"Light Commercial Vehicles",0,,
,"Petrol unleaded","Passenger Vehicles",3,,
,,"Light Commercial Vehicles",0,,
,"LPG/Other gases","Passenger Vehicles",0,,
,,"Light Commercial Vehicles",0,,
,"Dual fuel","Passenger Vehicles",0,,
,,"Light Commercial Vehicles",0,,
,"Other","Passenger Vehicles",0,,
,,"Light Commercial Vehicles",0,,
,"Unknown","Passenger Vehicles",0,,
,,"Light Commercial Vehicles",0,,
"5715","Diesel","Passenger Vehicles",0,,
,,"Light Commercial Vehicles",3,,
,"Electric","Passenger Vehicles",0,,
,,"Light Commercial Vehicles",0,,
,"Petrol leaded","Passenger Vehicles",0,,
,,"Light Commercial Vehicles",0,,
,"Petrol unleaded","Passenger Vehicles",3,,
,,"Light Commercial Vehicles",0,,
,"LPG/Other gases","Passenger Vehicles",0,,
,,"Light Commercial Vehicles",0,,
,"Dual fuel","Passenger Vehicles",0,,
,,"Light Commercial Vehicles",0,,
,"Other","Passenger Vehicles",0,,
,,"Light Commercial Vehicles",0,,
,"Unknown","Passenger Vehicles",0,,
,,"Light Commercial Vehicles",0,,
"5717","Diesel","Passenger Vehicles",0,,
,,"Light Commercial Vehicles",0,,
,"Electric","Passenger Vehicles",0,,
,,"Light Commercial Vehicles",0,,
,"Petrol leaded","Passenger Vehicles",0,,
,,"Light Commercial Vehicles",0,,
,"Petrol unleaded","Passenger Vehicles",0,,
,,"Light Commercial Vehicles",0,,
,"LPG/Other gases","Passenger Vehicles",0,,
,,"Light Commercial Vehicles",0,,
,"Dual fuel","Passenger Vehicles",0,,
,,"Light Commercial Vehicles",0,,
,"Other","Passenger Vehicles",0,,
,,"Light Commercial Vehicles",0,,
,"Unknown","Passenger Vehicles",0,,
,,"Light Commercial Vehicles",0,,
"5719","Diesel","Passenger Vehicles",6,,
,,"Light Commercial Vehicles",11,,
,"Electric","Passenger Vehicles",0,,
,,"Light Commercial Vehicles",0,,
,"Petrol leaded","Passenger Vehicles",0,,
,,"Light Commercial Vehicles",0,,
,"Petrol unleaded","Passenger Vehicles",12,,
,,"Light Commercial Vehicles",8,,
,"LPG/Other gases","Passenger Vehicles",0,,
,,"Light Commercial Vehicles",0,,
,"Dual fuel","Passenger Vehicles",0,,
,,"Light Commercial Vehicles",0,,
,"Other","Passenger Vehicles",0,,
,,"Light Commercial Vehicles",0,,
,"Unknown","Passenger Vehicles",0,,
,,"Light Commercial Vehicles",0,,
"5720","Diesel","Passenger Vehicles",31,,
,,"Light Commercial Vehicles",33,,
,"Electric","Passenger Vehicles",0,,
,,"Light Commercial Vehicles",0,,
,"Petrol leaded","Passenger Vehicles",12,,
,,"Light Commercial Vehicles",0,,
,"Petrol unleaded","Passenger Vehicles",84,,
,,"Light Commercial Vehicles",22,,
,"LPG/Other gases","Passenger Vehicles",3,,
,,"Light Commercial Vehicles",0,,
,"Dual fuel","Passenger Vehicles",0,,
,,"Light Commercial Vehicles",0,,
,"Other","Passenger Vehicles",0,,
,,"Light Commercial Vehicles",0,,
,"Unknown","Passenger Vehicles",0,,
,,"Light Commercial Vehicles",0,,
"5722","Diesel","Passenger Vehicles",44,,
,,"Light Commercial Vehicles",66,,
,"Electric","Passenger Vehicles",0,,
,,"Light Commercial Vehicles",0,,
,"Petrol leaded","Passenger Vehicles",9,,
,,"Light Commercial Vehicles",9,,
,"Petrol unleaded","Passenger Vehicles",225,,
,,"Light Commercial Vehicles",44,,
,"LPG/Other gases","Passenger Vehicles",3,,
,,"Light Commercial Vehicles",3,,
,"Dual fuel","Passenger Vehicles",0,,
,,"Light Commercial Vehicles",0,,
,"Other","Passenger Vehicles",0,,
,,"Light Commercial Vehicles",0,,
,"Unknown","Passenger Vehicles",0,,
,,"Light Commercial Vehicles",0,,
"5723","Diesel","Passenger Vehicles",231,,
,,"Light Commercial Vehicles",275,,
,"Electric","Passenger Vehicles",0,,
,,"Light Commercial Vehicles",0,,
,"Petrol leaded","Passenger Vehicles",30,,
,,"Light Commercial Vehicles",26,,
,"Petrol unleaded","Passenger Vehicles",779,,
,,"Light Commercial Vehicles",162,,
,"LPG/Other gases","Passenger Vehicles",8,,
,,"Light Commercial Vehicles",5,,
,"Dual fuel","Passenger Vehicles",0,,
,,"Light Commercial Vehicles",0,,
,"Other","Passenger Vehicles",0,,
,,"Light Commercial Vehicles",0,,
,"Unknown","Passenger Vehicles",0,,
,,"Light Commercial Vehicles",0,,
"5724","Diesel","Passenger Vehicles",55,,
,,"Light Commercial Vehicles",85,,
,"Electric","Passenger Vehicles",0,,
,,"Light Commercial Vehicles",0,,
,"Petrol leaded","Passenger Vehicles",0,,
,,"Light Commercial Vehicles",4,,
,"Petrol unleaded","Passenger Vehicles",128,,
,,"Light Commercial Vehicles",29,,
,"LPG/Other gases","Passenger Vehicles",3,,
,,"Light Commercial Vehicles",0,,
,"Dual fuel","Passenger Vehicles",0,,
,,"Light Commercial Vehicles",0,,
,"Other","Passenger Vehicles",0,,
,,"Light Commercial Vehicles",0,,
,"Unknown","Passenger Vehicles",0,,
,,"Light Commercial Vehicles",0,,
"5725","Diesel","Passenger Vehicles",485,,
,,"Light Commercial Vehicles",865,,
,"Electric","Passenger Vehicles",0,,
,,"Light Commercial Vehicles",0,,
,"Petrol leaded","Passenger Vehicles",39,,
,,"Light Commercial Vehicles",13,,
,"Petrol unleaded","Passenger Vehicles",1841,,
,,"Light Commercial Vehicles",272,,
,"LPG/Other gases","Passenger Vehicles",7,,
,,"Light Commercial Vehicles",5,,
,"Dual fuel","Passenger Vehicles",0,,
,,"Light Commercial Vehicles",0,,
,"Other","Passenger Vehicles",0,,
,,"Light Commercial Vehicles",0,,
,"Unknown","Passenger Vehicles",0,,
,,"Light Commercial Vehicles",0,,
"5730","Diesel","Passenger Vehicles",25,,
,,"Light Commercial Vehicles",43,,
,"Electric","Passenger Vehicles",0,,
,,"Light Commercial Vehicles",0,,
,"Petrol leaded","Passenger Vehicles",3,,
,,"Light Commercial Vehicles",3,,
,"Petrol unleaded","Passenger Vehicles",37,,
,,"Light Commercial Vehicles",10,,
,"LPG/Other gases","Passenger Vehicles",0,,
,,"Light Commercial Vehicles",0,,
,"Dual fuel","Passenger Vehicles",0,,
,,"Light Commercial Vehicles",0,,
,"Other","Passenger Vehicles",0,,
,,"Light Commercial Vehicles",0,,
,"Unknown","Passenger Vehicles",0,,
,,"Light Commercial Vehicles",0,,
"5731","Diesel","Passenger Vehicles",44,,
,,"Light Commercial Vehicles",66,,
,"Electric","Passenger Vehicles",0,,
,,"Light Commercial Vehicles",0,,
,"Petrol leaded","Passenger Vehicles",5,,
,,"Light Commercial Vehicles",3,,
,"Petrol unleaded","Passenger Vehicles",69,,
,,"Light Commercial Vehicles",22,,
,"LPG/Other gases","Passenger Vehicles",0,,
,,"Light Commercial Vehicles",0,,
,"Dual fuel","Passenger Vehicles",0,,
,,"Light Commercial Vehicles",0,,
,"Other","Passenger Vehicles",0,,
,,"Light Commercial Vehicles",0,,
,"Unknown","Passenger Vehicles",0,,
,,"Light Commercial Vehicles",0,,
"5732","Diesel","Passenger Vehicles",17,,
,,"Light Commercial Vehicles",56,,
,"Electric","Passenger Vehicles",0,,
,,"Light Commercial Vehicles",0,,
,"Petrol leaded","Passenger Vehicles",0,,
,,"Light Commercial Vehicles",0,,
,"Petrol unleaded","Passenger Vehicles",52,,
,,"Light Commercial Vehicles",18,,
,"LPG/Other gases","Passenger Vehicles",0,,
,,"Light Commercial Vehicles",0,,
,"Dual fuel","Passenger Vehicles",0,,
,,"Light Commercial Vehicles",0,,
,"Other","Passenger Vehicles",0,,
,,"Light Commercial Vehicles",0,,
,"Unknown","Passenger Vehicles",0,,
,,"Light Commercial Vehicles",0,,
"5733","Diesel","Passenger Vehicles",28,,
,,"Light Commercial Vehicles",35,,
,"Electric","Passenger Vehicles",0,,
,,"Light Commercial Vehicles",0,,
,"Petrol leaded","Passenger Vehicles",0,,
,,"Light Commercial Vehicles",0,,
,"Petrol unleaded","Passenger Vehicles",42,,
,,"Light Commercial Vehicles",17,,
,"LPG/Other gases","Passenger Vehicles",0,,
,,"Light Commercial Vehicles",0,,
,"Dual fuel","Passenger Vehicles",0,,
,,"Light Commercial Vehicles",0,,
,"Other","Passenger Vehicles",0,,
,,"Light Commercial Vehicles",0,,
,"Unknown","Passenger Vehicles",0,,
,,"Light Commercial Vehicles",0,,
"5734","Diesel","Passenger Vehicles",19,,
,,"Light Commercial Vehicles",17,,
,"Electric","Passenger Vehicles",0,,
,,"Light Commercial Vehicles",0,,
,"Petrol leaded","Passenger Vehicles",0,,
,,"Light Commercial Vehicles",0,,
,"Petrol unleaded","Passenger Vehicles",28,,
,,"Light Commercial Vehicles",4,,
,"LPG/Other gases","Passenger Vehicles",0,,
,,"Light Commercial Vehicles",0,,
,"Dual fuel","Passenger Vehicles",0,,
,,"Light Commercial Vehicles",0,,
,"Other","Passenger Vehicles",0,,
,,"Light Commercial Vehicles",0,,
,"Unknown","Passenger Vehicles",0,,
,,"Light Commercial Vehicles",0,,
"5810","Diesel","Passenger Vehicles",0,,
,,"Light Commercial Vehicles",0,,
,"Electric","Passenger Vehicles",0,,
,,"Light Commercial Vehicles",0,,
,"Petrol leaded","Passenger Vehicles",0,,
,,"Light Commercial Vehicles",0,,
,"Petrol unleaded","Passenger Vehicles",3,,
,,"Light Commercial Vehicles",0,,
,"LPG/Other gases","Passenger Vehicles",0,,
,,"Light Commercial Vehicles",0,,
,"Dual fuel","Passenger Vehicles",0,,
,,"Light Commercial Vehicles",0,,
,"Other","Passenger Vehicles",0,,
,,"Light Commercial Vehicles",0,,
,"Unknown","Passenger Vehicles",0,,
,,"Light Commercial Vehicles",0,,
"5942","Diesel","Passenger Vehicles",0,,
,,"Light Commercial Vehicles",0,,
,"Electric","Passenger Vehicles",0,,
,,"Light Commercial Vehicles",0,,
,"Petrol leaded","Passenger Vehicles",0,,
,,"Light Commercial Vehicles",0,,
,"Petrol unleaded","Passenger Vehicles",6,,
,,"Light Commercial Vehicles",6,,
,"LPG/Other gases","Passenger Vehicles",0,,
,,"Light Commercial Vehicles",0,,
,"Dual fuel","Passenger Vehicles",0,,
,,"Light Commercial Vehicles",0,,
,"Other","Passenger Vehicles",0,,
,,"Light Commercial Vehicles",0,,
,"Unknown","Passenger Vehicles",0,,
,,"Light Commercial Vehicles",0,,
"5950","Diesel","Passenger Vehicles",109,,
,,"Light Commercial Vehicles",149,,
,"Electric","Passenger Vehicles",5,,
,,"Light Commercial Vehicles",0,,
,"Petrol leaded","Passenger Vehicles",0,,
,,"Light Commercial Vehicles",0,,
,"Petrol unleaded","Passenger Vehicles",1116,,
,,"Light Commercial Vehicles",50,,
,"LPG/Other gases","Passenger Vehicles",0,,
,,"Light Commercial Vehicles",0,,
,"Dual fuel","Passenger Vehicles",0,,
,,"Light Commercial Vehicles",0,,
,"Other","Passenger Vehicles",0,,
,,"Light Commercial Vehicles",0,,
,"Unknown","Passenger Vehicles",0,,
,,"Light Commercial Vehicles",0,,
"5960","Diesel","Passenger Vehicles",0,,
,,"Light Commercial Vehicles",0,,
,"Electric","Passenger Vehicles",0,,
,,"Light Commercial Vehicles",0,,
,"Petrol leaded","Passenger Vehicles",0,,
,,"Light Commercial Vehicles",0,,
,"Petrol unleaded","Passenger Vehicles",0,,
,,"Light Commercial Vehicles",0,,
,"LPG/Other gases","Passenger Vehicles",0,,
,,"Light Commercial Vehicles",0,,
,"Dual fuel","Passenger Vehicles",0,,
,,"Light Commercial Vehicles",0,,
,"Other","Passenger Vehicles",0,,
,,"Light Commercial Vehicles",0,,
,"Unknown","Passenger Vehicles",0,,
,,"Light Commercial Vehicles",0,,
"6000","Diesel","Passenger Vehicles",2987,,
,,"Light Commercial Vehicles",5520,,
,"Electric","Passenger Vehicles",6,,
,,"Light Commercial Vehicles",0,,
,"Petrol leaded","Passenger Vehicles",110,,
,,"Light Commercial Vehicles",28,,
,"Petrol unleaded","Passenger Vehicles",9784,,
,,"Light Commercial Vehicles",620,,
,"LPG/Other gases","Passenger Vehicles",80,,
,,"Light Commercial Vehicles",47,,
,"Dual fuel","Passenger Vehicles",0,,
,,"Light Commercial Vehicles",3,,
,"Other","Passenger Vehicles",3,,
,,"Light Commercial Vehicles",0,,
,"Unknown","Passenger Vehicles",0,,
,,"Light Commercial Vehicles",0,,
"6003","Diesel","Passenger Vehicles",284,,
,,"Light Commercial Vehicles",227,,
,"Electric","Passenger Vehicles",0,,
,,"Light Commercial Vehicles",0,,
,"Petrol leaded","Passenger Vehicles",25,,
,,"Light Commercial Vehicles",3,,
,"Petrol unleaded","Passenger Vehicles",2725,,
,,"Light Commercial Vehicles",187,,
,"LPG/Other gases","Passenger Vehicles",40,,
,,"Light Commercial Vehicles",14,,
,"Dual fuel","Passenger Vehicles",0,,
,,"Light Commercial Vehicles",0,,
,"Other","Passenger Vehicles",0,,
,,"Light Commercial Vehicles",0,,
,"Unknown","Passenger Vehicles",0,,
,,"Light Commercial Vehicles",0,,
"6004","Diesel","Passenger Vehicles",1696,,
,,"Light Commercial Vehicles",1246,,
,"Electric","Passenger Vehicles",5,,
,,"Light Commercial Vehicles",0,,
,"Petrol leaded","Passenger Vehicles",93,,
,,"Light Commercial Vehicles",6,,
,"Petrol unleaded","Passenger Vehicles",8079,,
,,"Light Commercial Vehicles",224,,
,"LPG/Other gases","Passenger Vehicles",31,,
,,"Light Commercial Vehicles",11,,
,"Dual fuel","Passenger Vehicles",0,,
,,"Light Commercial Vehicles",0,,
,"Other","Passenger Vehicles",0,,
,,"Light Commercial Vehicles",3,,
,"Unknown","Passenger Vehicles",0,,
,,"Light Commercial Vehicles",0,,
"6005","Diesel","Passenger Vehicles",965,,
,,"Light Commercial Vehicles",1730,,
,"Electric","Passenger Vehicles",9,,
,,"Light Commercial Vehicles",0,,
,"Petrol leaded","Passenger Vehicles",44,,
,,"Light Commercial Vehicles",13,,
,"Petrol unleaded","Passenger Vehicles",3937,,
,,"Light Commercial Vehicles",232,,
,"LPG/Other gases","Passenger Vehicles",28,,
,,"Light Commercial Vehicles",14,,
,"Dual fuel","Passenger Vehicles",0,,
,,"Light Commercial Vehicles",0,,
,"Other","Passenger Vehicles",0,,
,,"Light Commercial Vehicles",0,,
,"Unknown","Passenger Vehicles",3,,
,,"Light Commercial Vehicles",0,,
"6006","Diesel","Passenger Vehicles",604,,
,,"Light Commercial Vehicles",369,,
,"Electric","Passenger Vehicles",0,,
,,"Light Commercial Vehicles",0,,
,"Petrol leaded","Passenger Vehicles",132,,
,,"Light Commercial Vehicles",26,,
,"Petrol unleaded","Passenger Vehicles",4684,,
,,"Light Commercial Vehicles",207,,
,"LPG/Other gases","Passenger Vehicles",62,,
,,"Light Commercial Vehicles",21,,
,"Dual fuel","Passenger Vehicles",0,,
,,"Light Commercial Vehicles",0,,
,"Other","Passenger Vehicles",3,,
,,"Light Commercial Vehicles",3,,
,"Unknown","Passenger Vehicles",0,,
,,"Light Commercial Vehicles",0,,
"6007","Diesel","Passenger Vehicles",625,,
,,"Light Commercial Vehicles",1146,,
,"Electric","Passenger Vehicles",6,,
,,"Light Commercial Vehicles",0,,
,"Petrol leaded","Passenger Vehicles",74,,
,,"Light Commercial Vehicles",12,,
,"Petrol unleaded","Passenger Vehicles",4291,,
,,"Light Commercial Vehicles",141,,
,"LPG/Other gases","Passenger Vehicles",27,,
,,"Light Commercial Vehicles",48,,
,"Dual fuel","Passenger Vehicles",0,,
,,"Light Commercial Vehicles",0,,
,"Other","Passenger Vehicles",3,,
,,"Light Commercial Vehicles",0,,
,"Unknown","Passenger Vehicles",0,,
,,"Light Commercial Vehicles",0,,
"6008","Diesel","Passenger Vehicles",1657,,
,,"Light Commercial Vehicles",1302,,
,"Electric","Passenger Vehicles",16,,
,,"Light Commercial Vehicles",0,,
,"Petrol leaded","Passenger Vehicles",176,,
,,"Light Commercial Vehicles",29,,
,"Petrol unleaded","Passenger Vehicles",8576,,
,,"Light Commercial Vehicles",332,,
,"LPG/Other gases","Passenger Vehicles",47,,
,,"Light Commercial Vehicles",13,,
,"Dual fuel","Passenger Vehicles",0,,
,,"Light Commercial Vehicles",0,,
,"Other","Passenger Vehicles",4,,
,,"Light Commercial Vehicles",3,,
,"Unknown","Passenger Vehicles",0,,
,,"Light Commercial Vehicles",0,,
"6009","Diesel","Passenger Vehicles",2084,,
,,"Light Commercial Vehicles",587,,
,"Electric","Passenger Vehicles",23,,
,,"Light Commercial Vehicles",0,,
,"Petrol leaded","Passenger Vehicles",252,,
,,"Light Commercial Vehicles",31,,
,"Petrol unleaded","Passenger Vehicles",9858,,
,,"Light Commercial Vehicles",251,,
,"LPG/Other gases","Passenger Vehicles",45,,
,,"Light Commercial Vehicles",18,,
,"Dual fuel","Passenger Vehicles",0,,
,,"Light Commercial Vehicles",0,,
,"Other","Passenger Vehicles",3,,
,,"Light Commercial Vehicles",0,,
,"Unknown","Passenger Vehicles",0,,
,,"Light Commercial Vehicles",0,,
"6010","Diesel","Passenger Vehicles",2091,,
,,"Light Commercial Vehicles",700,,
,"Electric","Passenger Vehicles",13,,
,,"Light Commercial Vehicles",0,,
,"Petrol leaded","Passenger Vehicles",233,,
,,"Light Commercial Vehicles",47,,
,"Petrol unleaded","Passenger Vehicles",9172,,
,,"Light Commercial Vehicles",279,,
,"LPG/Other gases","Passenger Vehicles",54,,
,,"Light Commercial Vehicles",29,,
,"Dual fuel","Passenger Vehicles",0,,
,,"Light Commercial Vehicles",0,,
,"Other","Passenger Vehicles",0,,
,,"Light Commercial Vehicles",0,,
,"Unknown","Passenger Vehicles",0,,
,,"Light Commercial Vehicles",0,,
"6011","Diesel","Passenger Vehicles",1667,,
,,"Light Commercial Vehicles",590,,
,"Electric","Passenger Vehicles",15,,
,,"Light Commercial Vehicles",0,,
,"Petrol leaded","Passenger Vehicles",188,,
,,"Light Commercial Vehicles",45,,
,"Petrol unleaded","Passenger Vehicles",5243,,
,,"Light Commercial Vehicles",211,,
,"LPG/Other gases","Passenger Vehicles",34,,
,,"Light Commercial Vehicles",11,,
,"Dual fuel","Passenger Vehicles",0,,
,,"Light Commercial Vehicles",0,,
,"Other","Passenger Vehicles",0,,
,,"Light Commercial Vehicles",0,,
,"Unknown","Passenger Vehicles",0,,
,,"Light Commercial Vehicles",0,,
"6012","Diesel","Passenger Vehicles",1056,,
,,"Light Commercial Vehicles",384,,
,"Electric","Passenger Vehicles",6,,
,,"Light Commercial Vehicles",0,,
,"Petrol leaded","Passenger Vehicles",122,,
,,"Light Commercial Vehicles",32,,
,"Petrol unleaded","Passenger Vehicles",4505,,
,,"Light Commercial Vehicles",158,,
,"LPG/Other gases","Passenger Vehicles",25,,
,,"Light Commercial Vehicles",10,,
,"Dual fuel","Passenger Vehicles",0,,
,,"Light Commercial Vehicles",0,,
,"Other","Passenger Vehicles",0,,
,,"Light Commercial Vehicles",0,,
,"Unknown","Passenger Vehicles",0,,
,,"Light Commercial Vehicles",0,,
"6014","Diesel","Passenger Vehicles",1995,,
,,"Light Commercial Vehicles",776,,
,"Electric","Passenger Vehicles",12,,
,,"Light Commercial Vehicles",0,,
,"Petrol leaded","Passenger Vehicles",230,,
,,"Light Commercial Vehicles",28,,
,"Petrol unleaded","Passenger Vehicles",11148,,
,,"Light Commercial Vehicles",313,,
,"LPG/Other gases","Passenger Vehicles",74,,
,,"Light Commercial Vehicles",27,,
,"Dual fuel","Passenger Vehicles",0,,
,,"Light Commercial Vehicles",0,,
,"Other","Passenger Vehicles",3,,
,,"Light Commercial Vehicles",0,,
,"Unknown","Passenger Vehicles",0,,
,,"Light Commercial Vehicles",0,,
"6015","Diesel","Passenger Vehicles",918,,
,,"Light Commercial Vehicles",291,,
,"Electric","Passenger Vehicles",7,,
,,"Light Commercial Vehicles",0,,
,"Petrol leaded","Passenger Vehicles",121,,
,,"Light Commercial Vehicles",25,,
,"Petrol unleaded","Passenger Vehicles",3988,,
,,"Light Commercial Vehicles",114,,
,"LPG/Other gases","Passenger Vehicles",17,,
,,"Light Commercial Vehicles",8,,
,"Dual fuel","Passenger Vehicles",0,,
,,"Light Commercial Vehicles",0,,
,"Other","Passenger Vehicles",0,,
,,"Light Commercial Vehicles",0,,
,"Unknown","Passenger Vehicles",0,,
,,"Light Commercial Vehicles",0,,
"6016","Diesel","Passenger Vehicles",700,,
,,"Light Commercial Vehicles",372,,
,"Electric","Passenger Vehicles",3,,
,,"Light Commercial Vehicles",0,,
,"Petrol leaded","Passenger Vehicles",118,,
,,"Light Commercial Vehicles",28,,
,"Petrol unleaded","Passenger Vehicles",5345,,
,,"Light Commercial Vehicles",229,,
,"LPG/Other gases","Passenger Vehicles",63,,
,,"Light Commercial Vehicles",17,,
,"Dual fuel","Passenger Vehicles",0,,
,,"Light Commercial Vehicles",0,,
,"Other","Passenger Vehicles",0,,
,,"Light Commercial Vehicles",0,,
,"Unknown","Passenger Vehicles",0,,
,,"Light Commercial Vehicles",0,,
"6017","Diesel","Passenger Vehicles",1571,,
,,"Light Commercial Vehicles",3829,,
,"Electric","Passenger Vehicles",3,,
,,"Light Commercial Vehicles",0,,
,"Petrol leaded","Passenger Vehicles",75,,
,,"Light Commercial Vehicles",24,,
,"Petrol unleaded","Passenger Vehicles",7538,,
,,"Light Commercial Vehicles",985,,
,"LPG/Other gases","Passenger Vehicles",41,,
,,"Light Commercial Vehicles",54,,
,"Dual fuel","Passenger Vehicles",0,,
,,"Light Commercial Vehicles",0,,
,"Other","Passenger Vehicles",0,,
,,"Light Commercial Vehicles",3,,
,"Unknown","Passenger Vehicles",0,,
,,"Light Commercial Vehicles",0,,
"6018","Diesel","Passenger Vehicles",3269,,
,,"Light Commercial Vehicles",1843,,
,"Electric","Passenger Vehicles",16,,
,,"Light Commercial Vehicles",0,,
,"Petrol leaded","Passenger Vehicles",372,,
,,"Light Commercial Vehicles",64,,
,"Petrol unleaded","Passenger Vehicles",21665,,
,,"Light Commercial Vehicles",900,,
,"LPG/Other gases","Passenger Vehicles",182,,
,,"Light Commercial Vehicles",81,,
,"Dual fuel","Passenger Vehicles",0,,
,,"Light Commercial Vehicles",0,,
,"Other","Passenger Vehicles",4,,
,,"Light Commercial Vehicles",0,,
,"Unknown","Passenger Vehicles",0,,
,,"Light Commercial Vehicles",0,,
"6019","Diesel","Passenger Vehicles",1969,,
,,"Light Commercial Vehicles",1201,,
,"Electric","Passenger Vehicles",5,,
,,"Light Commercial Vehicles",0,,
,"Petrol leaded","Passenger Vehicles",207,,
,,"Light Commercial Vehicles",50,,
,"Petrol unleaded","Passenger Vehicles",12457,,
,,"Light Commercial Vehicles",532,,
,"LPG/Other gases","Passenger Vehicles",120,,
,,"Light Commercial Vehicles",59,,
,"Dual fuel","Passenger Vehicles",0,,
,,"Light Commercial Vehicles",0,,
,"Other","Passenger Vehicles",3,,
,,"Light Commercial Vehicles",3,,
,"Unknown","Passenger Vehicles",0,,
,,"Light Commercial Vehicles",0,,
"6020","Diesel","Passenger Vehicles",2430,,
,,"Light Commercial Vehicles",1223,,
,"Electric","Passenger Vehicles",11,,
,,"Light Commercial Vehicles",0,,
,"Petrol leaded","Passenger Vehicles",316,,
,,"Light Commercial Vehicles",50,,
,"Petrol unleaded","Passenger Vehicles",11312,,
,,"Light Commercial Vehicles",499,,
,"LPG/Other gases","Passenger Vehicles",127,,
,,"Light Commercial Vehicles",52,,
,"Dual fuel","Passenger Vehicles",0,,
,,"Light Commercial Vehicles",0,,
,"Other","Passenger Vehicles",5,,
,,"Light Commercial Vehicles",3,,
,"Unknown","Passenger Vehicles",0,,
,,"Light Commercial Vehicles",0,,
"6021","Diesel","Passenger Vehicles",2100,,
,,"Light Commercial Vehicles",3185,,
,"Electric","Passenger Vehicles",4,,
,,"Light Commercial Vehicles",0,,
,"Petrol leaded","Passenger Vehicles",327,,
,,"Light Commercial Vehicles",55,,
,"Petrol unleaded","Passenger Vehicles",13185,,
,,"Light Commercial Vehicles",1118,,
,"LPG/Other gases","Passenger Vehicles",130,,
,,"Light Commercial Vehicles",107,,
,"Dual fuel","Passenger Vehicles",0,,
,,"Light Commercial Vehicles",0,,
,"Other","Passenger Vehicles",0,,
,,"Light Commercial Vehicles",3,,
,"Unknown","Passenger Vehicles",0,,
,,"Light Commercial Vehicles",0,,
"6022","Diesel","Passenger Vehicles",374,,
,,"Light Commercial Vehicles",322,,
,"Electric","Passenger Vehicles",3,,
,,"Light Commercial Vehicles",0,,
,"Petrol leaded","Passenger Vehicles",84,,
,,"Light Commercial Vehicles",21,,
,"Petrol unleaded","Passenger Vehicles",2835,,
,,"Light Commercial Vehicles",176,,
,"LPG/Other gases","Passenger Vehicles",55,,
,,"Light Commercial Vehicles",30,,
,"Dual fuel","Passenger Vehicles",0,,
,,"Light Commercial Vehicles",0,,
,"Other","Passenger Vehicles",0,,
,,"Light Commercial Vehicles",3,,
,"Unknown","Passenger Vehicles",0,,
,,"Light Commercial Vehicles",0,,
"6023","Diesel","Passenger Vehicles",1478,,
,,"Light Commercial Vehicles",893,,
,"Electric","Passenger Vehicles",3,,
,,"Light Commercial Vehicles",0,,
,"Petrol leaded","Passenger Vehicles",231,,
,,"Light Commercial Vehicles",33,,
,"Petrol unleaded","Passenger Vehicles",8485,,
,,"Light Commercial Vehicles",384,,
,"LPG/Other gases","Passenger Vehicles",87,,
,,"Light Commercial Vehicles",32,,
,"Dual fuel","Passenger Vehicles",0,,
,,"Light Commercial Vehicles",0,,
,"Other","Passenger Vehicles",3,,
,,"Light Commercial Vehicles",0,,
,"Unknown","Passenger Vehicles",0,,
,,"Light Commercial Vehicles",0,,
"6024","Diesel","Passenger Vehicles",967,,
,,"Light Commercial Vehicles",835,,
,"Electric","Passenger Vehicles",3,,
,,"Light Commercial Vehicles",0,,
,"Petrol leaded","Passenger Vehicles",178,,
,,"Light Commercial Vehicles",29,,
,"Petrol unleaded","Passenger Vehicles",7462,,
,,"Light Commercial Vehicles",501,,
,"LPG/Other gases","Passenger Vehicles",106,,
,,"Light Commercial Vehicles",51,,
,"Dual fuel","Passenger Vehicles",0,,
,,"Light Commercial Vehicles",0,,
,"Other","Passenger Vehicles",3,,
,,"Light Commercial Vehicles",0,,
,"Unknown","Passenger Vehicles",0,,
,,"Light Commercial Vehicles",0,,
"6025","Diesel","Passenger Vehicles",2874,,
,,"Light Commercial Vehicles",2119,,
,"Electric","Passenger Vehicles",12,,
,,"Light Commercial Vehicles",0,,
,"Petrol leaded","Passenger Vehicles",373,,
,,"Light Commercial Vehicles",74,,
,"Petrol unleaded","Passenger Vehicles",16690,,
,,"Light Commercial Vehicles",1012,,
,"LPG/Other gases","Passenger Vehicles",235,,
,,"Light Commercial Vehicles",107,,
,"Dual fuel","Passenger Vehicles",0,,
,,"Light Commercial Vehicles",0,,
,"Other","Passenger Vehicles",3,,
,,"Light Commercial Vehicles",0,,
,"Unknown","Passenger Vehicles",0,,
,,"Light Commercial Vehicles",0,,
"6026","Diesel","Passenger Vehicles",1821,,
,,"Light Commercial Vehicles",1319,,
,"Electric","Passenger Vehicles",5,,
,,"Light Commercial Vehicles",0,,
,"Petrol leaded","Passenger Vehicles",299,,
,,"Light Commercial Vehicles",65,,
,"Petrol unleaded","Passenger Vehicles",12615,,
,,"Light Commercial Vehicles",708,,
,"LPG/Other gases","Passenger Vehicles",136,,
,,"Light Commercial Vehicles",52,,
,"Dual fuel","Passenger Vehicles",0,,
,,"Light Commercial Vehicles",0,,
,"Other","Passenger Vehicles",5,,
,,"Light Commercial Vehicles",0,,
,"Unknown","Passenger Vehicles",0,,
,,"Light Commercial Vehicles",0,,
"6027","Diesel","Passenger Vehicles",3647,,
,,"Light Commercial Vehicles",3188,,
,"Electric","Passenger Vehicles",7,,
,,"Light Commercial Vehicles",3,,
,"Petrol leaded","Passenger Vehicles",461,,
,,"Light Commercial Vehicles",114,,
,"Petrol unleaded","Passenger Vehicles",22948,,
,,"Light Commercial Vehicles",1650,,
,"LPG/Other gases","Passenger Vehicles",361,,
,,"Light Commercial Vehicles",147,,
,"Dual fuel","Passenger Vehicles",0,,
,,"Light Commercial Vehicles",0,,
,"Other","Passenger Vehicles",4,,
,,"Light Commercial Vehicles",0,,
,"Unknown","Passenger Vehicles",3,,
,,"Light Commercial Vehicles",0,,
"6028","Diesel","Passenger Vehicles",1554,,
,,"Light Commercial Vehicles",1206,,
,"Electric","Passenger Vehicles",3,,
,,"Light Commercial Vehicles",0,,
,"Petrol leaded","Passenger Vehicles",152,,
,,"Light Commercial Vehicles",24,,
,"Petrol unleaded","Passenger Vehicles",10627,,
,,"Light Commercial Vehicles",576,,
,"LPG/Other gases","Passenger Vehicles",113,,
,,"Light Commercial Vehicles",25,,
,"Dual fuel","Passenger Vehicles",0,,
,,"Light Commercial Vehicles",0,,
,"Other","Passenger Vehicles",3,,
,,"Light Commercial Vehicles",0,,
,"Unknown","Passenger Vehicles",0,,
,,"Light Commercial Vehicles",0,,
"6029","Diesel","Passenger Vehicles",425,,
,,"Light Commercial Vehicles",169,,
,"Electric","Passenger Vehicles",0,,
,,"Light Commercial Vehicles",0,,
,"Petrol leaded","Passenger Vehicles",47,,
,,"Light Commercial Vehicles",6,,
,"Petrol unleaded","Passenger Vehicles",1597,,
,,"Light Commercial Vehicles",78,,
,"LPG/Other gases","Passenger Vehicles",18,,
,,"Light Commercial Vehicles",8,,
,"Dual fuel","Passenger Vehicles",0,,
,,"Light Commercial Vehicles",0,,
,"Other","Passenger Vehicles",0,,
,,"Light Commercial Vehicles",0,,
,"Unknown","Passenger Vehicles",0,,
,,"Light Commercial Vehicles",0,,
"6030","Diesel","Passenger Vehicles",2678,,
,,"Light Commercial Vehicles",2592,,
,"Electric","Passenger Vehicles",14,,
,,"Light Commercial Vehicles",0,,
,"Petrol leaded","Passenger Vehicles",303,,
,,"Light Commercial Vehicles",75,,
,"Petrol unleaded","Passenger Vehicles",19835,,
,,"Light Commercial Vehicles",1812,,
,"LPG/Other gases","Passenger Vehicles",340,,
,,"Light Commercial Vehicles",118,,
,"Dual fuel","Passenger Vehicles",0,,
,,"Light Commercial Vehicles",0,,
,"Other","Passenger Vehicles",3,,
,,"Light Commercial Vehicles",3,,
,"Unknown","Passenger Vehicles",0,,
,,"Light Commercial Vehicles",0,,
"6031","Diesel","Passenger Vehicles",1177,,
,,"Light Commercial Vehicles",1076,,
,"Electric","Passenger Vehicles",3,,
,,"Light Commercial Vehicles",0,,
,"Petrol leaded","Passenger Vehicles",129,,
,,"Light Commercial Vehicles",28,,
,"Petrol unleaded","Passenger Vehicles",8700,,
,,"Light Commercial Vehicles",526,,
,"LPG/Other gases","Passenger Vehicles",128,,
,,"Light Commercial Vehicles",51,,
,"Dual fuel","Passenger Vehicles",0,,
,,"Light Commercial Vehicles",0,,
,"Other","Passenger Vehicles",0,,
,,"Light Commercial Vehicles",0,,
,"Unknown","Passenger Vehicles",0,,
,,"Light Commercial Vehicles",0,,
"6032","Diesel","Passenger Vehicles",29,,
,,"Light Commercial Vehicles",64,,
,"Electric","Passenger Vehicles",0,,
,,"Light Commercial Vehicles",0,,
,"Petrol leaded","Passenger Vehicles",6,,
,,"Light Commercial Vehicles",0,,
,"Petrol unleaded","Passenger Vehicles",101,,
,,"Light Commercial Vehicles",12,,
,"LPG/Other gases","Passenger Vehicles",0,,
,,"Light Commercial Vehicles",3,,
,"Dual fuel","Passenger Vehicles",0,,
,,"Light Commercial Vehicles",0,,
,"Other","Passenger Vehicles",0,,
,,"Light Commercial Vehicles",0,,
,"Unknown","Passenger Vehicles",0,,
,,"Light Commercial Vehicles",0,,
"6033","Diesel","Passenger Vehicles",86,,
,,"Light Commercial Vehicles",122,,
,"Electric","Passenger Vehicles",0,,
,,"Light Commercial Vehicles",0,,
,"Petrol leaded","Passenger Vehicles",17,,
,,"Light Commercial Vehicles",3,,
,"Petrol unleaded","Passenger Vehicles",260,,
,,"Light Commercial Vehicles",55,,
,"LPG/Other gases","Passenger Vehicles",9,,
,,"Light Commercial Vehicles",5,,
,"Dual fuel","Passenger Vehicles",0,,
,,"Light Commercial Vehicles",0,,
,"Other","Passenger Vehicles",0,,
,,"Light Commercial Vehicles",0,,
,"Unknown","Passenger Vehicles",0,,
,,"Light Commercial Vehicles",0,,
"6034","Diesel","Passenger Vehicles",158,,
,,"Light Commercial Vehicles",161,,
,"Electric","Passenger Vehicles",0,,
,,"Light Commercial Vehicles",0,,
,"Petrol leaded","Passenger Vehicles",6,,
,,"Light Commercial Vehicles",3,,
,"Petrol unleaded","Passenger Vehicles",1256,,
,,"Light Commercial Vehicles",59,,
,"LPG/Other gases","Passenger Vehicles",16,,
,,"Light Commercial Vehicles",4,,
,"Dual fuel","Passenger Vehicles",0,,
,,"Light Commercial Vehicles",0,,
,"Other","Passenger Vehicles",0,,
,,"Light Commercial Vehicles",0,,
,"Unknown","Passenger Vehicles",0,,
,,"Light Commercial Vehicles",0,,
"6035","Diesel","Passenger Vehicles",780,,
,,"Light Commercial Vehicles",843,,
,"Electric","Passenger Vehicles",0,,
,,"Light Commercial Vehicles",0,,
,"Petrol leaded","Passenger Vehicles",66,,
,,"Light Commercial Vehicles",26,,
,"Petrol unleaded","Passenger Vehicles",4444,,
,,"Light Commercial Vehicles",361,,
,"LPG/Other gases","Passenger Vehicles",90,,
,,"Light Commercial Vehicles",27,,
,"Dual fuel","Passenger Vehicles",0,,
,,"Light Commercial Vehicles",0,,
,"Other","Passenger Vehicles",0,,
,,"Light Commercial Vehicles",3,,
,"Unknown","Passenger Vehicles",0,,
,,"Light Commercial Vehicles",0,,
"6036","Diesel","Passenger Vehicles",961,,
,,"Light Commercial Vehicles",862,,
,"Electric","Passenger Vehicles",3,,
,,"Light Commercial Vehicles",0,,
,"Petrol leaded","Passenger Vehicles",56,,
,,"Light Commercial Vehicles",11,,
,"Petrol unleaded","Passenger Vehicles",7640,,
,,"Light Commercial Vehicles",384,,
,"LPG/Other gases","Passenger Vehicles",96,,
,,"Light Commercial Vehicles",28,,
,"Dual fuel","Passenger Vehicles",3,,
,,"Light Commercial Vehicles",0,,
,"Other","Passenger Vehicles",3,,
,,"Light Commercial Vehicles",0,,
,"Unknown","Passenger Vehicles",0,,
,,"Light Commercial Vehicles",0,,
"6037","Diesel","Passenger Vehicles",385,,
,,"Light Commercial Vehicles",403,,
,"Electric","Passenger Vehicles",0,,
,,"Light Commercial Vehicles",0,,
,"Petrol leaded","Passenger Vehicles",57,,
,,"Light Commercial Vehicles",16,,
,"Petrol unleaded","Passenger Vehicles",1525,,
,,"Light Commercial Vehicles",169,,
,"LPG/Other gases","Passenger Vehicles",40,,
,,"Light Commercial Vehicles",14,,
,"Dual fuel","Passenger Vehicles",0,,
,,"Light Commercial Vehicles",0,,
,"Other","Passenger Vehicles",0,,
,,"Light Commercial Vehicles",0,,
,"Unknown","Passenger Vehicles",0,,
,,"Light Commercial Vehicles",0,,
"6038","Diesel","Passenger Vehicles",478,,
,,"Light Commercial Vehicles",488,,
,"Electric","Passenger Vehicles",3,,
,,"Light Commercial Vehicles",0,,
,"Petrol leaded","Passenger Vehicles",25,,
,,"Light Commercial Vehicles",7,,
,"Petrol unleaded","Passenger Vehicles",3800,,
,,"Light Commercial Vehicles",175,,
,"LPG/Other gases","Passenger Vehicles",27,,
,,"Light Commercial Vehicles",9,,
,"Dual fuel","Passenger Vehicles",0,,
,,"Light Commercial Vehicles",0,,
,"Other","Passenger Vehicles",0,,
,,"Light Commercial Vehicles",0,,
,"Unknown","Passenger Vehicles",0,,
,,"Light Commercial Vehicles",0,,
"6041","Diesel","Passenger Vehicles",144,,
,,"Light Commercial Vehicles",155,,
,"Electric","Passenger Vehicles",0,,
,,"Light Commercial Vehicles",0,,
,"Petrol leaded","Passenger Vehicles",28,,
,,"Light Commercial Vehicles",13,,
,"Petrol unleaded","Passenger Vehicles",444,,
,,"Light Commercial Vehicles",61,,
,"LPG/Other gases","Passenger Vehicles",19,,
,,"Light Commercial Vehicles",5,,
,"Dual fuel","Passenger Vehicles",0,,
,,"Light Commercial Vehicles",0,,
,"Other","Passenger Vehicles",0,,
,,"Light Commercial Vehicles",0,,
,"Unknown","Passenger Vehicles",0,,
,,"Light Commercial Vehicles",0,,
"6042","Diesel","Passenger Vehicles",101,,
,,"Light Commercial Vehicles",127,,
,"Electric","Passenger Vehicles",0,,
,,"Light Commercial Vehicles",0,,
,"Petrol leaded","Passenger Vehicles",27,,
,,"Light Commercial Vehicles",9,,
,"Petrol unleaded","Passenger Vehicles",402,,
,,"Light Commercial Vehicles",61,,
,"LPG/Other gases","Passenger Vehicles",27,,
,,"Light Commercial Vehicles",7,,
,"Dual fuel","Passenger Vehicles",0,,
,,"Light Commercial Vehicles",0,,
,"Other","Passenger Vehicles",0,,
,,"Light Commercial Vehicles",0,,
,"Unknown","Passenger Vehicles",0,,
,,"Light Commercial Vehicles",0,,
"6043","Diesel","Passenger Vehicles",46,,
,,"Light Commercial Vehicles",70,,
,"Electric","Passenger Vehicles",0,,
,,"Light Commercial Vehicles",0,,
,"Petrol leaded","Passenger Vehicles",12,,
,,"Light Commercial Vehicles",6,,
,"Petrol unleaded","Passenger Vehicles",109,,
,,"Light Commercial Vehicles",25,,
,"LPG/Other gases","Passenger Vehicles",9,,
,,"Light Commercial Vehicles",3,,
,"Dual fuel","Passenger Vehicles",0,,
,,"Light Commercial Vehicles",0,,
,"Other","Passenger Vehicles",0,,
,,"Light Commercial Vehicles",0,,
,"Unknown","Passenger Vehicles",0,,
,,"Light Commercial Vehicles",0,,
"6044","Diesel","Passenger Vehicles",197,,
,,"Light Commercial Vehicles",276,,
,"Electric","Passenger Vehicles",0,,
,,"Light Commercial Vehicles",0,,
,"Petrol leaded","Passenger Vehicles",29,,
,,"Light Commercial Vehicles",10,,
,"Petrol unleaded","Passenger Vehicles",628,,
,,"Light Commercial Vehicles",93,,
,"LPG/Other gases","Passenger Vehicles",23,,
,,"Light Commercial Vehicles",10,,
,"Dual fuel","Passenger Vehicles",0,,
,,"Light Commercial Vehicles",0,,
,"Other","Passenger Vehicles",3,,
,,"Light Commercial Vehicles",0,,
,"Unknown","Passenger Vehicles",0,,
,,"Light Commercial Vehicles",0,,
"6050","Diesel","Passenger Vehicles",1201,,
,,"Light Commercial Vehicles",498,,
,"Electric","Passenger Vehicles",8,,
,,"Light Commercial Vehicles",0,,
,"Petrol leaded","Passenger Vehicles",301,,
,,"Light Commercial Vehicles",44,,
,"Petrol unleaded","Passenger Vehicles",8090,,
,,"Light Commercial Vehicles",360,,
,"LPG/Other gases","Passenger Vehicles",59,,
,,"Light Commercial Vehicles",25,,
,"Dual fuel","Passenger Vehicles",0,,
,,"Light Commercial Vehicles",0,,
,"Other","Passenger Vehicles",0,,
,,"Light Commercial Vehicles",3,,
,"Unknown","Passenger Vehicles",0,,
,,"Light Commercial Vehicles",0,,
"6051","Diesel","Passenger Vehicles",839,,
,,"Light Commercial Vehicles",860,,
,"Electric","Passenger Vehicles",3,,
,,"Light Commercial Vehicles",0,,
,"Petrol leaded","Passenger Vehicles",92,,
,,"Light Commercial Vehicles",13,,
,"Petrol unleaded","Passenger Vehicles",7405,,
,,"Light Commercial Vehicles",334,,
,"LPG/Other gases","Passenger Vehicles",99,,
,,"Light Commercial Vehicles",29,,
,"Dual fuel","Passenger Vehicles",0,,
,,"Light Commercial Vehicles",0,,
,"Other","Passenger Vehicles",0,,
,,"Light Commercial Vehicles",0,,
,"Unknown","Passenger Vehicles",0,,
,,"Light Commercial Vehicles",0,,
"6052","Diesel","Passenger Vehicles",701,,
,,"Light Commercial Vehicles",414,,
,"Electric","Passenger Vehicles",3,,
,,"Light Commercial Vehicles",0,,
,"Petrol leaded","Passenger Vehicles",147,,
,,"Light Commercial Vehicles",28,,
,"Petrol unleaded","Passenger Vehicles",6092,,
,,"Light Commercial Vehicles",303,,
,"LPG/Other gases","Passenger Vehicles",43,,
,,"Light Commercial Vehicles",32,,
,"Dual fuel","Passenger Vehicles",0,,
,,"Light Commercial Vehicles",0,,
,"Other","Passenger Vehicles",3,,
,,"Light Commercial Vehicles",0,,
,"Unknown","Passenger Vehicles",0,,
,,"Light Commercial Vehicles",0,,
"6053","Diesel","Passenger Vehicles",1087,,
,,"Light Commercial Vehicles",1214,,
,"Electric","Passenger Vehicles",3,,
,,"Light Commercial Vehicles",0,,
,"Petrol leaded","Passenger Vehicles",208,,
,,"Light Commercial Vehicles",44,,
,"Petrol unleaded","Passenger Vehicles",9717,,
,,"Light Commercial Vehicles",784,,
,"LPG/Other gases","Passenger Vehicles",188,,
,,"Light Commercial Vehicles",108,,
,"Dual fuel","Passenger Vehicles",0,,
,,"Light Commercial Vehicles",0,,
,"Other","Passenger Vehicles",5,,
,,"Light Commercial Vehicles",3,,
,"Unknown","Passenger Vehicles",0,,
,,"Light Commercial Vehicles",0,,
"6054","Diesel","Passenger Vehicles",1628,,
,,"Light Commercial Vehicles",2627,,
,"Electric","Passenger Vehicles",11,,
,,"Light Commercial Vehicles",0,,
,"Petrol leaded","Passenger Vehicles",320,,
,,"Light Commercial Vehicles",94,,
,"Petrol unleaded","Passenger Vehicles",11686,,
,,"Light Commercial Vehicles",866,,
,"LPG/Other gases","Passenger Vehicles",167,,
,,"Light Commercial Vehicles",109,,
,"Dual fuel","Passenger Vehicles",0,,
,,"Light Commercial Vehicles",0,,
,"Other","Passenger Vehicles",5,,
,,"Light Commercial Vehicles",0,,
,"Unknown","Passenger Vehicles",0,,
,,"Light Commercial Vehicles",0,,
"6055","Diesel","Passenger Vehicles",1515,,
,,"Light Commercial Vehicles",1823,,
,"Electric","Passenger Vehicles",9,,
,,"Light Commercial Vehicles",0,,
,"Petrol leaded","Passenger Vehicles",346,,
,,"Light Commercial Vehicles",84,,
,"Petrol unleaded","Passenger Vehicles",8349,,
,,"Light Commercial Vehicles",756,,
,"LPG/Other gases","Passenger Vehicles",145,,
,,"Light Commercial Vehicles",71,,
,"Dual fuel","Passenger Vehicles",0,,
,,"Light Commercial Vehicles",0,,
,"Other","Passenger Vehicles",3,,
,,"Light Commercial Vehicles",0,,
,"Unknown","Passenger Vehicles",0,,
,,"Light Commercial Vehicles",0,,
"6056","Diesel","Passenger Vehicles",3498,,
,,"Light Commercial Vehicles",3844,,
,"Electric","Passenger Vehicles",15,,
,,"Light Commercial Vehicles",0,,
,"Petrol leaded","Passenger Vehicles",833,,
,,"Light Commercial Vehicles",226,,
,"Petrol unleaded","Passenger Vehicles",21435,,
,,"Light Commercial Vehicles",2230,,
,"LPG/Other gases","Passenger Vehicles",428,,
,,"Light Commercial Vehicles",273,,
,"Dual fuel","Passenger Vehicles",0,,
,,"Light Commercial Vehicles",0,,
,"Other","Passenger Vehicles",3,,
,,"Light Commercial Vehicles",5,,
,"Unknown","Passenger Vehicles",0,,
,,"Light Commercial Vehicles",0,,
"6057","Diesel","Passenger Vehicles",1402,,
,,"Light Commercial Vehicles",1522,,
,"Electric","Passenger Vehicles",0,,
,,"Light Commercial Vehicles",0,,
,"Petrol leaded","Passenger Vehicles",369,,
,,"Light Commercial Vehicles",95,,
,"Petrol unleaded","Passenger Vehicles",8787,,
,,"Light Commercial Vehicles",854,,
,"LPG/Other gases","Passenger Vehicles",171,,
,,"Light Commercial Vehicles",107,,
,"Dual fuel","Passenger Vehicles",0,,
,,"Light Commercial Vehicles",0,,
,"Other","Passenger Vehicles",3,,
,,"Light Commercial Vehicles",3,,
,"Unknown","Passenger Vehicles",0,,
,,"Light Commercial Vehicles",0,,
"6058","Diesel","Passenger Vehicles",949,,
,,"Light Commercial Vehicles",1364,,
,"Electric","Passenger Vehicles",5,,
,,"Light Commercial Vehicles",0,,
,"Petrol leaded","Passenger Vehicles",225,,
,,"Light Commercial Vehicles",53,,
,"Petrol unleaded","Passenger Vehicles",7065,,
,,"Light Commercial Vehicles",654,,
,"LPG/Other gases","Passenger Vehicles",132,,
,,"Light Commercial Vehicles",69,,
,"Dual fuel","Passenger Vehicles",0,,
,,"Light Commercial Vehicles",0,,
,"Other","Passenger Vehicles",0,,
,,"Light Commercial Vehicles",0,,
,"Unknown","Passenger Vehicles",0,,
,,"Light Commercial Vehicles",0,,
"6059","Diesel","Passenger Vehicles",1406,,
,,"Light Commercial Vehicles",1020,,
,"Electric","Passenger Vehicles",3,,
,,"Light Commercial Vehicles",0,,
,"Petrol leaded","Passenger Vehicles",273,,
,,"Light Commercial Vehicles",45,,
,"Petrol unleaded","Passenger Vehicles",13742,,
,,"Light Commercial Vehicles",600,,
,"LPG/Other gases","Passenger Vehicles",143,,
,,"Light Commercial Vehicles",66,,
,"Dual fuel","Passenger Vehicles",0,,
,,"Light Commercial Vehicles",0,,
,"Other","Passenger Vehicles",0,,
,,"Light Commercial Vehicles",3,,
,"Unknown","Passenger Vehicles",0,,
,,"Light Commercial Vehicles",0,,
"6060","Diesel","Passenger Vehicles",1170,,
,,"Light Commercial Vehicles",832,,
,"Electric","Passenger Vehicles",7,,
,,"Light Commercial Vehicles",0,,
,"Petrol leaded","Passenger Vehicles",209,,
,,"Light Commercial Vehicles",43,,
,"Petrol unleaded","Passenger Vehicles",13341,,
,,"Light Commercial Vehicles",548,,
,"LPG/Other gases","Passenger Vehicles",146,,
,,"Light Commercial Vehicles",62,,
,"Dual fuel","Passenger Vehicles",0,,
,,"Light Commercial Vehicles",0,,
,"Other","Passenger Vehicles",6,,
,,"Light Commercial Vehicles",3,,
,"Unknown","Passenger Vehicles",0,,
,,"Light Commercial Vehicles",0,,
"6061","Diesel","Passenger Vehicles",1274,,
,,"Light Commercial Vehicles",1246,,
,"Electric","Passenger Vehicles",5,,
,,"Light Commercial Vehicles",3,,
,"Petrol leaded","Passenger Vehicles",210,,
,,"Light Commercial Vehicles",65,,
,"Petrol unleaded","Passenger Vehicles",21188,,
,,"Light Commercial Vehicles",970,,
,"LPG/Other gases","Passenger Vehicles",427,,
,,"Light Commercial Vehicles",118,,
,"Dual fuel","Passenger Vehicles",0,,
,,"Light Commercial Vehicles",0,,
,"Other","Passenger Vehicles",3,,
,,"Light Commercial Vehicles",0,,
,"Unknown","Passenger Vehicles",0,,
,,"Light Commercial Vehicles",0,,
"6062","Diesel","Passenger Vehicles",1840,,
,,"Light Commercial Vehicles",1816,,
,"Electric","Passenger Vehicles",9,,
,,"Light Commercial Vehicles",0,,
,"Petrol leaded","Passenger Vehicles",433,,
,,"Light Commercial Vehicles",105,,
,"Petrol unleaded","Passenger Vehicles",19408,,
,,"Light Commercial Vehicles",1169,,
,"LPG/Other gases","Passenger Vehicles",353,,
,,"Light Commercial Vehicles",109,,
,"Dual fuel","Passenger Vehicles",0,,
,,"Light Commercial Vehicles",0,,
,"Other","Passenger Vehicles",3,,
,,"Light Commercial Vehicles",3,,
,"Unknown","Passenger Vehicles",0,,
,,"Light Commercial Vehicles",0,,
"6063","Diesel","Passenger Vehicles",528,,
,,"Light Commercial Vehicles",552,,
,"Electric","Passenger Vehicles",0,,
,,"Light Commercial Vehicles",0,,
,"Petrol leaded","Passenger Vehicles",117,,
,,"Light Commercial Vehicles",26,,
,"Petrol unleaded","Passenger Vehicles",6046,,
,,"Light Commercial Vehicles",439,,
,"LPG/Other gases","Passenger Vehicles",118,,
,,"Light Commercial Vehicles",48,,
,"Dual fuel","Passenger Vehicles",0,,
,,"Light Commercial Vehicles",0,,
,"Other","Passenger Vehicles",3,,
,,"Light Commercial Vehicles",0,,
,"Unknown","Passenger Vehicles",0,,
,,"Light Commercial Vehicles",0,,
"6064","Diesel","Passenger Vehicles",951,,
,,"Light Commercial Vehicles",1087,,
,"Electric","Passenger Vehicles",4,,
,,"Light Commercial Vehicles",0,,
,"Petrol leaded","Passenger Vehicles",239,,
,,"Light Commercial Vehicles",71,,
,"Petrol unleaded","Passenger Vehicles",11971,,
,,"Light Commercial Vehicles",817,,
,"LPG/Other gases","Passenger Vehicles",282,,
,,"Light Commercial Vehicles",87,,
,"Dual fuel","Passenger Vehicles",0,,
,,"Light Commercial Vehicles",0,,
,"Other","Passenger Vehicles",0,,
,,"Light Commercial Vehicles",0,,
,"Unknown","Passenger Vehicles",3,,
,,"Light Commercial Vehicles",0,,
"6065","Diesel","Passenger Vehicles",5969,,
,,"Light Commercial Vehicles",7265,,
,"Electric","Passenger Vehicles",18,,
,,"Light Commercial Vehicles",0,,
,"Petrol leaded","Passenger Vehicles",802,,
,,"Light Commercial Vehicles",167,,
,"Petrol unleaded","Passenger Vehicles",38618,,
,,"Light Commercial Vehicles",3156,,
,"LPG/Other gases","Passenger Vehicles",558,,
,,"Light Commercial Vehicles",280,,
,"Dual fuel","Passenger Vehicles",0,,
,,"Light Commercial Vehicles",0,,
,"Other","Passenger Vehicles",3,,
,,"Light Commercial Vehicles",3,,
,"Unknown","Passenger Vehicles",0,,
,,"Light Commercial Vehicles",0,,
"6066","Diesel","Passenger Vehicles",1079,,
,,"Light Commercial Vehicles",975,,
,"Electric","Passenger Vehicles",5,,
,,"Light Commercial Vehicles",0,,
,"Petrol leaded","Passenger Vehicles",221,,
,,"Light Commercial Vehicles",55,,
,"Petrol unleaded","Passenger Vehicles",10353,,
,,"Light Commercial Vehicles",698,,
,"LPG/Other gases","Passenger Vehicles",196,,
,,"Light Commercial Vehicles",73,,
,"Dual fuel","Passenger Vehicles",0,,
,,"Light Commercial Vehicles",0,,
,"Other","Passenger Vehicles",0,,
,,"Light Commercial Vehicles",0,,
,"Unknown","Passenger Vehicles",0,,
,,"Light Commercial Vehicles",0,,
"6067","Diesel","Passenger Vehicles",0,,
,,"Light Commercial Vehicles",0,,
,"Electric","Passenger Vehicles",0,,
,,"Light Commercial Vehicles",0,,
,"Petrol leaded","Passenger Vehicles",0,,
,,"Light Commercial Vehicles",0,,
,"Petrol unleaded","Passenger Vehicles",8,,
,,"Light Commercial Vehicles",0,,
,"LPG/Other gases","Passenger Vehicles",0,,
,,"Light Commercial Vehicles",0,,
,"Dual fuel","Passenger Vehicles",0,,
,,"Light Commercial Vehicles",0,,
,"Other","Passenger Vehicles",0,,
,,"Light Commercial Vehicles",0,,
,"Unknown","Passenger Vehicles",0,,
,,"Light Commercial Vehicles",0,,
"6068","Diesel","Passenger Vehicles",12,,
,,"Light Commercial Vehicles",25,,
,"Electric","Passenger Vehicles",0,,
,,"Light Commercial Vehicles",0,,
,"Petrol leaded","Passenger Vehicles",16,,
,,"Light Commercial Vehicles",0,,
,"Petrol unleaded","Passenger Vehicles",5,,
,,"Light Commercial Vehicles",3,,
,"LPG/Other gases","Passenger Vehicles",0,,
,,"Light Commercial Vehicles",0,,
,"Dual fuel","Passenger Vehicles",0,,
,,"Light Commercial Vehicles",0,,
,"Other","Passenger Vehicles",0,,
,,"Light Commercial Vehicles",0,,
,"Unknown","Passenger Vehicles",0,,
,,"Light Commercial Vehicles",0,,
"6069","Diesel","Passenger Vehicles",2264,,
,,"Light Commercial Vehicles",1958,,
,"Electric","Passenger Vehicles",9,,
,,"Light Commercial Vehicles",0,,
,"Petrol leaded","Passenger Vehicles",331,,
,,"Light Commercial Vehicles",67,,
,"Petrol unleaded","Passenger Vehicles",14686,,
,,"Light Commercial Vehicles",945,,
,"LPG/Other gases","Passenger Vehicles",183,,
,,"Light Commercial Vehicles",96,,
,"Dual fuel","Passenger Vehicles",0,,
,,"Light Commercial Vehicles",0,,
,"Other","Passenger Vehicles",4,,
,,"Light Commercial Vehicles",0,,
,"Unknown","Passenger Vehicles",0,,
,,"Light Commercial Vehicles",0,,
"6070","Diesel","Passenger Vehicles",445,,
,,"Light Commercial Vehicles",277,,
,"Electric","Passenger Vehicles",5,,
,,"Light Commercial Vehicles",0,,
,"Petrol leaded","Passenger Vehicles",105,,
,,"Light Commercial Vehicles",21,,
,"Petrol unleaded","Passenger Vehicles",2019,,
,,"Light Commercial Vehicles",177,,
,"LPG/Other gases","Passenger Vehicles",37,,
,,"Light Commercial Vehicles",23,,
,"Dual fuel","Passenger Vehicles",0,,
,,"Light Commercial Vehicles",0,,
,"Other","Passenger Vehicles",3,,
,,"Light Commercial Vehicles",0,,
,"Unknown","Passenger Vehicles",0,,
,,"Light Commercial Vehicles",0,,
"6071","Diesel","Passenger Vehicles",388,,
,,"Light Commercial Vehicles",386,,
,"Electric","Passenger Vehicles",0,,
,,"Light Commercial Vehicles",0,,
,"Petrol leaded","Passenger Vehicles",127,,
,,"Light Commercial Vehicles",37,,
,"Petrol unleaded","Passenger Vehicles",1921,,
,,"Light Commercial Vehicles",214,,
,"LPG/Other gases","Passenger Vehicles",29,,
,,"Light Commercial Vehicles",22,,
,"Dual fuel","Passenger Vehicles",0,,
,,"Light Commercial Vehicles",0,,
,"Other","Passenger Vehicles",0,,
,,"Light Commercial Vehicles",3,,
,"Unknown","Passenger Vehicles",0,,
,,"Light Commercial Vehicles",0,,
"6072","Diesel","Passenger Vehicles",113,,
,,"Light Commercial Vehicles",105,,
,"Electric","Passenger Vehicles",0,,
,,"Light Commercial Vehicles",0,,
,"Petrol leaded","Passenger Vehicles",26,,
,,"Light Commercial Vehicles",12,,
,"Petrol unleaded","Passenger Vehicles",452,,
,,"Light Commercial Vehicles",60,,
,"LPG/Other gases","Passenger Vehicles",22,,
,,"Light Commercial Vehicles",7,,
,"Dual fuel","Passenger Vehicles",0,,
,,"Light Commercial Vehicles",0,,
,"Other","Passenger Vehicles",0,,
,,"Light Commercial Vehicles",0,,
,"Unknown","Passenger Vehicles",0,,
,,"Light Commercial Vehicles",0,,
"6073","Diesel","Passenger Vehicles",387,,
,,"Light Commercial Vehicles",398,,
,"Electric","Passenger Vehicles",0,,
,,"Light Commercial Vehicles",0,,
,"Petrol leaded","Passenger Vehicles",90,,
,,"Light Commercial Vehicles",39,,
,"Petrol unleaded","Passenger Vehicles",1718,,
,,"Light Commercial Vehicles",194,,
,"LPG/Other gases","Passenger Vehicles",36,,
,,"Light Commercial Vehicles",26,,
,"Dual fuel","Passenger Vehicles",0,,
,,"Light Commercial Vehicles",0,,
,"Other","Passenger Vehicles",0,,
,,"Light Commercial Vehicles",0,,
,"Unknown","Passenger Vehicles",0,,
,,"Light Commercial Vehicles",0,,
"6074","Diesel","Passenger Vehicles",118,,
,,"Light Commercial Vehicles",138,,
,"Electric","Passenger Vehicles",3,,
,,"Light Commercial Vehicles",0,,
,"Petrol leaded","Passenger Vehicles",50,,
,,"Light Commercial Vehicles",16,,
,"Petrol unleaded","Passenger Vehicles",513,,
,,"Light Commercial Vehicles",99,,
,"LPG/Other gases","Passenger Vehicles",16,,
,,"Light Commercial Vehicles",14,,
,"Dual fuel","Passenger Vehicles",0,,
,,"Light Commercial Vehicles",0,,
,"Other","Passenger Vehicles",0,,
,,"Light Commercial Vehicles",0,,
,"Unknown","Passenger Vehicles",0,,
,,"Light Commercial Vehicles",0,,
"6076","Diesel","Passenger Vehicles",2525,,
,,"Light Commercial Vehicles",2003,,
,"Electric","Passenger Vehicles",13,,
,,"Light Commercial Vehicles",0,,
,"Petrol leaded","Passenger Vehicles",787,,
,,"Light Commercial Vehicles",172,,
,"Petrol unleaded","Passenger Vehicles",12181,,
,,"Light Commercial Vehicles",1114,,
,"LPG/Other gases","Passenger Vehicles",220,,
,,"Light Commercial Vehicles",97,,
,"Dual fuel","Passenger Vehicles",0,,
,,"Light Commercial Vehicles",0,,
,"Other","Passenger Vehicles",3,,
,,"Light Commercial Vehicles",3,,
,"Unknown","Passenger Vehicles",0,,
,,"Light Commercial Vehicles",0,,
"6077","Diesel","Passenger Vehicles",0,,
,,"Light Commercial Vehicles",0,,
,"Electric","Passenger Vehicles",0,,
,,"Light Commercial Vehicles",0,,
,"Petrol leaded","Passenger Vehicles",0,,
,,"Light Commercial Vehicles",0,,
,"Petrol unleaded","Passenger Vehicles",0,,
,,"Light Commercial Vehicles",0,,
,"LPG/Other gases","Passenger Vehicles",0,,
,,"Light Commercial Vehicles",0,,
,"Dual fuel","Passenger Vehicles",0,,
,,"Light Commercial Vehicles",0,,
,"Other","Passenger Vehicles",0,,
,,"Light Commercial Vehicles",0,,
,"Unknown","Passenger Vehicles",0,,
,,"Light Commercial Vehicles",0,,
"6078","Diesel","Passenger Vehicles",0,,
,,"Light Commercial Vehicles",0,,
,"Electric","Passenger Vehicles",0,,
,,"Light Commercial Vehicles",0,,
,"Petrol leaded","Passenger Vehicles",0,,
,,"Light Commercial Vehicles",0,,
,"Petrol unleaded","Passenger Vehicles",0,,
,,"Light Commercial Vehicles",0,,
,"LPG/Other gases","Passenger Vehicles",0,,
,,"Light Commercial Vehicles",0,,
,"Dual fuel","Passenger Vehicles",0,,
,,"Light Commercial Vehicles",0,,
,"Other","Passenger Vehicles",0,,
,,"Light Commercial Vehicles",0,,
,"Unknown","Passenger Vehicles",0,,
,,"Light Commercial Vehicles",0,,
"6081","Diesel","Passenger Vehicles",633,,
,,"Light Commercial Vehicles",665,,
,"Electric","Passenger Vehicles",0,,
,,"Light Commercial Vehicles",0,,
,"Petrol leaded","Passenger Vehicles",191,,
,,"Light Commercial Vehicles",57,,
,"Petrol unleaded","Passenger Vehicles",2612,,
,,"Light Commercial Vehicles",310,,
,"LPG/Other gases","Passenger Vehicles",55,,
,,"Light Commercial Vehicles",43,,
,"Dual fuel","Passenger Vehicles",0,,
,,"Light Commercial Vehicles",0,,
,"Other","Passenger Vehicles",0,,
,,"Light Commercial Vehicles",3,,
,"Unknown","Passenger Vehicles",0,,
,,"Light Commercial Vehicles",0,,
"6082","Diesel","Passenger Vehicles",401,,
,,"Light Commercial Vehicles",458,,
,"Electric","Passenger Vehicles",0,,
,,"Light Commercial Vehicles",0,,
,"Petrol leaded","Passenger Vehicles",120,,
,,"Light Commercial Vehicles",39,,
,"Petrol unleaded","Passenger Vehicles",1627,,
,,"Light Commercial Vehicles",249,,
,"LPG/Other gases","Passenger Vehicles",42,,
,,"Light Commercial Vehicles",34,,
,"Dual fuel","Passenger Vehicles",0,,
,,"Light Commercial Vehicles",0,,
,"Other","Passenger Vehicles",0,,
,,"Light Commercial Vehicles",0,,
,"Unknown","Passenger Vehicles",0,,
,,"Light Commercial Vehicles",0,,
"6083","Diesel","Passenger Vehicles",581,,
,,"Light Commercial Vehicles",734,,
,"Electric","Passenger Vehicles",0,,
,,"Light Commercial Vehicles",0,,
,"Petrol leaded","Passenger Vehicles",151,,
,,"Light Commercial Vehicles",41,,
,"Petrol unleaded","Passenger Vehicles",1726,,
,,"Light Commercial Vehicles",331,,
,"LPG/Other gases","Passenger Vehicles",72,,
,,"Light Commercial Vehicles",51,,
,"Dual fuel","Passenger Vehicles",0,,
,,"Light Commercial Vehicles",0,,
,"Other","Passenger Vehicles",0,,
,,"Light Commercial Vehicles",3,,
,"Unknown","Passenger Vehicles",0,,
,,"Light Commercial Vehicles",0,,
"6084","Diesel","Passenger Vehicles",1128,,
,,"Light Commercial Vehicles",1437,,
,"Electric","Passenger Vehicles",0,,
,,"Light Commercial Vehicles",3,,
,"Petrol leaded","Passenger Vehicles",273,,
,,"Light Commercial Vehicles",93,,
,"Petrol unleaded","Passenger Vehicles",3910,,
,,"Light Commercial Vehicles",630,,
,"LPG/Other gases","Passenger Vehicles",105,,
,,"Light Commercial Vehicles",99,,
,"Dual fuel","Passenger Vehicles",0,,
,,"Light Commercial Vehicles",0,,
,"Other","Passenger Vehicles",0,,
,,"Light Commercial Vehicles",0,,
,"Unknown","Passenger Vehicles",0,,
,,"Light Commercial Vehicles",0,,
"6090","Diesel","Passenger Vehicles",492,,
,,"Light Commercial Vehicles",1879,,
,"Electric","Passenger Vehicles",3,,
,,"Light Commercial Vehicles",0,,
,"Petrol leaded","Passenger Vehicles",15,,
,,"Light Commercial Vehicles",7,,
,"Petrol unleaded","Passenger Vehicles",1377,,
,,"Light Commercial Vehicles",776,,
,"LPG/Other gases","Passenger Vehicles",21,,
,,"Light Commercial Vehicles",72,,
,"Dual fuel","Passenger Vehicles",0,,
,,"Light Commercial Vehicles",0,,
,"Other","Passenger Vehicles",0,,
,,"Light Commercial Vehicles",0,,
,"Unknown","Passenger Vehicles",0,,
,,"Light Commercial Vehicles",0,,
"6100","Diesel","Passenger Vehicles",1585,,
,,"Light Commercial Vehicles",1531,,
,"Electric","Passenger Vehicles",3,,
,,"Light Commercial Vehicles",0,,
,"Petrol leaded","Passenger Vehicles",160,,
,,"Light Commercial Vehicles",30,,
,"Petrol unleaded","Passenger Vehicles",10984,,
,,"Light Commercial Vehicles",491,,
,"LPG/Other gases","Passenger Vehicles",89,,
,,"Light Commercial Vehicles",37,,
,"Dual fuel","Passenger Vehicles",0,,
,,"Light Commercial Vehicles",0,,
,"Other","Passenger Vehicles",0,,
,,"Light Commercial Vehicles",0,,
,"Unknown","Passenger Vehicles",0,,
,,"Light Commercial Vehicles",0,,
"6101","Diesel","Passenger Vehicles",363,,
,,"Light Commercial Vehicles",379,,
,"Electric","Passenger Vehicles",0,,
,,"Light Commercial Vehicles",0,,
,"Petrol leaded","Passenger Vehicles",71,,
,,"Light Commercial Vehicles",11,,
,"Petrol unleaded","Passenger Vehicles",3424,,
,,"Light Commercial Vehicles",221,,
,"LPG/Other gases","Passenger Vehicles",51,,
,,"Light Commercial Vehicles",6,,
,"Dual fuel","Passenger Vehicles",0,,
,,"Light Commercial Vehicles",0,,
,"Other","Passenger Vehicles",3,,
,,"Light Commercial Vehicles",0,,
,"Unknown","Passenger Vehicles",0,,
,,"Light Commercial Vehicles",0,,
"6102","Diesel","Passenger Vehicles",1183,,
,,"Light Commercial Vehicles",1000,,
,"Electric","Passenger Vehicles",3,,
,,"Light Commercial Vehicles",0,,
,"Petrol leaded","Passenger Vehicles",75,,
,,"Light Commercial Vehicles",12,,
,"Petrol unleaded","Passenger Vehicles",8305,,
,,"Light Commercial Vehicles",458,,
,"LPG/Other gases","Passenger Vehicles",96,,
,,"Light Commercial Vehicles",31,,
,"Dual fuel","Passenger Vehicles",0,,
,,"Light Commercial Vehicles",0,,
,"Other","Passenger Vehicles",3,,
,,"Light Commercial Vehicles",0,,
,"Unknown","Passenger Vehicles",0,,
,,"Light Commercial Vehicles",0,,
"6103","Diesel","Passenger Vehicles",574,,
,,"Light Commercial Vehicles",528,,
,"Electric","Passenger Vehicles",4,,
,,"Light Commercial Vehicles",0,,
,"Petrol leaded","Passenger Vehicles",63,,
,,"Light Commercial Vehicles",13,,
,"Petrol unleaded","Passenger Vehicles",5538,,
,,"Light Commercial Vehicles",268,,
,"LPG/Other gases","Passenger Vehicles",68,,
,,"Light Commercial Vehicles",24,,
,"Dual fuel","Passenger Vehicles",0,,
,,"Light Commercial Vehicles",0,,
,"Other","Passenger Vehicles",0,,
,,"Light Commercial Vehicles",0,,
,"Unknown","Passenger Vehicles",0,,
,,"Light Commercial Vehicles",0,,
"6104","Diesel","Passenger Vehicles",1770,,
,,"Light Commercial Vehicles",3091,,
,"Electric","Passenger Vehicles",3,,
,,"Light Commercial Vehicles",0,,
,"Petrol leaded","Passenger Vehicles",170,,
,,"Light Commercial Vehicles",46,,
,"Petrol unleaded","Passenger Vehicles",11269,,
,,"Light Commercial Vehicles",868,,
,"LPG/Other gases","Passenger Vehicles",114,,
,,"Light Commercial Vehicles",57,,
,"Dual fuel","Passenger Vehicles",0,,
,,"Light Commercial Vehicles",0,,
,"Other","Passenger Vehicles",3,,
,,"Light Commercial Vehicles",3,,
,"Unknown","Passenger Vehicles",0,,
,,"Light Commercial Vehicles",0,,
"6105","Diesel","Passenger Vehicles",1663,,
,,"Light Commercial Vehicles",4333,,
,"Electric","Passenger Vehicles",5,,
,,"Light Commercial Vehicles",0,,
,"Petrol leaded","Passenger Vehicles",171,,
,,"Light Commercial Vehicles",47,,
,"Petrol unleaded","Passenger Vehicles",11273,,
,,"Light Commercial Vehicles",952,,
,"LPG/Other gases","Passenger Vehicles",131,,
,,"Light Commercial Vehicles",83,,
,"Dual fuel","Passenger Vehicles",0,,
,,"Light Commercial Vehicles",0,,
,"Other","Passenger Vehicles",4,,
,,"Light Commercial Vehicles",3,,
,"Unknown","Passenger Vehicles",0,,
,,"Light Commercial Vehicles",0,,
"6106","Diesel","Passenger Vehicles",1153,,
,,"Light Commercial Vehicles",3545,,
,"Electric","Passenger Vehicles",0,,
,,"Light Commercial Vehicles",0,,
,"Petrol leaded","Passenger Vehicles",35,,
,,"Light Commercial Vehicles",17,,
,"Petrol unleaded","Passenger Vehicles",2888,,
,,"Light Commercial Vehicles",648,,
,"LPG/Other gases","Passenger Vehicles",44,,
,,"Light Commercial Vehicles",88,,
,"Dual fuel","Passenger Vehicles",0,,
,,"Light Commercial Vehicles",0,,
,"Other","Passenger Vehicles",0,,
,,"Light Commercial Vehicles",0,,
,"Unknown","Passenger Vehicles",0,,
,,"Light Commercial Vehicles",0,,
"6107","Diesel","Passenger Vehicles",2560,,
,,"Light Commercial Vehicles",2554,,
,"Electric","Passenger Vehicles",14,,
,,"Light Commercial Vehicles",0,,
,"Petrol leaded","Passenger Vehicles",461,,
,,"Light Commercial Vehicles",138,,
,"Petrol unleaded","Passenger Vehicles",25589,,
,,"Light Commercial Vehicles",1714,,
,"LPG/Other gases","Passenger Vehicles",420,,
,,"Light Commercial Vehicles",190,,
,"Dual fuel","Passenger Vehicles",0,,
,,"Light Commercial Vehicles",0,,
,"Other","Passenger Vehicles",5,,
,,"Light Commercial Vehicles",3,,
,"Unknown","Passenger Vehicles",0,,
,,"Light Commercial Vehicles",0,,
"6108","Diesel","Passenger Vehicles",1287,,
,,"Light Commercial Vehicles",1174,,
,"Electric","Passenger Vehicles",8,,
,,"Light Commercial Vehicles",0,,
,"Petrol leaded","Passenger Vehicles",252,,
,,"Light Commercial Vehicles",61,,
,"Petrol unleaded","Passenger Vehicles",12729,,
,,"Light Commercial Vehicles",775,,
,"LPG/Other gases","Passenger Vehicles",234,,
,,"Light Commercial Vehicles",94,,
,"Dual fuel","Passenger Vehicles",0,,
,,"Light Commercial Vehicles",0,,
,"Other","Passenger Vehicles",3,,
,,"Light Commercial Vehicles",3,,
,"Unknown","Passenger Vehicles",0,,
,,"Light Commercial Vehicles",0,,
"6109","Diesel","Passenger Vehicles",994,,
,,"Light Commercial Vehicles",1672,,
,"Electric","Passenger Vehicles",4,,
,,"Light Commercial Vehicles",0,,
,"Petrol leaded","Passenger Vehicles",207,,
,,"Light Commercial Vehicles",35,,
,"Petrol unleaded","Passenger Vehicles",7540,,
,,"Light Commercial Vehicles",736,,
,"LPG/Other gases","Passenger Vehicles",152,,
,,"Light Commercial Vehicles",105,,
,"Dual fuel","Passenger Vehicles",0,,
,,"Light Commercial Vehicles",0,,
,"Other","Passenger Vehicles",0,,
,,"Light Commercial Vehicles",0,,
,"Unknown","Passenger Vehicles",0,,
,,"Light Commercial Vehicles",0,,
"6110","Diesel","Passenger Vehicles",2550,,
,,"Light Commercial Vehicles",2376,,
,"Electric","Passenger Vehicles",3,,
,,"Light Commercial Vehicles",0,,
,"Petrol leaded","Passenger Vehicles",541,,
,,"Light Commercial Vehicles",132,,
,"Petrol unleaded","Passenger Vehicles",21803,,
,,"Light Commercial Vehicles",1417,,
,"LPG/Other gases","Passenger Vehicles",443,,
,,"Light Commercial Vehicles",170,,
,"Dual fuel","Passenger Vehicles",0,,
,,"Light Commercial Vehicles",0,,
,"Other","Passenger Vehicles",4,,
,,"Light Commercial Vehicles",3,,
,"Unknown","Passenger Vehicles",0,,
,,"Light Commercial Vehicles",0,,
"6111","Diesel","Passenger Vehicles",1629,,
,,"Light Commercial Vehicles",1641,,
,"Electric","Passenger Vehicles",3,,
,,"Light Commercial Vehicles",0,,
,"Petrol leaded","Passenger Vehicles",458,,
,,"Light Commercial Vehicles",125,,
,"Petrol unleaded","Passenger Vehicles",9235,,
,,"Light Commercial Vehicles",955,,
,"LPG/Other gases","Passenger Vehicles",215,,
,,"Light Commercial Vehicles",108,,
,"Dual fuel","Passenger Vehicles",0,,
,,"Light Commercial Vehicles",0,,
,"Other","Passenger Vehicles",3,,
,,"Light Commercial Vehicles",3,,
,"Unknown","Passenger Vehicles",0,,
,,"Light Commercial Vehicles",0,,
"6112","Diesel","Passenger Vehicles",1730,,
,,"Light Commercial Vehicles",2089,,
,"Electric","Passenger Vehicles",4,,
,,"Light Commercial Vehicles",0,,
,"Petrol leaded","Passenger Vehicles",507,,
,,"Light Commercial Vehicles",156,,
,"Petrol unleaded","Passenger Vehicles",11856,,
,,"Light Commercial Vehicles",1231,,
,"LPG/Other gases","Passenger Vehicles",338,,
,,"Light Commercial Vehicles",169,,
,"Dual fuel","Passenger Vehicles",0,,
,,"Light Commercial Vehicles",0,,
,"Other","Passenger Vehicles",9,,
,,"Light Commercial Vehicles",3,,
,"Unknown","Passenger Vehicles",0,,
,,"Light Commercial Vehicles",0,,
"6121","Diesel","Passenger Vehicles",497,,
,,"Light Commercial Vehicles",532,,
,"Electric","Passenger Vehicles",0,,
,,"Light Commercial Vehicles",0,,
,"Petrol leaded","Passenger Vehicles",169,,
,,"Light Commercial Vehicles",40,,
,"Petrol unleaded","Passenger Vehicles",1531,,
,,"Light Commercial Vehicles",270,,
,"LPG/Other gases","Passenger Vehicles",52,,
,,"Light Commercial Vehicles",34,,
,"Dual fuel","Passenger Vehicles",0,,
,,"Light Commercial Vehicles",0,,
,"Other","Passenger Vehicles",0,,
,,"Light Commercial Vehicles",0,,
,"Unknown","Passenger Vehicles",0,,
,,"Light Commercial Vehicles",0,,
"6122","Diesel","Passenger Vehicles",1721,,
,,"Light Commercial Vehicles",1871,,
,"Electric","Passenger Vehicles",0,,
,,"Light Commercial Vehicles",0,,
,"Petrol leaded","Passenger Vehicles",381,,
,,"Light Commercial Vehicles",119,,
,"Petrol unleaded","Passenger Vehicles",9275,,
,,"Light Commercial Vehicles",860,,
,"LPG/Other gases","Passenger Vehicles",190,,
,,"Light Commercial Vehicles",95,,
,"Dual fuel","Passenger Vehicles",0,,
,,"Light Commercial Vehicles",0,,
,"Other","Passenger Vehicles",0,,
,,"Light Commercial Vehicles",0,,
,"Unknown","Passenger Vehicles",0,,
,,"Light Commercial Vehicles",0,,
"6123","Diesel","Passenger Vehicles",226,,
,,"Light Commercial Vehicles",296,,
,"Electric","Passenger Vehicles",0,,
,,"Light Commercial Vehicles",0,,
,"Petrol leaded","Passenger Vehicles",81,,
,,"Light Commercial Vehicles",19,,
,"Petrol unleaded","Passenger Vehicles",1002,,
,,"Light Commercial Vehicles",150,,
,"LPG/Other gases","Passenger Vehicles",34,,
,,"Light Commercial Vehicles",14,,
,"Dual fuel","Passenger Vehicles",0,,
,,"Light Commercial Vehicles",0,,
,"Other","Passenger Vehicles",0,,
,,"Light Commercial Vehicles",0,,
,"Unknown","Passenger Vehicles",0,,
,,"Light Commercial Vehicles",0,,
"6124","Diesel","Passenger Vehicles",147,,
,,"Light Commercial Vehicles",179,,
,"Electric","Passenger Vehicles",0,,
,,"Light Commercial Vehicles",0,,
,"Petrol leaded","Passenger Vehicles",53,,
,,"Light Commercial Vehicles",14,,
,"Petrol unleaded","Passenger Vehicles",590,,
,,"Light Commercial Vehicles",84,,
,"LPG/Other gases","Passenger Vehicles",28,,
,,"Light Commercial Vehicles",18,,
,"Dual fuel","Passenger Vehicles",0,,
,,"Light Commercial Vehicles",0,,
,"Other","Passenger Vehicles",0,,
,,"Light Commercial Vehicles",0,,
,"Unknown","Passenger Vehicles",0,,
,,"Light Commercial Vehicles",0,,
"6125","Diesel","Passenger Vehicles",461,,
,,"Light Commercial Vehicles",607,,
,"Electric","Passenger Vehicles",0,,
,,"Light Commercial Vehicles",0,,
,"Petrol leaded","Passenger Vehicles",113,,
,,"Light Commercial Vehicles",51,,
,"Petrol unleaded","Passenger Vehicles",1552,,
,,"Light Commercial Vehicles",236,,
,"LPG/Other gases","Passenger Vehicles",53,,
,,"Light Commercial Vehicles",42,,
,"Dual fuel","Passenger Vehicles",0,,
,,"Light Commercial Vehicles",0,,
,"Other","Passenger Vehicles",3,,
,,"Light Commercial Vehicles",3,,
,"Unknown","Passenger Vehicles",0,,
,,"Light Commercial Vehicles",0,,
"6126","Diesel","Passenger Vehicles",47,,
,,"Light Commercial Vehicles",64,,
,"Electric","Passenger Vehicles",0,,
,,"Light Commercial Vehicles",0,,
,"Petrol leaded","Passenger Vehicles",5,,
,,"Light Commercial Vehicles",6,,
,"Petrol unleaded","Passenger Vehicles",112,,
,,"Light Commercial Vehicles",16,,
,"LPG/Other gases","Passenger Vehicles",0,,
,,"Light Commercial Vehicles",5,,
,"Dual fuel","Passenger Vehicles",0,,
,,"Light Commercial Vehicles",0,,
,"Other","Passenger Vehicles",0,,
,,"Light Commercial Vehicles",0,,
,"Unknown","Passenger Vehicles",0,,
,,"Light Commercial Vehicles",0,,
"6147","Diesel","Passenger Vehicles",680,,
,,"Light Commercial Vehicles",581,,
,"Electric","Passenger Vehicles",3,,
,,"Light Commercial Vehicles",0,,
,"Petrol leaded","Passenger Vehicles",138,,
,,"Light Commercial Vehicles",40,,
,"Petrol unleaded","Passenger Vehicles",8600,,
,,"Light Commercial Vehicles",433,,
,"LPG/Other gases","Passenger Vehicles",139,,
,,"Light Commercial Vehicles",58,,
,"Dual fuel","Passenger Vehicles",0,,
,,"Light Commercial Vehicles",0,,
,"Other","Passenger Vehicles",3,,
,,"Light Commercial Vehicles",3,,
,"Unknown","Passenger Vehicles",0,,
,,"Light Commercial Vehicles",0,,
"6148","Diesel","Passenger Vehicles",1292,,
,,"Light Commercial Vehicles",653,,
,"Electric","Passenger Vehicles",4,,
,,"Light Commercial Vehicles",0,,
,"Petrol leaded","Passenger Vehicles",207,,
,,"Light Commercial Vehicles",38,,
,"Petrol unleaded","Passenger Vehicles",10115,,
,,"Light Commercial Vehicles",456,,
,"LPG/Other gases","Passenger Vehicles",124,,
,,"Light Commercial Vehicles",67,,
,"Dual fuel","Passenger Vehicles",0,,
,,"Light Commercial Vehicles",0,,
,"Other","Passenger Vehicles",0,,
,,"Light Commercial Vehicles",0,,
,"Unknown","Passenger Vehicles",0,,
,,"Light Commercial Vehicles",0,,
"6149","Diesel","Passenger Vehicles",1442,,
,,"Light Commercial Vehicles",785,,
,"Electric","Passenger Vehicles",5,,
,,"Light Commercial Vehicles",0,,
,"Petrol leaded","Passenger Vehicles",165,,
,,"Light Commercial Vehicles",27,,
,"Petrol unleaded","Passenger Vehicles",11121,,
,,"Light Commercial Vehicles",405,,
,"LPG/Other gases","Passenger Vehicles",114,,
,,"Light Commercial Vehicles",27,,
,"Dual fuel","Passenger Vehicles",0,,
,,"Light Commercial Vehicles",0,,
,"Other","Passenger Vehicles",4,,
,,"Light Commercial Vehicles",0,,
,"Unknown","Passenger Vehicles",0,,
,,"Light Commercial Vehicles",0,,
"6150","Diesel","Passenger Vehicles",934,,
,,"Light Commercial Vehicles",370,,
,"Electric","Passenger Vehicles",5,,
,,"Light Commercial Vehicles",0,,
,"Petrol leaded","Passenger Vehicles",105,,
,,"Light Commercial Vehicles",18,,
,"Petrol unleaded","Passenger Vehicles",7825,,
,,"Light Commercial Vehicles",265,,
,"LPG/Other gases","Passenger Vehicles",72,,
,,"Light Commercial Vehicles",26,,
,"Dual fuel","Passenger Vehicles",0,,
,,"Light Commercial Vehicles",0,,
,"Other","Passenger Vehicles",3,,
,,"Light Commercial Vehicles",0,,
,"Unknown","Passenger Vehicles",0,,
,,"Light Commercial Vehicles",0,,
"6151","Diesel","Passenger Vehicles",1631,,
,,"Light Commercial Vehicles",1385,,
,"Electric","Passenger Vehicles",11,,
,,"Light Commercial Vehicles",0,,
,"Petrol leaded","Passenger Vehicles",231,,
,,"Light Commercial Vehicles",34,,
,"Petrol unleaded","Passenger Vehicles",9513,,
,,"Light Commercial Vehicles",342,,
,"LPG/Other gases","Passenger Vehicles",65,,
,,"Light Commercial Vehicles",23,,
,"Dual fuel","Passenger Vehicles",0,,
,,"Light Commercial Vehicles",0,,
,"Other","Passenger Vehicles",3,,
,,"Light Commercial Vehicles",0,,
,"Unknown","Passenger Vehicles",0,,
,,"Light Commercial Vehicles",0,,
"6152","Diesel","Passenger Vehicles",1747,,
,,"Light Commercial Vehicles",907,,
,"Electric","Passenger Vehicles",10,,
,,"Light Commercial Vehicles",0,,
,"Petrol leaded","Passenger Vehicles",212,,
,,"Light Commercial Vehicles",38,,
,"Petrol unleaded","Passenger Vehicles",13693,,
,,"Light Commercial Vehicles",470,,
,"LPG/Other gases","Passenger Vehicles",123,,
,,"Light Commercial Vehicles",59,,
,"Dual fuel","Passenger Vehicles",0,,
,,"Light Commercial Vehicles",0,,
,"Other","Passenger Vehicles",0,,
,,"Light Commercial Vehicles",0,,
,"Unknown","Passenger Vehicles",0,,
,,"Light Commercial Vehicles",0,,
"6153","Diesel","Passenger Vehicles",2140,,
,,"Light Commercial Vehicles",1063,,
,"Electric","Passenger Vehicles",16,,
,,"Light Commercial Vehicles",0,,
,"Petrol leaded","Passenger Vehicles",264,,
,,"Light Commercial Vehicles",32,,
,"Petrol unleaded","Passenger Vehicles",11929,,
,,"Light Commercial Vehicles",424,,
,"LPG/Other gases","Passenger Vehicles",82,,
,,"Light Commercial Vehicles",29,,
,"Dual fuel","Passenger Vehicles",0,,
,,"Light Commercial Vehicles",0,,
,"Other","Passenger Vehicles",5,,
,,"Light Commercial Vehicles",0,,
,"Unknown","Passenger Vehicles",0,,
,,"Light Commercial Vehicles",0,,
"6154","Diesel","Passenger Vehicles",983,,
,,"Light Commercial Vehicles",937,,
,"Electric","Passenger Vehicles",4,,
,,"Light Commercial Vehicles",0,,
,"Petrol leaded","Passenger Vehicles",124,,
,,"Light Commercial Vehicles",23,,
,"Petrol unleaded","Passenger Vehicles",6046,,
,,"Light Commercial Vehicles",391,,
,"LPG/Other gases","Passenger Vehicles",86,,
,,"Light Commercial Vehicles",45,,
,"Dual fuel","Passenger Vehicles",0,,
,,"Light Commercial Vehicles",0,,
,"Other","Passenger Vehicles",3,,
,,"Light Commercial Vehicles",0,,
,"Unknown","Passenger Vehicles",0,,
,,"Light Commercial Vehicles",0,,
"6155","Diesel","Passenger Vehicles",3798,,
,,"Light Commercial Vehicles",3834,,
,"Electric","Passenger Vehicles",21,,
,,"Light Commercial Vehicles",0,,
,"Petrol leaded","Passenger Vehicles",459,,
,,"Light Commercial Vehicles",72,,
,"Petrol unleaded","Passenger Vehicles",29667,,
,,"Light Commercial Vehicles",1671,,
,"LPG/Other gases","Passenger Vehicles",288,,
,,"Light Commercial Vehicles",148,,
,"Dual fuel","Passenger Vehicles",0,,
,,"Light Commercial Vehicles",0,,
,"Other","Passenger Vehicles",6,,
,,"Light Commercial Vehicles",0,,
,"Unknown","Passenger Vehicles",3,,
,,"Light Commercial Vehicles",0,,
"6156","Diesel","Passenger Vehicles",1829,,
,,"Light Commercial Vehicles",1263,,
,"Electric","Passenger Vehicles",7,,
,,"Light Commercial Vehicles",0,,
,"Petrol leaded","Passenger Vehicles",224,,
,,"Light Commercial Vehicles",45,,
,"Petrol unleaded","Passenger Vehicles",10154,,
,,"Light Commercial Vehicles",503,,
,"LPG/Other gases","Passenger Vehicles",100,,
,,"Light Commercial Vehicles",45,,
,"Dual fuel","Passenger Vehicles",0,,
,,"Light Commercial Vehicles",0,,
,"Other","Passenger Vehicles",5,,
,,"Light Commercial Vehicles",0,,
,"Unknown","Passenger Vehicles",0,,
,,"Light Commercial Vehicles",0,,
"6157","Diesel","Passenger Vehicles",1190,,
,,"Light Commercial Vehicles",737,,
,"Electric","Passenger Vehicles",7,,
,,"Light Commercial Vehicles",0,,
,"Petrol leaded","Passenger Vehicles",140,,
,,"Light Commercial Vehicles",47,,
,"Petrol unleaded","Passenger Vehicles",7356,,
,,"Light Commercial Vehicles",374,,
,"LPG/Other gases","Passenger Vehicles",69,,
,,"Light Commercial Vehicles",28,,
,"Dual fuel","Passenger Vehicles",0,,
,,"Light Commercial Vehicles",3,,
,"Other","Passenger Vehicles",0,,
,,"Light Commercial Vehicles",0,,
,"Unknown","Passenger Vehicles",0,,
,,"Light Commercial Vehicles",0,,
"6158","Diesel","Passenger Vehicles",848,,
,,"Light Commercial Vehicles",390,,
,"Electric","Passenger Vehicles",3,,
,,"Light Commercial Vehicles",0,,
,"Petrol leaded","Passenger Vehicles",127,,
,,"Light Commercial Vehicles",21,,
,"Petrol unleaded","Passenger Vehicles",3864,,
,,"Light Commercial Vehicles",189,,
,"LPG/Other gases","Passenger Vehicles",32,,
,,"Light Commercial Vehicles",15,,
,"Dual fuel","Passenger Vehicles",0,,
,,"Light Commercial Vehicles",0,,
,"Other","Passenger Vehicles",3,,
,,"Light Commercial Vehicles",0,,
,"Unknown","Passenger Vehicles",0,,
,,"Light Commercial Vehicles",0,,
"6159","Diesel","Passenger Vehicles",493,,
,,"Light Commercial Vehicles",265,,
,"Electric","Passenger Vehicles",3,,
,,"Light Commercial Vehicles",0,,
,"Petrol leaded","Passenger Vehicles",49,,
,,"Light Commercial Vehicles",8,,
,"Petrol unleaded","Passenger Vehicles",2045,,
,,"Light Commercial Vehicles",87,,
,"LPG/Other gases","Passenger Vehicles",6,,
,,"Light Commercial Vehicles",8,,
,"Dual fuel","Passenger Vehicles",0,,
,,"Light Commercial Vehicles",0,,
,"Other","Passenger Vehicles",3,,
,,"Light Commercial Vehicles",0,,
,"Unknown","Passenger Vehicles",0,,
,,"Light Commercial Vehicles",0,,
"6160","Diesel","Passenger Vehicles",790,,
,,"Light Commercial Vehicles",731,,
,"Electric","Passenger Vehicles",7,,
,,"Light Commercial Vehicles",0,,
,"Petrol leaded","Passenger Vehicles",141,,
,,"Light Commercial Vehicles",52,,
,"Petrol unleaded","Passenger Vehicles",4812,,
,,"Light Commercial Vehicles",337,,
,"LPG/Other gases","Passenger Vehicles",44,,
,,"Light Commercial Vehicles",39,,
,"Dual fuel","Passenger Vehicles",0,,
,,"Light Commercial Vehicles",0,,
,"Other","Passenger Vehicles",0,,
,,"Light Commercial Vehicles",3,,
,"Unknown","Passenger Vehicles",0,,
,,"Light Commercial Vehicles",0,,
"6161","Diesel","Passenger Vehicles",3,,
,,"Light Commercial Vehicles",3,,
,"Electric","Passenger Vehicles",0,,
,,"Light Commercial Vehicles",0,,
,"Petrol leaded","Passenger Vehicles",0,,
,,"Light Commercial Vehicles",0,,
,"Petrol unleaded","Passenger Vehicles",15,,
,,"Light Commercial Vehicles",6,,
,"LPG/Other gases","Passenger Vehicles",0,,
,,"Light Commercial Vehicles",0,,
,"Dual fuel","Passenger Vehicles",0,,
,,"Light Commercial Vehicles",0,,
,"Other","Passenger Vehicles",0,,
,,"Light Commercial Vehicles",0,,
,"Unknown","Passenger Vehicles",0,,
,,"Light Commercial Vehicles",0,,
"6162","Diesel","Passenger Vehicles",932,,
,,"Light Commercial Vehicles",713,,
,"Electric","Passenger Vehicles",5,,
,,"Light Commercial Vehicles",0,,
,"Petrol leaded","Passenger Vehicles",196,,
,,"Light Commercial Vehicles",62,,
,"Petrol unleaded","Passenger Vehicles",5969,,
,,"Light Commercial Vehicles",430,,
,"LPG/Other gases","Passenger Vehicles",80,,
,,"Light Commercial Vehicles",52,,
,"Dual fuel","Passenger Vehicles",0,,
,,"Light Commercial Vehicles",0,,
,"Other","Passenger Vehicles",3,,
,,"Light Commercial Vehicles",3,,
,"Unknown","Passenger Vehicles",0,,
,,"Light Commercial Vehicles",0,,
"6163","Diesel","Passenger Vehicles",3536,,
,,"Light Commercial Vehicles",4949,,
,"Electric","Passenger Vehicles",8,,
,,"Light Commercial Vehicles",0,,
,"Petrol leaded","Passenger Vehicles",753,,
,,"Light Commercial Vehicles",162,,
,"Petrol unleaded","Passenger Vehicles",27135,,
,,"Light Commercial Vehicles",2746,,
,"LPG/Other gases","Passenger Vehicles",423,,
,,"Light Commercial Vehicles",254,,
,"Dual fuel","Passenger Vehicles",0,,
,,"Light Commercial Vehicles",0,,
,"Other","Passenger Vehicles",10,,
,,"Light Commercial Vehicles",4,,
,"Unknown","Passenger Vehicles",0,,
,,"Light Commercial Vehicles",0,,
"6164","Diesel","Passenger Vehicles",4097,,
,,"Light Commercial Vehicles",5422,,
,"Electric","Passenger Vehicles",10,,
,,"Light Commercial Vehicles",0,,
,"Petrol leaded","Passenger Vehicles",573,,
,,"Light Commercial Vehicles",127,,
,"Petrol unleaded","Passenger Vehicles",24955,,
,,"Light Commercial Vehicles",1999,,
,"LPG/Other gases","Passenger Vehicles",369,,
,,"Light Commercial Vehicles",174,,
,"Dual fuel","Passenger Vehicles",0,,
,,"Light Commercial Vehicles",3,,
,"Other","Passenger Vehicles",10,,
,,"Light Commercial Vehicles",3,,
,"Unknown","Passenger Vehicles",0,,
,,"Light Commercial Vehicles",0,,
"6165","Diesel","Passenger Vehicles",59,,
,,"Light Commercial Vehicles",477,,
,"Electric","Passenger Vehicles",0,,
,,"Light Commercial Vehicles",0,,
,"Petrol leaded","Passenger Vehicles",12,,
,,"Light Commercial Vehicles",8,,
,"Petrol unleaded","Passenger Vehicles",132,,
,,"Light Commercial Vehicles",64,,
,"LPG/Other gases","Passenger Vehicles",4,,
,,"Light Commercial Vehicles",5,,
,"Dual fuel","Passenger Vehicles",0,,
,,"Light Commercial Vehicles",0,,
,"Other","Passenger Vehicles",0,,
,,"Light Commercial Vehicles",0,,
,"Unknown","Passenger Vehicles",0,,
,,"Light Commercial Vehicles",0,,
"6166","Diesel","Passenger Vehicles",983,,
,,"Light Commercial Vehicles",1457,,
,"Electric","Passenger Vehicles",3,,
,,"Light Commercial Vehicles",0,,
,"Petrol leaded","Passenger Vehicles",243,,
,,"Light Commercial Vehicles",45,,
,"Petrol unleaded","Passenger Vehicles",5639,,
,,"Light Commercial Vehicles",645,,
,"LPG/Other gases","Passenger Vehicles",75,,
,,"Light Commercial Vehicles",55,,
,"Dual fuel","Passenger Vehicles",0,,
,,"Light Commercial Vehicles",0,,
,"Other","Passenger Vehicles",3,,
,,"Light Commercial Vehicles",0,,
,"Unknown","Passenger Vehicles",0,,
,,"Light Commercial Vehicles",0,,
"6167","Diesel","Passenger Vehicles",1614,,
,,"Light Commercial Vehicles",1828,,
,"Electric","Passenger Vehicles",6,,
,,"Light Commercial Vehicles",0,,
,"Petrol leaded","Passenger Vehicles",355,,
,,"Light Commercial Vehicles",92,,
,"Petrol unleaded","Passenger Vehicles",12506,,
,,"Light Commercial Vehicles",1115,,
,"LPG/Other gases","Passenger Vehicles",332,,
,,"Light Commercial Vehicles",155,,
,"Dual fuel","Passenger Vehicles",0,,
,,"Light Commercial Vehicles",0,,
,"Other","Passenger Vehicles",6,,
,,"Light Commercial Vehicles",0,,
,"Unknown","Passenger Vehicles",0,,
,,"Light Commercial Vehicles",0,,
"6168","Diesel","Passenger Vehicles",1885,,
,,"Light Commercial Vehicles",2065,,
,"Electric","Passenger Vehicles",3,,
,,"Light Commercial Vehicles",0,,
,"Petrol leaded","Passenger Vehicles",305,,
,,"Light Commercial Vehicles",109,,
,"Petrol unleaded","Passenger Vehicles",12889,,
,,"Light Commercial Vehicles",1145,,
,"LPG/Other gases","Passenger Vehicles",344,,
,,"Light Commercial Vehicles",148,,
,"Dual fuel","Passenger Vehicles",0,,
,,"Light Commercial Vehicles",0,,
,"Other","Passenger Vehicles",3,,
,,"Light Commercial Vehicles",0,,
,"Unknown","Passenger Vehicles",0,,
,,"Light Commercial Vehicles",0,,
"6169","Diesel","Passenger Vehicles",2857,,
,,"Light Commercial Vehicles",2652,,
,"Electric","Passenger Vehicles",3,,
,,"Light Commercial Vehicles",0,,
,"Petrol leaded","Passenger Vehicles",453,,
,,"Light Commercial Vehicles",138,,
,"Petrol unleaded","Passenger Vehicles",17256,,
,,"Light Commercial Vehicles",1445,,
,"LPG/Other gases","Passenger Vehicles",480,,
,,"Light Commercial Vehicles",185,,
,"Dual fuel","Passenger Vehicles",0,,
,,"Light Commercial Vehicles",0,,
,"Other","Passenger Vehicles",11,,
,,"Light Commercial Vehicles",0,,
,"Unknown","Passenger Vehicles",0,,
,,"Light Commercial Vehicles",0,,
"6170","Diesel","Passenger Vehicles",823,,
,,"Light Commercial Vehicles",744,,
,"Electric","Passenger Vehicles",0,,
,,"Light Commercial Vehicles",0,,
,"Petrol leaded","Passenger Vehicles",117,,
,,"Light Commercial Vehicles",30,,
,"Petrol unleaded","Passenger Vehicles",7071,,
,,"Light Commercial Vehicles",372,,
,"LPG/Other gases","Passenger Vehicles",125,,
,,"Light Commercial Vehicles",45,,
,"Dual fuel","Passenger Vehicles",0,,
,,"Light Commercial Vehicles",0,,
,"Other","Passenger Vehicles",0,,
,,"Light Commercial Vehicles",0,,
,"Unknown","Passenger Vehicles",0,,
,,"Light Commercial Vehicles",0,,
"6171","Diesel","Passenger Vehicles",2775,,
,,"Light Commercial Vehicles",2486,,
,"Electric","Passenger Vehicles",3,,
,,"Light Commercial Vehicles",0,,
,"Petrol leaded","Passenger Vehicles",261,,
,,"Light Commercial Vehicles",62,,
,"Petrol unleaded","Passenger Vehicles",15758,,
,,"Light Commercial Vehicles",988,,
,"LPG/Other gases","Passenger Vehicles",225,,
,,"Light Commercial Vehicles",97,,
,"Dual fuel","Passenger Vehicles",3,,
,,"Light Commercial Vehicles",0,,
,"Other","Passenger Vehicles",9,,
,,"Light Commercial Vehicles",0,,
,"Unknown","Passenger Vehicles",0,,
,,"Light Commercial Vehicles",0,,
"6172","Diesel","Passenger Vehicles",1062,,
,,"Light Commercial Vehicles",1095,,
,"Electric","Passenger Vehicles",0,,
,,"Light Commercial Vehicles",0,,
,"Petrol leaded","Passenger Vehicles",123,,
,,"Light Commercial Vehicles",43,,
,"Petrol unleaded","Passenger Vehicles",6435,,
,,"Light Commercial Vehicles",558,,
,"LPG/Other gases","Passenger Vehicles",138,,
,,"Light Commercial Vehicles",52,,
,"Dual fuel","Passenger Vehicles",0,,
,,"Light Commercial Vehicles",0,,
,"Other","Passenger Vehicles",3,,
,,"Light Commercial Vehicles",0,,
,"Unknown","Passenger Vehicles",0,,
,,"Light Commercial Vehicles",0,,
"6173","Diesel","Passenger Vehicles",1199,,
,,"Light Commercial Vehicles",944,,
,"Electric","Passenger Vehicles",3,,
,,"Light Commercial Vehicles",0,,
,"Petrol leaded","Passenger Vehicles",90,,
,,"Light Commercial Vehicles",22,,
,"Petrol unleaded","Passenger Vehicles",5567,,
,,"Light Commercial Vehicles",315,,
,"LPG/Other gases","Passenger Vehicles",77,,
,,"Light Commercial Vehicles",32,,
,"Dual fuel","Passenger Vehicles",0,,
,,"Light Commercial Vehicles",0,,
,"Other","Passenger Vehicles",0,,
,,"Light Commercial Vehicles",0,,
,"Unknown","Passenger Vehicles",0,,
,,"Light Commercial Vehicles",0,,
"6174","Diesel","Passenger Vehicles",358,,
,,"Light Commercial Vehicles",407,,
,"Electric","Passenger Vehicles",0,,
,,"Light Commercial Vehicles",0,,
,"Petrol leaded","Passenger Vehicles",57,,
,,"Light Commercial Vehicles",21,,
,"Petrol unleaded","Passenger Vehicles",2195,,
,,"Light Commercial Vehicles",175,,
,"LPG/Other gases","Passenger Vehicles",55,,
,,"Light Commercial Vehicles",20,,
,"Dual fuel","Passenger Vehicles",0,,
,,"Light Commercial Vehicles",0,,
,"Other","Passenger Vehicles",0,,
,,"Light Commercial Vehicles",0,,
,"Unknown","Passenger Vehicles",0,,
,,"Light Commercial Vehicles",0,,
"6175","Diesel","Passenger Vehicles",369,,
,,"Light Commercial Vehicles",398,,
,"Electric","Passenger Vehicles",0,,
,,"Light Commercial Vehicles",0,,
,"Petrol leaded","Passenger Vehicles",58,,
,,"Light Commercial Vehicles",22,,
,"Petrol unleaded","Passenger Vehicles",1844,,
,,"Light Commercial Vehicles",130,,
,"LPG/Other gases","Passenger Vehicles",37,,
,,"Light Commercial Vehicles",16,,
,"Dual fuel","Passenger Vehicles",0,,
,,"Light Commercial Vehicles",0,,
,"Other","Passenger Vehicles",0,,
,,"Light Commercial Vehicles",0,,
,"Unknown","Passenger Vehicles",0,,
,,"Light Commercial Vehicles",0,,
"6176","Diesel","Passenger Vehicles",197,,
,,"Light Commercial Vehicles",191,,
,"Electric","Passenger Vehicles",0,,
,,"Light Commercial Vehicles",0,,
,"Petrol leaded","Passenger Vehicles",31,,
,,"Light Commercial Vehicles",4,,
,"Petrol unleaded","Passenger Vehicles",918,,
,,"Light Commercial Vehicles",88,,
,"LPG/Other gases","Passenger Vehicles",28,,
,,"Light Commercial Vehicles",9,,
,"Dual fuel","Passenger Vehicles",0,,
,,"Light Commercial Vehicles",0,,
,"Other","Passenger Vehicles",3,,
,,"Light Commercial Vehicles",0,,
,"Unknown","Passenger Vehicles",0,,
,,"Light Commercial Vehicles",0,,
"6180","Diesel","Passenger Vehicles",0,,
,,"Light Commercial Vehicles",0,,
,"Electric","Passenger Vehicles",0,,
,,"Light Commercial Vehicles",0,,
,"Petrol leaded","Passenger Vehicles",0,,
,,"Light Commercial Vehicles",0,,
,"Petrol unleaded","Passenger Vehicles",0,,
,,"Light Commercial Vehicles",0,,
,"LPG/Other gases","Passenger Vehicles",0,,
,,"Light Commercial Vehicles",0,,
,"Dual fuel","Passenger Vehicles",0,,
,,"Light Commercial Vehicles",0,,
,"Other","Passenger Vehicles",0,,
,,"Light Commercial Vehicles",0,,
,"Unknown","Passenger Vehicles",0,,
,,"Light Commercial Vehicles",0,,
"6206","Diesel","Passenger Vehicles",0,,
,,"Light Commercial Vehicles",0,,
,"Electric","Passenger Vehicles",0,,
,,"Light Commercial Vehicles",0,,
,"Petrol leaded","Passenger Vehicles",0,,
,,"Light Commercial Vehicles",0,,
,"Petrol unleaded","Passenger Vehicles",0,,
,,"Light Commercial Vehicles",0,,
,"LPG/Other gases","Passenger Vehicles",0,,
,,"Light Commercial Vehicles",0,,
,"Dual fuel","Passenger Vehicles",0,,
,,"Light Commercial Vehicles",0,,
,"Other","Passenger Vehicles",0,,
,,"Light Commercial Vehicles",0,,
,"Unknown","Passenger Vehicles",0,,
,,"Light Commercial Vehicles",0,,
"6207","Diesel","Passenger Vehicles",154,,
,,"Light Commercial Vehicles",229,,
,"Electric","Passenger Vehicles",0,,
,,"Light Commercial Vehicles",0,,
,"Petrol leaded","Passenger Vehicles",42,,
,,"Light Commercial Vehicles",9,,
,"Petrol unleaded","Passenger Vehicles",500,,
,,"Light Commercial Vehicles",63,,
,"LPG/Other gases","Passenger Vehicles",22,,
,,"Light Commercial Vehicles",6,,
,"Dual fuel","Passenger Vehicles",0,,
,,"Light Commercial Vehicles",0,,
,"Other","Passenger Vehicles",3,,
,,"Light Commercial Vehicles",3,,
,"Unknown","Passenger Vehicles",0,,
,,"Light Commercial Vehicles",0,,
"6208","Diesel","Passenger Vehicles",1406,,
,,"Light Commercial Vehicles",1697,,
,"Electric","Passenger Vehicles",3,,
,,"Light Commercial Vehicles",0,,
,"Petrol leaded","Passenger Vehicles",281,,
,,"Light Commercial Vehicles",77,,
,"Petrol unleaded","Passenger Vehicles",5922,,
,,"Light Commercial Vehicles",630,,
,"LPG/Other gases","Passenger Vehicles",206,,
,,"Light Commercial Vehicles",106,,
,"Dual fuel","Passenger Vehicles",0,,
,,"Light Commercial Vehicles",0,,
,"Other","Passenger Vehicles",0,,
,,"Light Commercial Vehicles",0,,
,"Unknown","Passenger Vehicles",0,,
,,"Light Commercial Vehicles",0,,
"6209","Diesel","Passenger Vehicles",0,,
,,"Light Commercial Vehicles",0,,
,"Electric","Passenger Vehicles",0,,
,,"Light Commercial Vehicles",0,,
,"Petrol leaded","Passenger Vehicles",0,,
,,"Light Commercial Vehicles",0,,
,"Petrol unleaded","Passenger Vehicles",0,,
,,"Light Commercial Vehicles",0,,
,"LPG/Other gases","Passenger Vehicles",0,,
,,"Light Commercial Vehicles",0,,
,"Dual fuel","Passenger Vehicles",0,,
,,"Light Commercial Vehicles",0,,
,"Other","Passenger Vehicles",0,,
,,"Light Commercial Vehicles",0,,
,"Unknown","Passenger Vehicles",0,,
,,"Light Commercial Vehicles",0,,
"6210","Diesel","Passenger Vehicles",8403,,
,,"Light Commercial Vehicles",7823,,
,"Electric","Passenger Vehicles",13,,
,,"Light Commercial Vehicles",0,,
,"Petrol leaded","Passenger Vehicles",1124,,
,,"Light Commercial Vehicles",350,,
,"Petrol unleaded","Passenger Vehicles",43165,,
,,"Light Commercial Vehicles",3314,,
,"LPG/Other gases","Passenger Vehicles",1029,,
,,"Light Commercial Vehicles",427,,
,"Dual fuel","Passenger Vehicles",0,,
,,"Light Commercial Vehicles",0,,
,"Other","Passenger Vehicles",12,,
,,"Light Commercial Vehicles",5,,
,"Unknown","Passenger Vehicles",0,,
,,"Light Commercial Vehicles",0,,
"6211","Diesel","Passenger Vehicles",0,,
,,"Light Commercial Vehicles",0,,
,"Electric","Passenger Vehicles",0,,
,,"Light Commercial Vehicles",0,,
,"Petrol leaded","Passenger Vehicles",0,,
,,"Light Commercial Vehicles",0,,
,"Petrol unleaded","Passenger Vehicles",3,,
,,"Light Commercial Vehicles",0,,
,"LPG/Other gases","Passenger Vehicles",0,,
,,"Light Commercial Vehicles",0,,
,"Dual fuel","Passenger Vehicles",0,,
,,"Light Commercial Vehicles",0,,
,"Other","Passenger Vehicles",0,,
,,"Light Commercial Vehicles",0,,
,"Unknown","Passenger Vehicles",0,,
,,"Light Commercial Vehicles",0,,
"6213","Diesel","Passenger Vehicles",107,,
,,"Light Commercial Vehicles",167,,
,"Electric","Passenger Vehicles",0,,
,,"Light Commercial Vehicles",0,,
,"Petrol leaded","Passenger Vehicles",30,,
,,"Light Commercial Vehicles",11,,
,"Petrol unleaded","Passenger Vehicles",307,,
,,"Light Commercial Vehicles",52,,
,"LPG/Other gases","Passenger Vehicles",16,,
,,"Light Commercial Vehicles",9,,
,"Dual fuel","Passenger Vehicles",0,,
,,"Light Commercial Vehicles",0,,
,"Other","Passenger Vehicles",0,,
,,"Light Commercial Vehicles",0,,
,"Unknown","Passenger Vehicles",0,,
,,"Light Commercial Vehicles",0,,
"6214","Diesel","Passenger Vehicles",111,,
,,"Light Commercial Vehicles",175,,
,"Electric","Passenger Vehicles",0,,
,,"Light Commercial Vehicles",0,,
,"Petrol leaded","Passenger Vehicles",31,,
,,"Light Commercial Vehicles",11,,
,"Petrol unleaded","Passenger Vehicles",261,,
,,"Light Commercial Vehicles",40,,
,"LPG/Other gases","Passenger Vehicles",14,,
,,"Light Commercial Vehicles",11,,
,"Dual fuel","Passenger Vehicles",0,,
,,"Light Commercial Vehicles",0,,
,"Other","Passenger Vehicles",3,,
,,"Light Commercial Vehicles",0,,
,"Unknown","Passenger Vehicles",0,,
,,"Light Commercial Vehicles",0,,
"6215","Diesel","Passenger Vehicles",601,,
,,"Light Commercial Vehicles",1066,,
,"Electric","Passenger Vehicles",0,,
,,"Light Commercial Vehicles",0,,
,"Petrol leaded","Passenger Vehicles",130,,
,,"Light Commercial Vehicles",48,,
,"Petrol unleaded","Passenger Vehicles",1834,,
,,"Light Commercial Vehicles",276,,
,"LPG/Other gases","Passenger Vehicles",65,,
,,"Light Commercial Vehicles",26,,
,"Dual fuel","Passenger Vehicles",0,,
,,"Light Commercial Vehicles",0,,
,"Other","Passenger Vehicles",0,,
,,"Light Commercial Vehicles",0,,
,"Unknown","Passenger Vehicles",0,,
,,"Light Commercial Vehicles",0,,
"6218","Diesel","Passenger Vehicles",57,,
,,"Light Commercial Vehicles",105,,
,"Electric","Passenger Vehicles",0,,
,,"Light Commercial Vehicles",0,,
,"Petrol leaded","Passenger Vehicles",18,,
,,"Light Commercial Vehicles",12,,
,"Petrol unleaded","Passenger Vehicles",219,,
,,"Light Commercial Vehicles",37,,
,"LPG/Other gases","Passenger Vehicles",3,,
,,"Light Commercial Vehicles",4,,
,"Dual fuel","Passenger Vehicles",0,,
,,"Light Commercial Vehicles",0,,
,"Other","Passenger Vehicles",0,,
,,"Light Commercial Vehicles",0,,
,"Unknown","Passenger Vehicles",0,,
,,"Light Commercial Vehicles",0,,
"6220","Diesel","Passenger Vehicles",566,,
,,"Light Commercial Vehicles",1046,,
,"Electric","Passenger Vehicles",0,,
,,"Light Commercial Vehicles",0,,
,"Petrol leaded","Passenger Vehicles",103,,
,,"Light Commercial Vehicles",41,,
,"Petrol unleaded","Passenger Vehicles",2353,,
,,"Light Commercial Vehicles",281,,
,"LPG/Other gases","Passenger Vehicles",67,,
,,"Light Commercial Vehicles",41,,
,"Dual fuel","Passenger Vehicles",0,,
,,"Light Commercial Vehicles",0,,
,"Other","Passenger Vehicles",0,,
,,"Light Commercial Vehicles",3,,
,"Unknown","Passenger Vehicles",0,,
,,"Light Commercial Vehicles",0,,
"6221","Diesel","Passenger Vehicles",28,,
,,"Light Commercial Vehicles",70,,
,"Electric","Passenger Vehicles",0,,
,,"Light Commercial Vehicles",0,,
,"Petrol leaded","Passenger Vehicles",11,,
,,"Light Commercial Vehicles",0,,
,"Petrol unleaded","Passenger Vehicles",106,,
,,"Light Commercial Vehicles",18,,
,"LPG/Other gases","Passenger Vehicles",3,,
,,"Light Commercial Vehicles",0,,
,"Dual fuel","Passenger Vehicles",0,,
,,"Light Commercial Vehicles",0,,
,"Other","Passenger Vehicles",0,,
,,"Light Commercial Vehicles",0,,
,"Unknown","Passenger Vehicles",0,,
,,"Light Commercial Vehicles",0,,
"6223","Diesel","Passenger Vehicles",38,,
,,"Light Commercial Vehicles",62,,
,"Electric","Passenger Vehicles",0,,
,,"Light Commercial Vehicles",0,,
,"Petrol leaded","Passenger Vehicles",8,,
,,"Light Commercial Vehicles",3,,
,"Petrol unleaded","Passenger Vehicles",91,,
,,"Light Commercial Vehicles",13,,
,"LPG/Other gases","Passenger Vehicles",0,,
,,"Light Commercial Vehicles",0,,
,"Dual fuel","Passenger Vehicles",0,,
,,"Light Commercial Vehicles",0,,
,"Other","Passenger Vehicles",0,,
,,"Light Commercial Vehicles",0,,
,"Unknown","Passenger Vehicles",0,,
,,"Light Commercial Vehicles",0,,
"6224","Diesel","Passenger Vehicles",162,,
,,"Light Commercial Vehicles",300,,
,"Electric","Passenger Vehicles",0,,
,,"Light Commercial Vehicles",0,,
,"Petrol leaded","Passenger Vehicles",26,,
,,"Light Commercial Vehicles",4,,
,"Petrol unleaded","Passenger Vehicles",536,,
,,"Light Commercial Vehicles",74,,
,"LPG/Other gases","Passenger Vehicles",18,,
,,"Light Commercial Vehicles",9,,
,"Dual fuel","Passenger Vehicles",0,,
,,"Light Commercial Vehicles",0,,
,"Other","Passenger Vehicles",0,,
,,"Light Commercial Vehicles",0,,
,"Unknown","Passenger Vehicles",0,,
,,"Light Commercial Vehicles",0,,
"6225","Diesel","Passenger Vehicles",1034,,
,,"Light Commercial Vehicles",2372,,
,"Electric","Passenger Vehicles",0,,
,,"Light Commercial Vehicles",0,,
,"Petrol leaded","Passenger Vehicles",236,,
,,"Light Commercial Vehicles",78,,
,"Petrol unleaded","Passenger Vehicles",3548,,
,,"Light Commercial Vehicles",537,,
,"LPG/Other gases","Passenger Vehicles",103,,
,,"Light Commercial Vehicles",64,,
,"Dual fuel","Passenger Vehicles",0,,
,,"Light Commercial Vehicles",0,,
,"Other","Passenger Vehicles",0,,
,,"Light Commercial Vehicles",0,,
,"Unknown","Passenger Vehicles",0,,
,,"Light Commercial Vehicles",0,,
"6226","Diesel","Passenger Vehicles",150,,
,,"Light Commercial Vehicles",185,,
,"Electric","Passenger Vehicles",0,,
,,"Light Commercial Vehicles",0,,
,"Petrol leaded","Passenger Vehicles",27,,
,,"Light Commercial Vehicles",5,,
,"Petrol unleaded","Passenger Vehicles",365,,
,,"Light Commercial Vehicles",55,,
,"LPG/Other gases","Passenger Vehicles",3,,
,,"Light Commercial Vehicles",6,,
,"Dual fuel","Passenger Vehicles",0,,
,,"Light Commercial Vehicles",0,,
,"Other","Passenger Vehicles",3,,
,,"Light Commercial Vehicles",0,,
,"Unknown","Passenger Vehicles",0,,
,,"Light Commercial Vehicles",0,,
"6227","Diesel","Passenger Vehicles",102,,
,,"Light Commercial Vehicles",177,,
,"Electric","Passenger Vehicles",0,,
,,"Light Commercial Vehicles",0,,
,"Petrol leaded","Passenger Vehicles",23,,
,,"Light Commercial Vehicles",3,,
,"Petrol unleaded","Passenger Vehicles",314,,
,,"Light Commercial Vehicles",33,,
,"LPG/Other gases","Passenger Vehicles",11,,
,,"Light Commercial Vehicles",9,,
,"Dual fuel","Passenger Vehicles",0,,
,,"Light Commercial Vehicles",0,,
,"Other","Passenger Vehicles",0,,
,,"Light Commercial Vehicles",0,,
,"Unknown","Passenger Vehicles",0,,
,,"Light Commercial Vehicles",0,,
"6228","Diesel","Passenger Vehicles",33,,
,,"Light Commercial Vehicles",66,,
,"Electric","Passenger Vehicles",0,,
,,"Light Commercial Vehicles",0,,
,"Petrol leaded","Passenger Vehicles",12,,
,,"Light Commercial Vehicles",3,,
,"Petrol unleaded","Passenger Vehicles",82,,
,,"Light Commercial Vehicles",20,,
,"LPG/Other gases","Passenger Vehicles",3,,
,,"Light Commercial Vehicles",3,,
,"Dual fuel","Passenger Vehicles",0,,
,,"Light Commercial Vehicles",0,,
,"Other","Passenger Vehicles",0,,
,,"Light Commercial Vehicles",0,,
,"Unknown","Passenger Vehicles",0,,
,,"Light Commercial Vehicles",0,,
"6229","Diesel","Passenger Vehicles",160,,
,,"Light Commercial Vehicles",451,,
,"Electric","Passenger Vehicles",0,,
,,"Light Commercial Vehicles",0,,
,"Petrol leaded","Passenger Vehicles",8,,
,,"Light Commercial Vehicles",0,,
,"Petrol unleaded","Passenger Vehicles",116,,
,,"Light Commercial Vehicles",52,,
,"LPG/Other gases","Passenger Vehicles",3,,
,,"Light Commercial Vehicles",3,,
,"Dual fuel","Passenger Vehicles",0,,
,,"Light Commercial Vehicles",0,,
,"Other","Passenger Vehicles",0,,
,,"Light Commercial Vehicles",0,,
,"Unknown","Passenger Vehicles",0,,
,,"Light Commercial Vehicles",0,,
"6230","Diesel","Passenger Vehicles",4676,,
,,"Light Commercial Vehicles",5656,,
,"Electric","Passenger Vehicles",4,,
,,"Light Commercial Vehicles",0,,
,"Petrol leaded","Passenger Vehicles",515,,
,,"Light Commercial Vehicles",169,,
,"Petrol unleaded","Passenger Vehicles",22122,,
,,"Light Commercial Vehicles",1795,,
,"LPG/Other gases","Passenger Vehicles",376,,
,,"Light Commercial Vehicles",143,,
,"Dual fuel","Passenger Vehicles",0,,
,,"Light Commercial Vehicles",0,,
,"Other","Passenger Vehicles",3,,
,,"Light Commercial Vehicles",0,,
,"Unknown","Passenger Vehicles",0,,
,,"Light Commercial Vehicles",0,,
"6232","Diesel","Passenger Vehicles",854,,
,,"Light Commercial Vehicles",999,,
,"Electric","Passenger Vehicles",0,,
,,"Light Commercial Vehicles",0,,
,"Petrol leaded","Passenger Vehicles",112,,
,,"Light Commercial Vehicles",45,,
,"Petrol unleaded","Passenger Vehicles",4018,,
,,"Light Commercial Vehicles",317,,
,"LPG/Other gases","Passenger Vehicles",79,,
,,"Light Commercial Vehicles",28,,
,"Dual fuel","Passenger Vehicles",0,,
,,"Light Commercial Vehicles",0,,
,"Other","Passenger Vehicles",3,,
,,"Light Commercial Vehicles",0,,
,"Unknown","Passenger Vehicles",0,,
,,"Light Commercial Vehicles",0,,
"6233","Diesel","Passenger Vehicles",2318,,
,,"Light Commercial Vehicles",2695,,
,"Electric","Passenger Vehicles",0,,
,,"Light Commercial Vehicles",0,,
,"Petrol leaded","Passenger Vehicles",297,,
,,"Light Commercial Vehicles",87,,
,"Petrol unleaded","Passenger Vehicles",9240,,
,,"Light Commercial Vehicles",783,,
,"LPG/Other gases","Passenger Vehicles",165,,
,,"Light Commercial Vehicles",67,,
,"Dual fuel","Passenger Vehicles",0,,
,,"Light Commercial Vehicles",0,,
,"Other","Passenger Vehicles",0,,
,,"Light Commercial Vehicles",0,,
,"Unknown","Passenger Vehicles",0,,
,,"Light Commercial Vehicles",0,,
"6236","Diesel","Passenger Vehicles",383,,
,,"Light Commercial Vehicles",507,,
,"Electric","Passenger Vehicles",0,,
,,"Light Commercial Vehicles",0,,
,"Petrol leaded","Passenger Vehicles",67,,
,,"Light Commercial Vehicles",31,,
,"Petrol unleaded","Passenger Vehicles",929,,
,,"Light Commercial Vehicles",109,,
,"LPG/Other gases","Passenger Vehicles",14,,
,,"Light Commercial Vehicles",15,,
,"Dual fuel","Passenger Vehicles",0,,
,,"Light Commercial Vehicles",0,,
,"Other","Passenger Vehicles",0,,
,,"Light Commercial Vehicles",0,,
,"Unknown","Passenger Vehicles",0,,
,,"Light Commercial Vehicles",0,,
"6237","Diesel","Passenger Vehicles",440,,
,,"Light Commercial Vehicles",616,,
,"Electric","Passenger Vehicles",0,,
,,"Light Commercial Vehicles",0,,
,"Petrol leaded","Passenger Vehicles",57,,
,,"Light Commercial Vehicles",24,,
,"Petrol unleaded","Passenger Vehicles",1137,,
,,"Light Commercial Vehicles",143,,
,"LPG/Other gases","Passenger Vehicles",28,,
,,"Light Commercial Vehicles",16,,
,"Dual fuel","Passenger Vehicles",0,,
,,"Light Commercial Vehicles",0,,
,"Other","Passenger Vehicles",0,,
,,"Light Commercial Vehicles",0,,
,"Unknown","Passenger Vehicles",0,,
,,"Light Commercial Vehicles",0,,
"6239","Diesel","Passenger Vehicles",558,,
,,"Light Commercial Vehicles",898,,
,"Electric","Passenger Vehicles",0,,
,,"Light Commercial Vehicles",0,,
,"Petrol leaded","Passenger Vehicles",115,,
,,"Light Commercial Vehicles",53,,
,"Petrol unleaded","Passenger Vehicles",1901,,
,,"Light Commercial Vehicles",246,,
,"LPG/Other gases","Passenger Vehicles",49,,
,,"Light Commercial Vehicles",24,,
,"Dual fuel","Passenger Vehicles",0,,
,,"Light Commercial Vehicles",0,,
,"Other","Passenger Vehicles",3,,
,,"Light Commercial Vehicles",3,,
,"Unknown","Passenger Vehicles",0,,
,,"Light Commercial Vehicles",0,,
"6240","Diesel","Passenger Vehicles",24,,
,,"Light Commercial Vehicles",36,,
,"Electric","Passenger Vehicles",3,,
,,"Light Commercial Vehicles",0,,
,"Petrol leaded","Passenger Vehicles",5,,
,,"Light Commercial Vehicles",3,,
,"Petrol unleaded","Passenger Vehicles",56,,
,,"Light Commercial Vehicles",13,,
,"LPG/Other gases","Passenger Vehicles",3,,
,,"Light Commercial Vehicles",3,,
,"Dual fuel","Passenger Vehicles",0,,
,,"Light Commercial Vehicles",0,,
,"Other","Passenger Vehicles",0,,
,,"Light Commercial Vehicles",0,,
,"Unknown","Passenger Vehicles",0,,
,,"Light Commercial Vehicles",0,,
"6243","Diesel","Passenger Vehicles",4,,
,,"Light Commercial Vehicles",19,,
,"Electric","Passenger Vehicles",0,,
,,"Light Commercial Vehicles",0,,
,"Petrol leaded","Passenger Vehicles",0,,
,,"Light Commercial Vehicles",0,,
,"Petrol unleaded","Passenger Vehicles",23,,
,,"Light Commercial Vehicles",11,,
,"LPG/Other gases","Passenger Vehicles",0,,
,,"Light Commercial Vehicles",0,,
,"Dual fuel","Passenger Vehicles",0,,
,,"Light Commercial Vehicles",0,,
,"Other","Passenger Vehicles",0,,
,,"Light Commercial Vehicles",0,,
,"Unknown","Passenger Vehicles",0,,
,,"Light Commercial Vehicles",0,,
"6244","Diesel","Passenger Vehicles",285,,
,,"Light Commercial Vehicles",610,,
,"Electric","Passenger Vehicles",0,,
,,"Light Commercial Vehicles",0,,
,"Petrol leaded","Passenger Vehicles",40,,
,,"Light Commercial Vehicles",46,,
,"Petrol unleaded","Passenger Vehicles",546,,
,,"Light Commercial Vehicles",113,,
,"LPG/Other gases","Passenger Vehicles",19,,
,,"Light Commercial Vehicles",6,,
,"Dual fuel","Passenger Vehicles",0,,
,,"Light Commercial Vehicles",0,,
,"Other","Passenger Vehicles",0,,
,,"Light Commercial Vehicles",0,,
,"Unknown","Passenger Vehicles",0,,
,,"Light Commercial Vehicles",0,,
"6251","Diesel","Passenger Vehicles",35,,
,,"Light Commercial Vehicles",114,,
,"Electric","Passenger Vehicles",0,,
,,"Light Commercial Vehicles",0,,
,"Petrol leaded","Passenger Vehicles",8,,
,,"Light Commercial Vehicles",9,,
,"Petrol unleaded","Passenger Vehicles",172,,
,,"Light Commercial Vehicles",32,,
,"LPG/Other gases","Passenger Vehicles",3,,
,,"Light Commercial Vehicles",3,,
,"Dual fuel","Passenger Vehicles",0,,
,,"Light Commercial Vehicles",0,,
,"Other","Passenger Vehicles",0,,
,,"Light Commercial Vehicles",0,,
,"Unknown","Passenger Vehicles",0,,
,,"Light Commercial Vehicles",0,,
"6252","Diesel","Passenger Vehicles",17,,
,,"Light Commercial Vehicles",31,,
,"Electric","Passenger Vehicles",0,,
,,"Light Commercial Vehicles",0,,
,"Petrol leaded","Passenger Vehicles",3,,
,,"Light Commercial Vehicles",0,,
,"Petrol unleaded","Passenger Vehicles",49,,
,,"Light Commercial Vehicles",10,,
,"LPG/Other gases","Passenger Vehicles",0,,
,,"Light Commercial Vehicles",0,,
,"Dual fuel","Passenger Vehicles",0,,
,,"Light Commercial Vehicles",0,,
,"Other","Passenger Vehicles",0,,
,,"Light Commercial Vehicles",0,,
,"Unknown","Passenger Vehicles",0,,
,,"Light Commercial Vehicles",0,,
"6253","Diesel","Passenger Vehicles",93,,
,,"Light Commercial Vehicles",157,,
,"Electric","Passenger Vehicles",0,,
,,"Light Commercial Vehicles",0,,
,"Petrol leaded","Passenger Vehicles",14,,
,,"Light Commercial Vehicles",7,,
,"Petrol unleaded","Passenger Vehicles",327,,
,,"Light Commercial Vehicles",38,,
,"LPG/Other gases","Passenger Vehicles",8,,
,,"Light Commercial Vehicles",10,,
,"Dual fuel","Passenger Vehicles",0,,
,,"Light Commercial Vehicles",0,,
,"Other","Passenger Vehicles",0,,
,,"Light Commercial Vehicles",0,,
,"Unknown","Passenger Vehicles",0,,
,,"Light Commercial Vehicles",0,,
"6254","Diesel","Passenger Vehicles",60,,
,,"Light Commercial Vehicles",168,,
,"Electric","Passenger Vehicles",0,,
,,"Light Commercial Vehicles",0,,
,"Petrol leaded","Passenger Vehicles",8,,
,,"Light Commercial Vehicles",3,,
,"Petrol unleaded","Passenger Vehicles",210,,
,,"Light Commercial Vehicles",33,,
,"LPG/Other gases","Passenger Vehicles",3,,
,,"Light Commercial Vehicles",6,,
,"Dual fuel","Passenger Vehicles",0,,
,,"Light Commercial Vehicles",0,,
,"Other","Passenger Vehicles",0,,
,,"Light Commercial Vehicles",3,,
,"Unknown","Passenger Vehicles",0,,
,,"Light Commercial Vehicles",0,,
"6255","Diesel","Passenger Vehicles",513,,
,,"Light Commercial Vehicles",892,,
,"Electric","Passenger Vehicles",0,,
,,"Light Commercial Vehicles",0,,
,"Petrol leaded","Passenger Vehicles",111,,
,,"Light Commercial Vehicles",35,,
,"Petrol unleaded","Passenger Vehicles",1853,,
,,"Light Commercial Vehicles",265,,
,"LPG/Other gases","Passenger Vehicles",45,,
,,"Light Commercial Vehicles",28,,
,"Dual fuel","Passenger Vehicles",0,,
,,"Light Commercial Vehicles",0,,
,"Other","Passenger Vehicles",3,,
,,"Light Commercial Vehicles",0,,
,"Unknown","Passenger Vehicles",0,,
,,"Light Commercial Vehicles",0,,
"6256","Diesel","Passenger Vehicles",26,,
,,"Light Commercial Vehicles",82,,
,"Electric","Passenger Vehicles",0,,
,,"Light Commercial Vehicles",0,,
,"Petrol leaded","Passenger Vehicles",3,,
,,"Light Commercial Vehicles",3,,
,"Petrol unleaded","Passenger Vehicles",76,,
,,"Light Commercial Vehicles",15,,
,"LPG/Other gases","Passenger Vehicles",3,,
,,"Light Commercial Vehicles",3,,
,"Dual fuel","Passenger Vehicles",0,,
,,"Light Commercial Vehicles",0,,
,"Other","Passenger Vehicles",0,,
,,"Light Commercial Vehicles",0,,
,"Unknown","Passenger Vehicles",0,,
,,"Light Commercial Vehicles",0,,
"6258","Diesel","Passenger Vehicles",810,,
,,"Light Commercial Vehicles",1756,,
,"Electric","Passenger Vehicles",0,,
,,"Light Commercial Vehicles",3,,
,"Petrol leaded","Passenger Vehicles",129,,
,,"Light Commercial Vehicles",41,,
,"Petrol unleaded","Passenger Vehicles",2603,,
,,"Light Commercial Vehicles",376,,
,"LPG/Other gases","Passenger Vehicles",47,,
,,"Light Commercial Vehicles",28,,
,"Dual fuel","Passenger Vehicles",0,,
,,"Light Commercial Vehicles",0,,
,"Other","Passenger Vehicles",0,,
,,"Light Commercial Vehicles",0,,
,"Unknown","Passenger Vehicles",0,,
,,"Light Commercial Vehicles",0,,
"6260","Diesel","Passenger Vehicles",190,,
,,"Light Commercial Vehicles",346,,
,"Electric","Passenger Vehicles",0,,
,,"Light Commercial Vehicles",0,,
,"Petrol leaded","Passenger Vehicles",24,,
,,"Light Commercial Vehicles",5,,
,"Petrol unleaded","Passenger Vehicles",558,,
,,"Light Commercial Vehicles",70,,
,"LPG/Other gases","Passenger Vehicles",7,,
,,"Light Commercial Vehicles",0,,
,"Dual fuel","Passenger Vehicles",0,,
,,"Light Commercial Vehicles",0,,
,"Other","Passenger Vehicles",0,,
,,"Light Commercial Vehicles",0,,
,"Unknown","Passenger Vehicles",0,,
,,"Light Commercial Vehicles",0,,
"6262","Diesel","Passenger Vehicles",67,,
,,"Light Commercial Vehicles",203,,
,"Electric","Passenger Vehicles",0,,
,,"Light Commercial Vehicles",0,,
,"Petrol leaded","Passenger Vehicles",7,,
,,"Light Commercial Vehicles",5,,
,"Petrol unleaded","Passenger Vehicles",286,,
,,"Light Commercial Vehicles",51,,
,"LPG/Other gases","Passenger Vehicles",16,,
,,"Light Commercial Vehicles",4,,
,"Dual fuel","Passenger Vehicles",0,,
,,"Light Commercial Vehicles",0,,
,"Other","Passenger Vehicles",0,,
,,"Light Commercial Vehicles",0,,
,"Unknown","Passenger Vehicles",0,,
,,"Light Commercial Vehicles",0,,
"6271","Diesel","Passenger Vehicles",417,,
,,"Light Commercial Vehicles",599,,
,"Electric","Passenger Vehicles",0,,
,,"Light Commercial Vehicles",0,,
,"Petrol leaded","Passenger Vehicles",53,,
,,"Light Commercial Vehicles",16,,
,"Petrol unleaded","Passenger Vehicles",1361,,
,,"Light Commercial Vehicles",162,,
,"LPG/Other gases","Passenger Vehicles",35,,
,,"Light Commercial Vehicles",14,,
,"Dual fuel","Passenger Vehicles",0,,
,,"Light Commercial Vehicles",0,,
,"Other","Passenger Vehicles",0,,
,,"Light Commercial Vehicles",0,,
,"Unknown","Passenger Vehicles",0,,
,,"Light Commercial Vehicles",0,,
"6275","Diesel","Passenger Vehicles",179,,
,,"Light Commercial Vehicles",325,,
,"Electric","Passenger Vehicles",0,,
,,"Light Commercial Vehicles",0,,
,"Petrol leaded","Passenger Vehicles",54,,
,,"Light Commercial Vehicles",24,,
,"Petrol unleaded","Passenger Vehicles",571,,
,,"Light Commercial Vehicles",112,,
,"LPG/Other gases","Passenger Vehicles",14,,
,,"Light Commercial Vehicles",4,,
,"Dual fuel","Passenger Vehicles",0,,
,,"Light Commercial Vehicles",0,,
,"Other","Passenger Vehicles",0,,
,,"Light Commercial Vehicles",0,,
,"Unknown","Passenger Vehicles",0,,
,,"Light Commercial Vehicles",0,,
"6280","Diesel","Passenger Vehicles",3956,,
,,"Light Commercial Vehicles",4243,,
,"Electric","Passenger Vehicles",0,,
,,"Light Commercial Vehicles",0,,
,"Petrol leaded","Passenger Vehicles",504,,
,,"Light Commercial Vehicles",150,,
,"Petrol unleaded","Passenger Vehicles",13638,,
,,"Light Commercial Vehicles",1243,,
,"LPG/Other gases","Passenger Vehicles",235,,
,,"Light Commercial Vehicles",99,,
,"Dual fuel","Passenger Vehicles",0,,
,,"Light Commercial Vehicles",0,,
,"Other","Passenger Vehicles",4,,
,,"Light Commercial Vehicles",3,,
,"Unknown","Passenger Vehicles",0,,
,,"Light Commercial Vehicles",0,,
"6281","Diesel","Passenger Vehicles",1456,,
,,"Light Commercial Vehicles",1144,,
,"Electric","Passenger Vehicles",3,,
,,"Light Commercial Vehicles",0,,
,"Petrol leaded","Passenger Vehicles",126,,
,,"Light Commercial Vehicles",32,,
,"Petrol unleaded","Passenger Vehicles",3673,,
,,"Light Commercial Vehicles",288,,
,"LPG/Other gases","Passenger Vehicles",62,,
,,"Light Commercial Vehicles",22,,
,"Dual fuel","Passenger Vehicles",0,,
,,"Light Commercial Vehicles",0,,
,"Other","Passenger Vehicles",0,,
,,"Light Commercial Vehicles",0,,
,"Unknown","Passenger Vehicles",3,,
,,"Light Commercial Vehicles",0,,
"6282","Diesel","Passenger Vehicles",281,,
,,"Light Commercial Vehicles",248,,
,"Electric","Passenger Vehicles",0,,
,,"Light Commercial Vehicles",0,,
,"Petrol leaded","Passenger Vehicles",23,,
,,"Light Commercial Vehicles",11,,
,"Petrol unleaded","Passenger Vehicles",556,,
,,"Light Commercial Vehicles",69,,
,"LPG/Other gases","Passenger Vehicles",19,,
,,"Light Commercial Vehicles",4,,
,"Dual fuel","Passenger Vehicles",0,,
,,"Light Commercial Vehicles",0,,
,"Other","Passenger Vehicles",0,,
,,"Light Commercial Vehicles",3,,
,"Unknown","Passenger Vehicles",0,,
,,"Light Commercial Vehicles",0,,
"6284","Diesel","Passenger Vehicles",465,,
,,"Light Commercial Vehicles",490,,
,"Electric","Passenger Vehicles",0,,
,,"Light Commercial Vehicles",0,,
,"Petrol leaded","Passenger Vehicles",38,,
,,"Light Commercial Vehicles",16,,
,"Petrol unleaded","Passenger Vehicles",1041,,
,,"Light Commercial Vehicles",100,,
,"LPG/Other gases","Passenger Vehicles",24,,
,,"Light Commercial Vehicles",3,,
,"Dual fuel","Passenger Vehicles",0,,
,,"Light Commercial Vehicles",0,,
,"Other","Passenger Vehicles",0,,
,,"Light Commercial Vehicles",0,,
,"Unknown","Passenger Vehicles",0,,
,,"Light Commercial Vehicles",0,,
"6285","Diesel","Passenger Vehicles",1565,,
,,"Light Commercial Vehicles",1480,,
,"Electric","Passenger Vehicles",3,,
,,"Light Commercial Vehicles",0,,
,"Petrol leaded","Passenger Vehicles",148,,
,,"Light Commercial Vehicles",57,,
,"Petrol unleaded","Passenger Vehicles",4662,,
,,"Light Commercial Vehicles",422,,
,"LPG/Other gases","Passenger Vehicles",105,,
,,"Light Commercial Vehicles",56,,
,"Dual fuel","Passenger Vehicles",0,,
,,"Light Commercial Vehicles",0,,
,"Other","Passenger Vehicles",3,,
,,"Light Commercial Vehicles",0,,
,"Unknown","Passenger Vehicles",0,,
,,"Light Commercial Vehicles",0,,
"6286","Diesel","Passenger Vehicles",121,,
,,"Light Commercial Vehicles",152,,
,"Electric","Passenger Vehicles",3,,
,,"Light Commercial Vehicles",0,,
,"Petrol leaded","Passenger Vehicles",16,,
,,"Light Commercial Vehicles",3,,
,"Petrol unleaded","Passenger Vehicles",305,,
,,"Light Commercial Vehicles",44,,
,"LPG/Other gases","Passenger Vehicles",13,,
,,"Light Commercial Vehicles",3,,
,"Dual fuel","Passenger Vehicles",0,,
,,"Light Commercial Vehicles",0,,
,"Other","Passenger Vehicles",0,,
,,"Light Commercial Vehicles",0,,
,"Unknown","Passenger Vehicles",0,,
,,"Light Commercial Vehicles",0,,
"6288","Diesel","Passenger Vehicles",120,,
,,"Light Commercial Vehicles",194,,
,"Electric","Passenger Vehicles",0,,
,,"Light Commercial Vehicles",0,,
,"Petrol leaded","Passenger Vehicles",14,,
,,"Light Commercial Vehicles",3,,
,"Petrol unleaded","Passenger Vehicles",249,,
,,"Light Commercial Vehicles",35,,
,"LPG/Other gases","Passenger Vehicles",9,,
,,"Light Commercial Vehicles",5,,
,"Dual fuel","Passenger Vehicles",0,,
,,"Light Commercial Vehicles",0,,
,"Other","Passenger Vehicles",0,,
,,"Light Commercial Vehicles",0,,
,"Unknown","Passenger Vehicles",0,,
,,"Light Commercial Vehicles",0,,
"6290","Diesel","Passenger Vehicles",307,,
,,"Light Commercial Vehicles",338,,
,"Electric","Passenger Vehicles",0,,
,,"Light Commercial Vehicles",0,,
,"Petrol leaded","Passenger Vehicles",57,,
,,"Light Commercial Vehicles",12,,
,"Petrol unleaded","Passenger Vehicles",900,,
,,"Light Commercial Vehicles",96,,
,"LPG/Other gases","Passenger Vehicles",12,,
,,"Light Commercial Vehicles",9,,
,"Dual fuel","Passenger Vehicles",0,,
,,"Light Commercial Vehicles",0,,
,"Other","Passenger Vehicles",0,,
,,"Light Commercial Vehicles",0,,
,"Unknown","Passenger Vehicles",0,,
,,"Light Commercial Vehicles",0,,
"6302","Diesel","Passenger Vehicles",429,,
,,"Light Commercial Vehicles",833,,
,"Electric","Passenger Vehicles",0,,
,,"Light Commercial Vehicles",0,,
,"Petrol leaded","Passenger Vehicles",88,,
,,"Light Commercial Vehicles",44,,
,"Petrol unleaded","Passenger Vehicles",1690,,
,,"Light Commercial Vehicles",357,,
,"LPG/Other gases","Passenger Vehicles",30,,
,,"Light Commercial Vehicles",28,,
,"Dual fuel","Passenger Vehicles",0,,
,,"Light Commercial Vehicles",0,,
,"Other","Passenger Vehicles",0,,
,,"Light Commercial Vehicles",0,,
,"Unknown","Passenger Vehicles",0,,
,,"Light Commercial Vehicles",0,,
"6304","Diesel","Passenger Vehicles",210,,
,,"Light Commercial Vehicles",481,,
,"Electric","Passenger Vehicles",0,,
,,"Light Commercial Vehicles",0,,
,"Petrol leaded","Passenger Vehicles",58,,
,,"Light Commercial Vehicles",31,,
,"Petrol unleaded","Passenger Vehicles",698,,
,,"Light Commercial Vehicles",141,,
,"LPG/Other gases","Passenger Vehicles",27,,
,,"Light Commercial Vehicles",10,,
,"Dual fuel","Passenger Vehicles",0,,
,,"Light Commercial Vehicles",0,,
,"Other","Passenger Vehicles",0,,
,,"Light Commercial Vehicles",0,,
,"Unknown","Passenger Vehicles",0,,
,,"Light Commercial Vehicles",0,,
"6306","Diesel","Passenger Vehicles",159,,
,,"Light Commercial Vehicles",352,,
,"Electric","Passenger Vehicles",0,,
,,"Light Commercial Vehicles",0,,
,"Petrol leaded","Passenger Vehicles",40,,
,,"Light Commercial Vehicles",17,,
,"Petrol unleaded","Passenger Vehicles",401,,
,,"Light Commercial Vehicles",77,,
,"LPG/Other gases","Passenger Vehicles",19,,
,,"Light Commercial Vehicles",4,,
,"Dual fuel","Passenger Vehicles",0,,
,,"Light Commercial Vehicles",0,,
,"Other","Passenger Vehicles",0,,
,,"Light Commercial Vehicles",0,,
,"Unknown","Passenger Vehicles",0,,
,,"Light Commercial Vehicles",0,,
"6308","Diesel","Passenger Vehicles",232,,
,,"Light Commercial Vehicles",468,,
,"Electric","Passenger Vehicles",0,,
,,"Light Commercial Vehicles",0,,
,"Petrol leaded","Passenger Vehicles",45,,
,,"Light Commercial Vehicles",23,,
,"Petrol unleaded","Passenger Vehicles",616,,
,,"Light Commercial Vehicles",118,,
,"LPG/Other gases","Passenger Vehicles",22,,
,,"Light Commercial Vehicles",10,,
,"Dual fuel","Passenger Vehicles",0,,
,,"Light Commercial Vehicles",0,,
,"Other","Passenger Vehicles",0,,
,,"Light Commercial Vehicles",0,,
,"Unknown","Passenger Vehicles",0,,
,,"Light Commercial Vehicles",0,,
"6309","Diesel","Passenger Vehicles",47,,
,,"Light Commercial Vehicles",95,,
,"Electric","Passenger Vehicles",0,,
,,"Light Commercial Vehicles",0,,
,"Petrol leaded","Passenger Vehicles",12,,
,,"Light Commercial Vehicles",3,,
,"Petrol unleaded","Passenger Vehicles",118,,
,,"Light Commercial Vehicles",31,,
,"LPG/Other gases","Passenger Vehicles",9,,
,,"Light Commercial Vehicles",0,,
,"Dual fuel","Passenger Vehicles",0,,
,,"Light Commercial Vehicles",0,,
,"Other","Passenger Vehicles",0,,
,,"Light Commercial Vehicles",0,,
,"Unknown","Passenger Vehicles",0,,
,,"Light Commercial Vehicles",0,,
"6311","Diesel","Passenger Vehicles",94,,
,,"Light Commercial Vehicles",188,,
,"Electric","Passenger Vehicles",0,,
,,"Light Commercial Vehicles",0,,
,"Petrol leaded","Passenger Vehicles",12,,
,,"Light Commercial Vehicles",12,,
,"Petrol unleaded","Passenger Vehicles",248,,
,,"Light Commercial Vehicles",40,,
,"LPG/Other gases","Passenger Vehicles",3,,
,,"Light Commercial Vehicles",9,,
,"Dual fuel","Passenger Vehicles",0,,
,,"Light Commercial Vehicles",0,,
,"Other","Passenger Vehicles",0,,
,,"Light Commercial Vehicles",0,,
,"Unknown","Passenger Vehicles",0,,
,,"Light Commercial Vehicles",0,,
"6312","Diesel","Passenger Vehicles",506,,
,,"Light Commercial Vehicles",910,,
,"Electric","Passenger Vehicles",0,,
,,"Light Commercial Vehicles",0,,
,"Petrol leaded","Passenger Vehicles",87,,
,,"Light Commercial Vehicles",35,,
,"Petrol unleaded","Passenger Vehicles",1960,,
,,"Light Commercial Vehicles",281,,
,"LPG/Other gases","Passenger Vehicles",37,,
,,"Light Commercial Vehicles",19,,
,"Dual fuel","Passenger Vehicles",0,,
,,"Light Commercial Vehicles",0,,
,"Other","Passenger Vehicles",3,,
,,"Light Commercial Vehicles",0,,
,"Unknown","Passenger Vehicles",0,,
,,"Light Commercial Vehicles",0,,
"6313","Diesel","Passenger Vehicles",31,,
,,"Light Commercial Vehicles",66,,
,"Electric","Passenger Vehicles",0,,
,,"Light Commercial Vehicles",0,,
,"Petrol leaded","Passenger Vehicles",9,,
,,"Light Commercial Vehicles",7,,
,"Petrol unleaded","Passenger Vehicles",82,,
,,"Light Commercial Vehicles",13,,
,"LPG/Other gases","Passenger Vehicles",0,,
,,"Light Commercial Vehicles",0,,
,"Dual fuel","Passenger Vehicles",0,,
,,"Light Commercial Vehicles",0,,
,"Other","Passenger Vehicles",0,,
,,"Light Commercial Vehicles",0,,
,"Unknown","Passenger Vehicles",0,,
,,"Light Commercial Vehicles",0,,
"6315","Diesel","Passenger Vehicles",275,,
,,"Light Commercial Vehicles",541,,
,"Electric","Passenger Vehicles",0,,
,,"Light Commercial Vehicles",0,,
,"Petrol leaded","Passenger Vehicles",64,,
,,"Light Commercial Vehicles",15,,
,"Petrol unleaded","Passenger Vehicles",874,,
,,"Light Commercial Vehicles",171,,
,"LPG/Other gases","Passenger Vehicles",28,,
,,"Light Commercial Vehicles",18,,
,"Dual fuel","Passenger Vehicles",0,,
,,"Light Commercial Vehicles",0,,
,"Other","Passenger Vehicles",0,,
,,"Light Commercial Vehicles",0,,
,"Unknown","Passenger Vehicles",0,,
,,"Light Commercial Vehicles",0,,
"6316","Diesel","Passenger Vehicles",77,,
,,"Light Commercial Vehicles",167,,
,"Electric","Passenger Vehicles",0,,
,,"Light Commercial Vehicles",0,,
,"Petrol leaded","Passenger Vehicles",8,,
,,"Light Commercial Vehicles",8,,
,"Petrol unleaded","Passenger Vehicles",153,,
,,"Light Commercial Vehicles",24,,
,"LPG/Other gases","Passenger Vehicles",3,,
,,"Light Commercial Vehicles",3,,
,"Dual fuel","Passenger Vehicles",0,,
,,"Light Commercial Vehicles",0,,
,"Other","Passenger Vehicles",0,,
,,"Light Commercial Vehicles",0,,
,"Unknown","Passenger Vehicles",0,,
,,"Light Commercial Vehicles",0,,
"6317","Diesel","Passenger Vehicles",413,,
,,"Light Commercial Vehicles",781,,
,"Electric","Passenger Vehicles",3,,
,,"Light Commercial Vehicles",0,,
,"Petrol leaded","Passenger Vehicles",64,,
,,"Light Commercial Vehicles",19,,
,"Petrol unleaded","Passenger Vehicles",1826,,
,,"Light Commercial Vehicles",245,,
,"LPG/Other gases","Passenger Vehicles",22,,
,,"Light Commercial Vehicles",14,,
,"Dual fuel","Passenger Vehicles",0,,
,,"Light Commercial Vehicles",0,,
,"Other","Passenger Vehicles",0,,
,,"Light Commercial Vehicles",0,,
,"Unknown","Passenger Vehicles",0,,
,,"Light Commercial Vehicles",0,,
"6318","Diesel","Passenger Vehicles",79,,
,,"Light Commercial Vehicles",159,,
,"Electric","Passenger Vehicles",0,,
,,"Light Commercial Vehicles",0,,
,"Petrol leaded","Passenger Vehicles",6,,
,,"Light Commercial Vehicles",5,,
,"Petrol unleaded","Passenger Vehicles",116,,
,,"Light Commercial Vehicles",21,,
,"LPG/Other gases","Passenger Vehicles",0,,
,,"Light Commercial Vehicles",3,,
,"Dual fuel","Passenger Vehicles",0,,
,,"Light Commercial Vehicles",0,,
,"Other","Passenger Vehicles",0,,
,,"Light Commercial Vehicles",0,,
,"Unknown","Passenger Vehicles",0,,
,,"Light Commercial Vehicles",0,,
"6320","Diesel","Passenger Vehicles",107,,
,,"Light Commercial Vehicles",238,,
,"Electric","Passenger Vehicles",0,,
,,"Light Commercial Vehicles",0,,
,"Petrol leaded","Passenger Vehicles",13,,
,,"Light Commercial Vehicles",10,,
,"Petrol unleaded","Passenger Vehicles",239,,
,,"Light Commercial Vehicles",31,,
,"LPG/Other gases","Passenger Vehicles",4,,
,,"Light Commercial Vehicles",3,,
,"Dual fuel","Passenger Vehicles",0,,
,,"Light Commercial Vehicles",0,,
,"Other","Passenger Vehicles",0,,
,,"Light Commercial Vehicles",0,,
,"Unknown","Passenger Vehicles",0,,
,,"Light Commercial Vehicles",0,,
"6321","Diesel","Passenger Vehicles",82,,
,,"Light Commercial Vehicles",205,,
,"Electric","Passenger Vehicles",0,,
,,"Light Commercial Vehicles",0,,
,"Petrol leaded","Passenger Vehicles",4,,
,,"Light Commercial Vehicles",3,,
,"Petrol unleaded","Passenger Vehicles",209,,
,,"Light Commercial Vehicles",27,,
,"LPG/Other gases","Passenger Vehicles",3,,
,,"Light Commercial Vehicles",3,,
,"Dual fuel","Passenger Vehicles",0,,
,,"Light Commercial Vehicles",0,,
,"Other","Passenger Vehicles",0,,
,,"Light Commercial Vehicles",0,,
,"Unknown","Passenger Vehicles",0,,
,,"Light Commercial Vehicles",0,,
"6322","Diesel","Passenger Vehicles",32,,
,,"Light Commercial Vehicles",97,,
,"Electric","Passenger Vehicles",0,,
,,"Light Commercial Vehicles",0,,
,"Petrol leaded","Passenger Vehicles",7,,
,,"Light Commercial Vehicles",3,,
,"Petrol unleaded","Passenger Vehicles",106,,
,,"Light Commercial Vehicles",30,,
,"LPG/Other gases","Passenger Vehicles",5,,
,,"Light Commercial Vehicles",3,,
,"Dual fuel","Passenger Vehicles",0,,
,,"Light Commercial Vehicles",0,,
,"Other","Passenger Vehicles",0,,
,,"Light Commercial Vehicles",0,,
,"Unknown","Passenger Vehicles",0,,
,,"Light Commercial Vehicles",0,,
"6323","Diesel","Passenger Vehicles",135,,
,,"Light Commercial Vehicles",254,,
,"Electric","Passenger Vehicles",0,,
,,"Light Commercial Vehicles",0,,
,"Petrol leaded","Passenger Vehicles",33,,
,,"Light Commercial Vehicles",19,,
,"Petrol unleaded","Passenger Vehicles",509,,
,,"Light Commercial Vehicles",87,,
,"LPG/Other gases","Passenger Vehicles",9,,
,,"Light Commercial Vehicles",7,,
,"Dual fuel","Passenger Vehicles",0,,
,,"Light Commercial Vehicles",0,,
,"Other","Passenger Vehicles",0,,
,,"Light Commercial Vehicles",0,,
,"Unknown","Passenger Vehicles",0,,
,,"Light Commercial Vehicles",0,,
"6324","Diesel","Passenger Vehicles",451,,
,,"Light Commercial Vehicles",819,,
,"Electric","Passenger Vehicles",0,,
,,"Light Commercial Vehicles",0,,
,"Petrol leaded","Passenger Vehicles",59,,
,,"Light Commercial Vehicles",28,,
,"Petrol unleaded","Passenger Vehicles",1575,,
,,"Light Commercial Vehicles",245,,
,"LPG/Other gases","Passenger Vehicles",35,,
,,"Light Commercial Vehicles",18,,
,"Dual fuel","Passenger Vehicles",0,,
,,"Light Commercial Vehicles",0,,
,"Other","Passenger Vehicles",0,,
,,"Light Commercial Vehicles",0,,
,"Unknown","Passenger Vehicles",0,,
,,"Light Commercial Vehicles",0,,
"6326","Diesel","Passenger Vehicles",93,,
,,"Light Commercial Vehicles",221,,
,"Electric","Passenger Vehicles",0,,
,,"Light Commercial Vehicles",0,,
,"Petrol leaded","Passenger Vehicles",14,,
,,"Light Commercial Vehicles",6,,
,"Petrol unleaded","Passenger Vehicles",207,,
,,"Light Commercial Vehicles",34,,
,"LPG/Other gases","Passenger Vehicles",6,,
,,"Light Commercial Vehicles",0,,
,"Dual fuel","Passenger Vehicles",0,,
,,"Light Commercial Vehicles",0,,
,"Other","Passenger Vehicles",0,,
,,"Light Commercial Vehicles",0,,
,"Unknown","Passenger Vehicles",0,,
,,"Light Commercial Vehicles",0,,
"6327","Diesel","Passenger Vehicles",51,,
,,"Light Commercial Vehicles",90,,
,"Electric","Passenger Vehicles",0,,
,,"Light Commercial Vehicles",0,,
,"Petrol leaded","Passenger Vehicles",3,,
,,"Light Commercial Vehicles",3,,
,"Petrol unleaded","Passenger Vehicles",96,,
,,"Light Commercial Vehicles",16,,
,"LPG/Other gases","Passenger Vehicles",4,,
,,"Light Commercial Vehicles",3,,
,"Dual fuel","Passenger Vehicles",0,,
,,"Light Commercial Vehicles",0,,
,"Other","Passenger Vehicles",0,,
,,"Light Commercial Vehicles",0,,
,"Unknown","Passenger Vehicles",0,,
,,"Light Commercial Vehicles",0,,
"6328","Diesel","Passenger Vehicles",107,,
,,"Light Commercial Vehicles",229,,
,"Electric","Passenger Vehicles",0,,
,,"Light Commercial Vehicles",0,,
,"Petrol leaded","Passenger Vehicles",7,,
,,"Light Commercial Vehicles",8,,
,"Petrol unleaded","Passenger Vehicles",176,,
,,"Light Commercial Vehicles",28,,
,"LPG/Other gases","Passenger Vehicles",4,,
,,"Light Commercial Vehicles",0,,
,"Dual fuel","Passenger Vehicles",0,,
,,"Light Commercial Vehicles",0,,
,"Other","Passenger Vehicles",0,,
,,"Light Commercial Vehicles",0,,
,"Unknown","Passenger Vehicles",0,,
,,"Light Commercial Vehicles",0,,
"6330","Diesel","Passenger Vehicles",4480,,
,,"Light Commercial Vehicles",5771,,
,"Electric","Passenger Vehicles",10,,
,,"Light Commercial Vehicles",0,,
,"Petrol leaded","Passenger Vehicles",735,,
,,"Light Commercial Vehicles",236,,
,"Petrol unleaded","Passenger Vehicles",16987,,
,,"Light Commercial Vehicles",1754,,
,"LPG/Other gases","Passenger Vehicles",263,,
,,"Light Commercial Vehicles",136,,
,"Dual fuel","Passenger Vehicles",0,,
,,"Light Commercial Vehicles",0,,
,"Other","Passenger Vehicles",3,,
,,"Light Commercial Vehicles",0,,
,"Unknown","Passenger Vehicles",0,,
,,"Light Commercial Vehicles",0,,
"6333","Diesel","Passenger Vehicles",789,,
,,"Light Commercial Vehicles",990,,
,"Electric","Passenger Vehicles",0,,
,,"Light Commercial Vehicles",0,,
,"Petrol leaded","Passenger Vehicles",70,,
,,"Light Commercial Vehicles",50,,
,"Petrol unleaded","Passenger Vehicles",2204,,
,,"Light Commercial Vehicles",217,,
,"LPG/Other gases","Passenger Vehicles",51,,
,,"Light Commercial Vehicles",24,,
,"Dual fuel","Passenger Vehicles",0,,
,,"Light Commercial Vehicles",0,,
,"Other","Passenger Vehicles",3,,
,,"Light Commercial Vehicles",0,,
,"Unknown","Passenger Vehicles",0,,
,,"Light Commercial Vehicles",0,,
"6335","Diesel","Passenger Vehicles",146,,
,,"Light Commercial Vehicles",287,,
,"Electric","Passenger Vehicles",0,,
,,"Light Commercial Vehicles",0,,
,"Petrol leaded","Passenger Vehicles",14,,
,,"Light Commercial Vehicles",9,,
,"Petrol unleaded","Passenger Vehicles",296,,
,,"Light Commercial Vehicles",45,,
,"LPG/Other gases","Passenger Vehicles",14,,
,,"Light Commercial Vehicles",3,,
,"Dual fuel","Passenger Vehicles",0,,
,,"Light Commercial Vehicles",0,,
,"Other","Passenger Vehicles",0,,
,,"Light Commercial Vehicles",0,,
,"Unknown","Passenger Vehicles",0,,
,,"Light Commercial Vehicles",0,,
"6336","Diesel","Passenger Vehicles",55,,
,,"Light Commercial Vehicles",127,,
,"Electric","Passenger Vehicles",0,,
,,"Light Commercial Vehicles",0,,
,"Petrol leaded","Passenger Vehicles",3,,
,,"Light Commercial Vehicles",6,,
,"Petrol unleaded","Passenger Vehicles",84,,
,,"Light Commercial Vehicles",10,,
,"LPG/Other gases","Passenger Vehicles",3,,
,,"Light Commercial Vehicles",3,,
,"Dual fuel","Passenger Vehicles",0,,
,,"Light Commercial Vehicles",0,,
,"Other","Passenger Vehicles",0,,
,,"Light Commercial Vehicles",0,,
,"Unknown","Passenger Vehicles",0,,
,,"Light Commercial Vehicles",0,,
"6337","Diesel","Passenger Vehicles",141,,
,,"Light Commercial Vehicles",302,,
,"Electric","Passenger Vehicles",0,,
,,"Light Commercial Vehicles",0,,
,"Petrol leaded","Passenger Vehicles",12,,
,,"Light Commercial Vehicles",3,,
,"Petrol unleaded","Passenger Vehicles",201,,
,,"Light Commercial Vehicles",28,,
,"LPG/Other gases","Passenger Vehicles",4,,
,,"Light Commercial Vehicles",7,,
,"Dual fuel","Passenger Vehicles",0,,
,,"Light Commercial Vehicles",0,,
,"Other","Passenger Vehicles",0,,
,,"Light Commercial Vehicles",0,,
,"Unknown","Passenger Vehicles",0,,
,,"Light Commercial Vehicles",0,,
"6338","Diesel","Passenger Vehicles",165,,
,,"Light Commercial Vehicles",304,,
,"Electric","Passenger Vehicles",0,,
,,"Light Commercial Vehicles",0,,
,"Petrol leaded","Passenger Vehicles",26,,
,,"Light Commercial Vehicles",9,,
,"Petrol unleaded","Passenger Vehicles",236,,
,,"Light Commercial Vehicles",29,,
,"LPG/Other gases","Passenger Vehicles",7,,
,,"Light Commercial Vehicles",0,,
,"Dual fuel","Passenger Vehicles",0,,
,,"Light Commercial Vehicles",0,,
,"Other","Passenger Vehicles",0,,
,,"Light Commercial Vehicles",0,,
,"Unknown","Passenger Vehicles",0,,
,,"Light Commercial Vehicles",0,,
"6341","Diesel","Passenger Vehicles",48,,
,,"Light Commercial Vehicles",127,,
,"Electric","Passenger Vehicles",0,,
,,"Light Commercial Vehicles",0,,
,"Petrol leaded","Passenger Vehicles",9,,
,,"Light Commercial Vehicles",5,,
,"Petrol unleaded","Passenger Vehicles",78,,
,,"Light Commercial Vehicles",8,,
,"LPG/Other gases","Passenger Vehicles",3,,
,,"Light Commercial Vehicles",0,,
,"Dual fuel","Passenger Vehicles",0,,
,,"Light Commercial Vehicles",0,,
,"Other","Passenger Vehicles",0,,
,,"Light Commercial Vehicles",0,,
,"Unknown","Passenger Vehicles",0,,
,,"Light Commercial Vehicles",0,,
"6343","Diesel","Passenger Vehicles",78,,
,,"Light Commercial Vehicles",121,,
,"Electric","Passenger Vehicles",0,,
,,"Light Commercial Vehicles",0,,
,"Petrol leaded","Passenger Vehicles",9,,
,,"Light Commercial Vehicles",7,,
,"Petrol unleaded","Passenger Vehicles",76,,
,,"Light Commercial Vehicles",10,,
,"LPG/Other gases","Passenger Vehicles",0,,
,,"Light Commercial Vehicles",3,,
,"Dual fuel","Passenger Vehicles",0,,
,,"Light Commercial Vehicles",0,,
,"Other","Passenger Vehicles",0,,
,,"Light Commercial Vehicles",0,,
,"Unknown","Passenger Vehicles",0,,
,,"Light Commercial Vehicles",0,,
"6346","Diesel","Passenger Vehicles",170,,
,,"Light Commercial Vehicles",345,,
,"Electric","Passenger Vehicles",0,,
,,"Light Commercial Vehicles",0,,
,"Petrol leaded","Passenger Vehicles",24,,
,,"Light Commercial Vehicles",12,,
,"Petrol unleaded","Passenger Vehicles",226,,
,,"Light Commercial Vehicles",45,,
,"LPG/Other gases","Passenger Vehicles",7,,
,,"Light Commercial Vehicles",3,,
,"Dual fuel","Passenger Vehicles",0,,
,,"Light Commercial Vehicles",0,,
,"Other","Passenger Vehicles",0,,
,,"Light Commercial Vehicles",0,,
,"Unknown","Passenger Vehicles",0,,
,,"Light Commercial Vehicles",0,,
"6348","Diesel","Passenger Vehicles",138,,
,,"Light Commercial Vehicles",208,,
,"Electric","Passenger Vehicles",0,,
,,"Light Commercial Vehicles",0,,
,"Petrol leaded","Passenger Vehicles",10,,
,,"Light Commercial Vehicles",6,,
,"Petrol unleaded","Passenger Vehicles",300,,
,,"Light Commercial Vehicles",50,,
,"LPG/Other gases","Passenger Vehicles",3,,
,,"Light Commercial Vehicles",3,,
,"Dual fuel","Passenger Vehicles",0,,
,,"Light Commercial Vehicles",0,,
,"Other","Passenger Vehicles",0,,
,,"Light Commercial Vehicles",0,,
,"Unknown","Passenger Vehicles",0,,
,,"Light Commercial Vehicles",0,,
"6350","Diesel","Passenger Vehicles",67,,
,,"Light Commercial Vehicles",174,,
,"Electric","Passenger Vehicles",0,,
,,"Light Commercial Vehicles",0,,
,"Petrol leaded","Passenger Vehicles",11,,
,,"Light Commercial Vehicles",12,,
,"Petrol unleaded","Passenger Vehicles",177,,
,,"Light Commercial Vehicles",37,,
,"LPG/Other gases","Passenger Vehicles",5,,
,,"Light Commercial Vehicles",7,,
,"Dual fuel","Passenger Vehicles",0,,
,,"Light Commercial Vehicles",0,,
,"Other","Passenger Vehicles",0,,
,,"Light Commercial Vehicles",0,,
,"Unknown","Passenger Vehicles",0,,
,,"Light Commercial Vehicles",0,,
"6351","Diesel","Passenger Vehicles",3,,
,,"Light Commercial Vehicles",6,,
,"Electric","Passenger Vehicles",0,,
,,"Light Commercial Vehicles",0,,
,"Petrol leaded","Passenger Vehicles",0,,
,,"Light Commercial Vehicles",3,,
,"Petrol unleaded","Passenger Vehicles",9,,
,,"Light Commercial Vehicles",3,,
,"LPG/Other gases","Passenger Vehicles",0,,
,,"Light Commercial Vehicles",0,,
,"Dual fuel","Passenger Vehicles",0,,
,,"Light Commercial Vehicles",0,,
,"Other","Passenger Vehicles",0,,
,,"Light Commercial Vehicles",0,,
,"Unknown","Passenger Vehicles",0,,
,,"Light Commercial Vehicles",0,,
"6352","Diesel","Passenger Vehicles",28,,
,,"Light Commercial Vehicles",79,,
,"Electric","Passenger Vehicles",0,,
,,"Light Commercial Vehicles",0,,
,"Petrol leaded","Passenger Vehicles",6,,
,,"Light Commercial Vehicles",4,,
,"Petrol unleaded","Passenger Vehicles",74,,
,,"Light Commercial Vehicles",7,,
,"LPG/Other gases","Passenger Vehicles",3,,
,,"Light Commercial Vehicles",0,,
,"Dual fuel","Passenger Vehicles",0,,
,,"Light Commercial Vehicles",0,,
,"Other","Passenger Vehicles",0,,
,,"Light Commercial Vehicles",0,,
,"Unknown","Passenger Vehicles",0,,
,,"Light Commercial Vehicles",0,,
"6353","Diesel","Passenger Vehicles",154,,
,,"Light Commercial Vehicles",297,,
,"Electric","Passenger Vehicles",0,,
,,"Light Commercial Vehicles",0,,
,"Petrol leaded","Passenger Vehicles",21,,
,,"Light Commercial Vehicles",13,,
,"Petrol unleaded","Passenger Vehicles",277,,
,,"Light Commercial Vehicles",38,,
,"LPG/Other gases","Passenger Vehicles",3,,
,,"Light Commercial Vehicles",4,,
,"Dual fuel","Passenger Vehicles",0,,
,,"Light Commercial Vehicles",0,,
,"Other","Passenger Vehicles",0,,
,,"Light Commercial Vehicles",0,,
,"Unknown","Passenger Vehicles",0,,
,,"Light Commercial Vehicles",0,,
"6355","Diesel","Passenger Vehicles",131,,
,,"Light Commercial Vehicles",312,,
,"Electric","Passenger Vehicles",0,,
,,"Light Commercial Vehicles",0,,
,"Petrol leaded","Passenger Vehicles",7,,
,,"Light Commercial Vehicles",3,,
,"Petrol unleaded","Passenger Vehicles",172,,
,,"Light Commercial Vehicles",27,,
,"LPG/Other gases","Passenger Vehicles",3,,
,,"Light Commercial Vehicles",0,,
,"Dual fuel","Passenger Vehicles",0,,
,,"Light Commercial Vehicles",0,,
,"Other","Passenger Vehicles",0,,
,,"Light Commercial Vehicles",0,,
,"Unknown","Passenger Vehicles",0,,
,,"Light Commercial Vehicles",0,,
"6356","Diesel","Passenger Vehicles",48,,
,,"Light Commercial Vehicles",126,,
,"Electric","Passenger Vehicles",0,,
,,"Light Commercial Vehicles",0,,
,"Petrol leaded","Passenger Vehicles",6,,
,,"Light Commercial Vehicles",0,,
,"Petrol unleaded","Passenger Vehicles",52,,
,,"Light Commercial Vehicles",10,,
,"LPG/Other gases","Passenger Vehicles",0,,
,,"Light Commercial Vehicles",0,,
,"Dual fuel","Passenger Vehicles",0,,
,,"Light Commercial Vehicles",0,,
,"Other","Passenger Vehicles",0,,
,,"Light Commercial Vehicles",0,,
,"Unknown","Passenger Vehicles",0,,
,,"Light Commercial Vehicles",0,,
"6357","Diesel","Passenger Vehicles",18,,
,,"Light Commercial Vehicles",56,,
,"Electric","Passenger Vehicles",0,,
,,"Light Commercial Vehicles",0,,
,"Petrol leaded","Passenger Vehicles",3,,
,,"Light Commercial Vehicles",3,,
,"Petrol unleaded","Passenger Vehicles",32,,
,,"Light Commercial Vehicles",8,,
,"LPG/Other gases","Passenger Vehicles",0,,
,,"Light Commercial Vehicles",0,,
,"Dual fuel","Passenger Vehicles",0,,
,,"Light Commercial Vehicles",0,,
,"Other","Passenger Vehicles",0,,
,,"Light Commercial Vehicles",0,,
,"Unknown","Passenger Vehicles",0,,
,,"Light Commercial Vehicles",0,,
"6358","Diesel","Passenger Vehicles",17,,
,,"Light Commercial Vehicles",70,,
,"Electric","Passenger Vehicles",0,,
,,"Light Commercial Vehicles",0,,
,"Petrol leaded","Passenger Vehicles",3,,
,,"Light Commercial Vehicles",3,,
,"Petrol unleaded","Passenger Vehicles",50,,
,,"Light Commercial Vehicles",10,,
,"LPG/Other gases","Passenger Vehicles",0,,
,,"Light Commercial Vehicles",0,,
,"Dual fuel","Passenger Vehicles",0,,
,,"Light Commercial Vehicles",0,,
,"Other","Passenger Vehicles",0,,
,,"Light Commercial Vehicles",0,,
,"Unknown","Passenger Vehicles",0,,
,,"Light Commercial Vehicles",0,,
"6359","Diesel","Passenger Vehicles",90,,
,,"Light Commercial Vehicles",182,,
,"Electric","Passenger Vehicles",0,,
,,"Light Commercial Vehicles",0,,
,"Petrol leaded","Passenger Vehicles",3,,
,,"Light Commercial Vehicles",8,,
,"Petrol unleaded","Passenger Vehicles",183,,
,,"Light Commercial Vehicles",38,,
,"LPG/Other gases","Passenger Vehicles",0,,
,,"Light Commercial Vehicles",3,,
,"Dual fuel","Passenger Vehicles",0,,
,,"Light Commercial Vehicles",0,,
,"Other","Passenger Vehicles",0,,
,,"Light Commercial Vehicles",0,,
,"Unknown","Passenger Vehicles",0,,
,,"Light Commercial Vehicles",0,,
"6361","Diesel","Passenger Vehicles",25,,
,,"Light Commercial Vehicles",56,,
,"Electric","Passenger Vehicles",0,,
,,"Light Commercial Vehicles",0,,
,"Petrol leaded","Passenger Vehicles",3,,
,,"Light Commercial Vehicles",5,,
,"Petrol unleaded","Passenger Vehicles",42,,
,,"Light Commercial Vehicles",11,,
,"LPG/Other gases","Passenger Vehicles",0,,
,,"Light Commercial Vehicles",0,,
,"Dual fuel","Passenger Vehicles",0,,
,,"Light Commercial Vehicles",0,,
,"Other","Passenger Vehicles",0,,
,,"Light Commercial Vehicles",0,,
,"Unknown","Passenger Vehicles",0,,
,,"Light Commercial Vehicles",0,,
"6363","Diesel","Passenger Vehicles",16,,
,,"Light Commercial Vehicles",33,,
,"Electric","Passenger Vehicles",0,,
,,"Light Commercial Vehicles",0,,
,"Petrol leaded","Passenger Vehicles",0,,
,,"Light Commercial Vehicles",0,,
,"Petrol unleaded","Passenger Vehicles",12,,
,,"Light Commercial Vehicles",3,,
,"LPG/Other gases","Passenger Vehicles",0,,
,,"Light Commercial Vehicles",0,,
,"Dual fuel","Passenger Vehicles",0,,
,,"Light Commercial Vehicles",0,,
,"Other","Passenger Vehicles",0,,
,,"Light Commercial Vehicles",0,,
,"Unknown","Passenger Vehicles",0,,
,,"Light Commercial Vehicles",0,,
"6365","Diesel","Passenger Vehicles",111,,
,,"Light Commercial Vehicles",226,,
,"Electric","Passenger Vehicles",0,,
,,"Light Commercial Vehicles",0,,
,"Petrol leaded","Passenger Vehicles",10,,
,,"Light Commercial Vehicles",5,,
,"Petrol unleaded","Passenger Vehicles",219,,
,,"Light Commercial Vehicles",31,,
,"LPG/Other gases","Passenger Vehicles",4,,
,,"Light Commercial Vehicles",0,,
,"Dual fuel","Passenger Vehicles",0,,
,,"Light Commercial Vehicles",0,,
,"Other","Passenger Vehicles",0,,
,,"Light Commercial Vehicles",0,,
,"Unknown","Passenger Vehicles",0,,
,,"Light Commercial Vehicles",0,,
"6367","Diesel","Passenger Vehicles",55,,
,,"Light Commercial Vehicles",140,,
,"Electric","Passenger Vehicles",0,,
,,"Light Commercial Vehicles",0,,
,"Petrol leaded","Passenger Vehicles",11,,
,,"Light Commercial Vehicles",5,,
,"Petrol unleaded","Passenger Vehicles",150,,
,,"Light Commercial Vehicles",29,,
,"LPG/Other gases","Passenger Vehicles",0,,
,,"Light Commercial Vehicles",3,,
,"Dual fuel","Passenger Vehicles",0,,
,,"Light Commercial Vehicles",0,,
,"Other","Passenger Vehicles",3,,
,,"Light Commercial Vehicles",0,,
,"Unknown","Passenger Vehicles",0,,
,,"Light Commercial Vehicles",0,,
"6368","Diesel","Passenger Vehicles",0,,
,,"Light Commercial Vehicles",3,,
,"Electric","Passenger Vehicles",0,,
,,"Light Commercial Vehicles",0,,
,"Petrol leaded","Passenger Vehicles",0,,
,,"Light Commercial Vehicles",0,,
,"Petrol unleaded","Passenger Vehicles",7,,
,,"Light Commercial Vehicles",0,,
,"LPG/Other gases","Passenger Vehicles",0,,
,,"Light Commercial Vehicles",0,,
,"Dual fuel","Passenger Vehicles",0,,
,,"Light Commercial Vehicles",0,,
,"Other","Passenger Vehicles",0,,
,,"Light Commercial Vehicles",0,,
,"Unknown","Passenger Vehicles",0,,
,,"Light Commercial Vehicles",0,,
"6369","Diesel","Passenger Vehicles",132,,
,,"Light Commercial Vehicles",231,,
,"Electric","Passenger Vehicles",0,,
,,"Light Commercial Vehicles",0,,
,"Petrol leaded","Passenger Vehicles",16,,
,,"Light Commercial Vehicles",5,,
,"Petrol unleaded","Passenger Vehicles",286,,
,,"Light Commercial Vehicles",43,,
,"LPG/Other gases","Passenger Vehicles",4,,
,,"Light Commercial Vehicles",3,,
,"Dual fuel","Passenger Vehicles",0,,
,,"Light Commercial Vehicles",0,,
,"Other","Passenger Vehicles",0,,
,,"Light Commercial Vehicles",0,,
,"Unknown","Passenger Vehicles",0,,
,,"Light Commercial Vehicles",0,,
"6370","Diesel","Passenger Vehicles",78,,
,,"Light Commercial Vehicles",215,,
,"Electric","Passenger Vehicles",0,,
,,"Light Commercial Vehicles",0,,
,"Petrol leaded","Passenger Vehicles",10,,
,,"Light Commercial Vehicles",3,,
,"Petrol unleaded","Passenger Vehicles",206,,
,,"Light Commercial Vehicles",45,,
,"LPG/Other gases","Passenger Vehicles",3,,
,,"Light Commercial Vehicles",5,,
,"Dual fuel","Passenger Vehicles",0,,
,,"Light Commercial Vehicles",0,,
,"Other","Passenger Vehicles",0,,
,,"Light Commercial Vehicles",0,,
,"Unknown","Passenger Vehicles",0,,
,,"Light Commercial Vehicles",0,,
"6372","Diesel","Passenger Vehicles",36,,
,,"Light Commercial Vehicles",59,,
,"Electric","Passenger Vehicles",0,,
,,"Light Commercial Vehicles",0,,
,"Petrol leaded","Passenger Vehicles",4,,
,,"Light Commercial Vehicles",0,,
,"Petrol unleaded","Passenger Vehicles",71,,
,,"Light Commercial Vehicles",15,,
,"LPG/Other gases","Passenger Vehicles",0,,
,,"Light Commercial Vehicles",3,,
,"Dual fuel","Passenger Vehicles",0,,
,,"Light Commercial Vehicles",0,,
,"Other","Passenger Vehicles",0,,
,,"Light Commercial Vehicles",0,,
,"Unknown","Passenger Vehicles",0,,
,,"Light Commercial Vehicles",0,,
"6373","Diesel","Passenger Vehicles",10,,
,,"Light Commercial Vehicles",20,,
,"Electric","Passenger Vehicles",0,,
,,"Light Commercial Vehicles",0,,
,"Petrol leaded","Passenger Vehicles",3,,
,,"Light Commercial Vehicles",0,,
,"Petrol unleaded","Passenger Vehicles",19,,
,,"Light Commercial Vehicles",5,,
,"LPG/Other gases","Passenger Vehicles",0,,
,,"Light Commercial Vehicles",0,,
,"Dual fuel","Passenger Vehicles",0,,
,,"Light Commercial Vehicles",0,,
,"Other","Passenger Vehicles",0,,
,,"Light Commercial Vehicles",0,,
,"Unknown","Passenger Vehicles",0,,
,,"Light Commercial Vehicles",0,,
"6375","Diesel","Passenger Vehicles",174,,
,,"Light Commercial Vehicles",366,,
,"Electric","Passenger Vehicles",0,,
,,"Light Commercial Vehicles",0,,
,"Petrol leaded","Passenger Vehicles",21,,
,,"Light Commercial Vehicles",17,,
,"Petrol unleaded","Passenger Vehicles",399,,
,,"Light Commercial Vehicles",89,,
,"LPG/Other gases","Passenger Vehicles",8,,
,,"Light Commercial Vehicles",4,,
,"Dual fuel","Passenger Vehicles",0,,
,,"Light Commercial Vehicles",0,,
,"Other","Passenger Vehicles",0,,
,,"Light Commercial Vehicles",0,,
,"Unknown","Passenger Vehicles",0,,
,,"Light Commercial Vehicles",0,,
"6383","Diesel","Passenger Vehicles",153,,
,,"Light Commercial Vehicles",277,,
,"Electric","Passenger Vehicles",0,,
,,"Light Commercial Vehicles",0,,
,"Petrol leaded","Passenger Vehicles",26,,
,,"Light Commercial Vehicles",11,,
,"Petrol unleaded","Passenger Vehicles",465,,
,,"Light Commercial Vehicles",88,,
,"LPG/Other gases","Passenger Vehicles",7,,
,,"Light Commercial Vehicles",7,,
,"Dual fuel","Passenger Vehicles",0,,
,,"Light Commercial Vehicles",0,,
,"Other","Passenger Vehicles",0,,
,,"Light Commercial Vehicles",0,,
,"Unknown","Passenger Vehicles",0,,
,,"Light Commercial Vehicles",0,,
"6384","Diesel","Passenger Vehicles",3,,
,,"Light Commercial Vehicles",3,,
,"Electric","Passenger Vehicles",0,,
,,"Light Commercial Vehicles",0,,
,"Petrol leaded","Passenger Vehicles",0,,
,,"Light Commercial Vehicles",0,,
,"Petrol unleaded","Passenger Vehicles",3,,
,,"Light Commercial Vehicles",0,,
,"LPG/Other gases","Passenger Vehicles",0,,
,,"Light Commercial Vehicles",0,,
,"Dual fuel","Passenger Vehicles",0,,
,,"Light Commercial Vehicles",0,,
,"Other","Passenger Vehicles",0,,
,,"Light Commercial Vehicles",0,,
,"Unknown","Passenger Vehicles",0,,
,,"Light Commercial Vehicles",0,,
"6385","Diesel","Passenger Vehicles",0,,
,,"Light Commercial Vehicles",3,,
,"Electric","Passenger Vehicles",0,,
,,"Light Commercial Vehicles",0,,
,"Petrol leaded","Passenger Vehicles",0,,
,,"Light Commercial Vehicles",0,,
,"Petrol unleaded","Passenger Vehicles",3,,
,,"Light Commercial Vehicles",0,,
,"LPG/Other gases","Passenger Vehicles",0,,
,,"Light Commercial Vehicles",0,,
,"Dual fuel","Passenger Vehicles",0,,
,,"Light Commercial Vehicles",0,,
,"Other","Passenger Vehicles",0,,
,,"Light Commercial Vehicles",0,,
,"Unknown","Passenger Vehicles",0,,
,,"Light Commercial Vehicles",0,,
"6386","Diesel","Passenger Vehicles",22,,
,,"Light Commercial Vehicles",32,,
,"Electric","Passenger Vehicles",0,,
,,"Light Commercial Vehicles",0,,
,"Petrol leaded","Passenger Vehicles",3,,
,,"Light Commercial Vehicles",0,,
,"Petrol unleaded","Passenger Vehicles",48,,
,,"Light Commercial Vehicles",13,,
,"LPG/Other gases","Passenger Vehicles",0,,
,,"Light Commercial Vehicles",3,,
,"Dual fuel","Passenger Vehicles",0,,
,,"Light Commercial Vehicles",0,,
,"Other","Passenger Vehicles",0,,
,,"Light Commercial Vehicles",0,,
,"Unknown","Passenger Vehicles",0,,
,,"Light Commercial Vehicles",0,,
"6390","Diesel","Passenger Vehicles",269,,
,,"Light Commercial Vehicles",425,,
,"Electric","Passenger Vehicles",0,,
,,"Light Commercial Vehicles",0,,
,"Petrol leaded","Passenger Vehicles",47,,
,,"Light Commercial Vehicles",19,,
,"Petrol unleaded","Passenger Vehicles",657,,
,,"Light Commercial Vehicles",108,,
,"LPG/Other gases","Passenger Vehicles",15,,
,,"Light Commercial Vehicles",9,,
,"Dual fuel","Passenger Vehicles",0,,
,,"Light Commercial Vehicles",0,,
,"Other","Passenger Vehicles",0,,
,,"Light Commercial Vehicles",0,,
,"Unknown","Passenger Vehicles",0,,
,,"Light Commercial Vehicles",0,,
"6391","Diesel","Passenger Vehicles",186,,
,,"Light Commercial Vehicles",461,,
,"Electric","Passenger Vehicles",0,,
,,"Light Commercial Vehicles",0,,
,"Petrol leaded","Passenger Vehicles",23,,
,,"Light Commercial Vehicles",16,,
,"Petrol unleaded","Passenger Vehicles",403,,
,,"Light Commercial Vehicles",58,,
,"LPG/Other gases","Passenger Vehicles",5,,
,,"Light Commercial Vehicles",10,,
,"Dual fuel","Passenger Vehicles",0,,
,,"Light Commercial Vehicles",0,,
,"Other","Passenger Vehicles",0,,
,,"Light Commercial Vehicles",0,,
,"Unknown","Passenger Vehicles",0,,
,,"Light Commercial Vehicles",0,,
"6392","Diesel","Passenger Vehicles",78,,
,,"Light Commercial Vehicles",203,,
,"Electric","Passenger Vehicles",0,,
,,"Light Commercial Vehicles",0,,
,"Petrol leaded","Passenger Vehicles",7,,
,,"Light Commercial Vehicles",9,,
,"Petrol unleaded","Passenger Vehicles",204,,
,,"Light Commercial Vehicles",35,,
,"LPG/Other gases","Passenger Vehicles",4,,
,,"Light Commercial Vehicles",3,,
,"Dual fuel","Passenger Vehicles",0,,
,,"Light Commercial Vehicles",0,,
,"Other","Passenger Vehicles",0,,
,,"Light Commercial Vehicles",0,,
,"Unknown","Passenger Vehicles",0,,
,,"Light Commercial Vehicles",0,,
"6393","Diesel","Passenger Vehicles",35,,
,,"Light Commercial Vehicles",60,,
,"Electric","Passenger Vehicles",0,,
,,"Light Commercial Vehicles",0,,
,"Petrol leaded","Passenger Vehicles",3,,
,,"Light Commercial Vehicles",3,,
,"Petrol unleaded","Passenger Vehicles",34,,
,,"Light Commercial Vehicles",14,,
,"LPG/Other gases","Passenger Vehicles",3,,
,,"Light Commercial Vehicles",0,,
,"Dual fuel","Passenger Vehicles",0,,
,,"Light Commercial Vehicles",0,,
,"Other","Passenger Vehicles",0,,
,,"Light Commercial Vehicles",0,,
,"Unknown","Passenger Vehicles",0,,
,,"Light Commercial Vehicles",0,,
"6394","Diesel","Passenger Vehicles",26,,
,,"Light Commercial Vehicles",64,,
,"Electric","Passenger Vehicles",0,,
,,"Light Commercial Vehicles",0,,
,"Petrol leaded","Passenger Vehicles",0,,
,,"Light Commercial Vehicles",4,,
,"Petrol unleaded","Passenger Vehicles",90,,
,,"Light Commercial Vehicles",11,,
,"LPG/Other gases","Passenger Vehicles",3,,
,,"Light Commercial Vehicles",0,,
,"Dual fuel","Passenger Vehicles",0,,
,,"Light Commercial Vehicles",0,,
,"Other","Passenger Vehicles",0,,
,,"Light Commercial Vehicles",0,,
,"Unknown","Passenger Vehicles",0,,
,,"Light Commercial Vehicles",0,,
"6395","Diesel","Passenger Vehicles",379,,
,,"Light Commercial Vehicles",770,,
,"Electric","Passenger Vehicles",0,,
,,"Light Commercial Vehicles",0,,
,"Petrol leaded","Passenger Vehicles",39,,
,,"Light Commercial Vehicles",29,,
,"Petrol unleaded","Passenger Vehicles",750,,
,,"Light Commercial Vehicles",128,,
,"LPG/Other gases","Passenger Vehicles",9,,
,,"Light Commercial Vehicles",5,,
,"Dual fuel","Passenger Vehicles",0,,
,,"Light Commercial Vehicles",0,,
,"Other","Passenger Vehicles",0,,
,,"Light Commercial Vehicles",0,,
,"Unknown","Passenger Vehicles",0,,
,,"Light Commercial Vehicles",0,,
"6396","Diesel","Passenger Vehicles",0,,
,,"Light Commercial Vehicles",0,,
,"Electric","Passenger Vehicles",0,,
,,"Light Commercial Vehicles",0,,
,"Petrol leaded","Passenger Vehicles",0,,
,,"Light Commercial Vehicles",0,,
,"Petrol unleaded","Passenger Vehicles",0,,
,,"Light Commercial Vehicles",3,,
,"LPG/Other gases","Passenger Vehicles",0,,
,,"Light Commercial Vehicles",0,,
,"Dual fuel","Passenger Vehicles",0,,
,,"Light Commercial Vehicles",0,,
,"Other","Passenger Vehicles",0,,
,,"Light Commercial Vehicles",0,,
,"Unknown","Passenger Vehicles",0,,
,,"Light Commercial Vehicles",0,,
"6397","Diesel","Passenger Vehicles",12,,
,,"Light Commercial Vehicles",23,,
,"Electric","Passenger Vehicles",0,,
,,"Light Commercial Vehicles",0,,
,"Petrol leaded","Passenger Vehicles",3,,
,,"Light Commercial Vehicles",0,,
,"Petrol unleaded","Passenger Vehicles",48,,
,,"Light Commercial Vehicles",9,,
,"LPG/Other gases","Passenger Vehicles",0,,
,,"Light Commercial Vehicles",0,,
,"Dual fuel","Passenger Vehicles",0,,
,,"Light Commercial Vehicles",0,,
,"Other","Passenger Vehicles",0,,
,,"Light Commercial Vehicles",0,,
,"Unknown","Passenger Vehicles",0,,
,,"Light Commercial Vehicles",0,,
"6398","Diesel","Passenger Vehicles",92,,
,,"Light Commercial Vehicles",120,,
,"Electric","Passenger Vehicles",0,,
,,"Light Commercial Vehicles",0,,
,"Petrol leaded","Passenger Vehicles",3,,
,,"Light Commercial Vehicles",3,,
,"Petrol unleaded","Passenger Vehicles",214,,
,,"Light Commercial Vehicles",20,,
,"LPG/Other gases","Passenger Vehicles",16,,
,,"Light Commercial Vehicles",9,,
,"Dual fuel","Passenger Vehicles",0,,
,,"Light Commercial Vehicles",0,,
,"Other","Passenger Vehicles",0,,
,,"Light Commercial Vehicles",0,,
,"Unknown","Passenger Vehicles",0,,
,,"Light Commercial Vehicles",0,,
"6401","Diesel","Passenger Vehicles",757,,
,,"Light Commercial Vehicles",1175,,
,"Electric","Passenger Vehicles",0,,
,,"Light Commercial Vehicles",0,,
,"Petrol leaded","Passenger Vehicles",169,,
,,"Light Commercial Vehicles",73,,
,"Petrol unleaded","Passenger Vehicles",3354,,
,,"Light Commercial Vehicles",479,,
,"LPG/Other gases","Passenger Vehicles",88,,
,,"Light Commercial Vehicles",36,,
,"Dual fuel","Passenger Vehicles",0,,
,,"Light Commercial Vehicles",0,,
,"Other","Passenger Vehicles",0,,
,,"Light Commercial Vehicles",0,,
,"Unknown","Passenger Vehicles",0,,
,,"Light Commercial Vehicles",0,,
"6403","Diesel","Passenger Vehicles",36,,
,,"Light Commercial Vehicles",59,,
,"Electric","Passenger Vehicles",0,,
,,"Light Commercial Vehicles",0,,
,"Petrol leaded","Passenger Vehicles",21,,
,,"Light Commercial Vehicles",3,,
,"Petrol unleaded","Passenger Vehicles",103,,
,,"Light Commercial Vehicles",25,,
,"LPG/Other gases","Passenger Vehicles",4,,
,,"Light Commercial Vehicles",0,,
,"Dual fuel","Passenger Vehicles",0,,
,,"Light Commercial Vehicles",0,,
,"Other","Passenger Vehicles",0,,
,,"Light Commercial Vehicles",0,,
,"Unknown","Passenger Vehicles",0,,
,,"Light Commercial Vehicles",0,,
"6405","Diesel","Passenger Vehicles",55,,
,,"Light Commercial Vehicles",101,,
,"Electric","Passenger Vehicles",0,,
,,"Light Commercial Vehicles",0,,
,"Petrol leaded","Passenger Vehicles",13,,
,,"Light Commercial Vehicles",3,,
,"Petrol unleaded","Passenger Vehicles",118,,
,,"Light Commercial Vehicles",26,,
,"LPG/Other gases","Passenger Vehicles",3,,
,,"Light Commercial Vehicles",3,,
,"Dual fuel","Passenger Vehicles",0,,
,,"Light Commercial Vehicles",0,,
,"Other","Passenger Vehicles",0,,
,,"Light Commercial Vehicles",0,,
,"Unknown","Passenger Vehicles",0,,
,,"Light Commercial Vehicles",0,,
"6407","Diesel","Passenger Vehicles",149,,
,,"Light Commercial Vehicles",269,,
,"Electric","Passenger Vehicles",0,,
,,"Light Commercial Vehicles",0,,
,"Petrol leaded","Passenger Vehicles",20,,
,,"Light Commercial Vehicles",17,,
,"Petrol unleaded","Passenger Vehicles",413,,
,,"Light Commercial Vehicles",79,,
,"LPG/Other gases","Passenger Vehicles",7,,
,,"Light Commercial Vehicles",3,,
,"Dual fuel","Passenger Vehicles",0,,
,,"Light Commercial Vehicles",0,,
,"Other","Passenger Vehicles",0,,
,,"Light Commercial Vehicles",0,,
,"Unknown","Passenger Vehicles",0,,
,,"Light Commercial Vehicles",0,,
"6409","Diesel","Passenger Vehicles",46,,
,,"Light Commercial Vehicles",113,,
,"Electric","Passenger Vehicles",3,,
,,"Light Commercial Vehicles",0,,
,"Petrol leaded","Passenger Vehicles",6,,
,,"Light Commercial Vehicles",7,,
,"Petrol unleaded","Passenger Vehicles",142,,
,,"Light Commercial Vehicles",24,,
,"LPG/Other gases","Passenger Vehicles",4,,
,,"Light Commercial Vehicles",0,,
,"Dual fuel","Passenger Vehicles",0,,
,,"Light Commercial Vehicles",0,,
,"Other","Passenger Vehicles",0,,
,,"Light Commercial Vehicles",0,,
,"Unknown","Passenger Vehicles",0,,
,,"Light Commercial Vehicles",0,,
"6410","Diesel","Passenger Vehicles",106,,
,,"Light Commercial Vehicles",212,,
,"Electric","Passenger Vehicles",0,,
,,"Light Commercial Vehicles",0,,
,"Petrol leaded","Passenger Vehicles",27,,
,,"Light Commercial Vehicles",24,,
,"Petrol unleaded","Passenger Vehicles",479,,
,,"Light Commercial Vehicles",94,,
,"LPG/Other gases","Passenger Vehicles",11,,
,,"Light Commercial Vehicles",9,,
,"Dual fuel","Passenger Vehicles",0,,
,,"Light Commercial Vehicles",0,,
,"Other","Passenger Vehicles",0,,
,,"Light Commercial Vehicles",0,,
,"Unknown","Passenger Vehicles",0,,
,,"Light Commercial Vehicles",0,,
"6411","Diesel","Passenger Vehicles",17,,
,,"Light Commercial Vehicles",50,,
,"Electric","Passenger Vehicles",0,,
,,"Light Commercial Vehicles",0,,
,"Petrol leaded","Passenger Vehicles",6,,
,,"Light Commercial Vehicles",3,,
,"Petrol unleaded","Passenger Vehicles",51,,
,,"Light Commercial Vehicles",10,,
,"LPG/Other gases","Passenger Vehicles",0,,
,,"Light Commercial Vehicles",0,,
,"Dual fuel","Passenger Vehicles",0,,
,,"Light Commercial Vehicles",0,,
,"Other","Passenger Vehicles",0,,
,,"Light Commercial Vehicles",0,,
,"Unknown","Passenger Vehicles",0,,
,,"Light Commercial Vehicles",0,,
"6412","Diesel","Passenger Vehicles",4,,
,,"Light Commercial Vehicles",19,,
,"Electric","Passenger Vehicles",0,,
,,"Light Commercial Vehicles",0,,
,"Petrol leaded","Passenger Vehicles",0,,
,,"Light Commercial Vehicles",3,,
,"Petrol unleaded","Passenger Vehicles",8,,
,,"Light Commercial Vehicles",0,,
,"LPG/Other gases","Passenger Vehicles",0,,
,,"Light Commercial Vehicles",0,,
,"Dual fuel","Passenger Vehicles",0,,
,,"Light Commercial Vehicles",0,,
,"Other","Passenger Vehicles",0,,
,,"Light Commercial Vehicles",0,,
,"Unknown","Passenger Vehicles",0,,
,,"Light Commercial Vehicles",0,,
"6413","Diesel","Passenger Vehicles",4,,
,,"Light Commercial Vehicles",18,,
,"Electric","Passenger Vehicles",0,,
,,"Light Commercial Vehicles",0,,
,"Petrol leaded","Passenger Vehicles",0,,
,,"Light Commercial Vehicles",0,,
,"Petrol unleaded","Passenger Vehicles",27,,
,,"Light Commercial Vehicles",7,,
,"LPG/Other gases","Passenger Vehicles",3,,
,,"Light Commercial Vehicles",0,,
,"Dual fuel","Passenger Vehicles",0,,
,,"Light Commercial Vehicles",0,,
,"Other","Passenger Vehicles",0,,
,,"Light Commercial Vehicles",0,,
,"Unknown","Passenger Vehicles",0,,
,,"Light Commercial Vehicles",0,,
"6414","Diesel","Passenger Vehicles",6,,
,,"Light Commercial Vehicles",10,,
,"Electric","Passenger Vehicles",0,,
,,"Light Commercial Vehicles",0,,
,"Petrol leaded","Passenger Vehicles",0,,
,,"Light Commercial Vehicles",3,,
,"Petrol unleaded","Passenger Vehicles",19,,
,,"Light Commercial Vehicles",3,,
,"LPG/Other gases","Passenger Vehicles",0,,
,,"Light Commercial Vehicles",3,,
,"Dual fuel","Passenger Vehicles",0,,
,,"Light Commercial Vehicles",0,,
,"Other","Passenger Vehicles",0,,
,,"Light Commercial Vehicles",0,,
,"Unknown","Passenger Vehicles",0,,
,,"Light Commercial Vehicles",0,,
"6415","Diesel","Passenger Vehicles",340,,
,,"Light Commercial Vehicles",714,,
,"Electric","Passenger Vehicles",3,,
,,"Light Commercial Vehicles",0,,
,"Petrol leaded","Passenger Vehicles",42,,
,,"Light Commercial Vehicles",19,,
,"Petrol unleaded","Passenger Vehicles",1144,,
,,"Light Commercial Vehicles",207,,
,"LPG/Other gases","Passenger Vehicles",16,,
,,"Light Commercial Vehicles",17,,
,"Dual fuel","Passenger Vehicles",0,,
,,"Light Commercial Vehicles",0,,
,"Other","Passenger Vehicles",0,,
,,"Light Commercial Vehicles",0,,
,"Unknown","Passenger Vehicles",0,,
,,"Light Commercial Vehicles",0,,
"6418","Diesel","Passenger Vehicles",112,,
,,"Light Commercial Vehicles",214,,
,"Electric","Passenger Vehicles",0,,
,,"Light Commercial Vehicles",0,,
,"Petrol leaded","Passenger Vehicles",21,,
,,"Light Commercial Vehicles",10,,
,"Petrol unleaded","Passenger Vehicles",317,,
,,"Light Commercial Vehicles",62,,
,"LPG/Other gases","Passenger Vehicles",0,,
,,"Light Commercial Vehicles",4,,
,"Dual fuel","Passenger Vehicles",0,,
,,"Light Commercial Vehicles",0,,
,"Other","Passenger Vehicles",0,,
,,"Light Commercial Vehicles",0,,
,"Unknown","Passenger Vehicles",0,,
,,"Light Commercial Vehicles",0,,
"6419","Diesel","Passenger Vehicles",6,,
,,"Light Commercial Vehicles",22,,
,"Electric","Passenger Vehicles",0,,
,,"Light Commercial Vehicles",0,,
,"Petrol leaded","Passenger Vehicles",3,,
,,"Light Commercial Vehicles",3,,
,"Petrol unleaded","Passenger Vehicles",23,,
,,"Light Commercial Vehicles",3,,
,"LPG/Other gases","Passenger Vehicles",0,,
,,"Light Commercial Vehicles",0,,
,"Dual fuel","Passenger Vehicles",0,,
,,"Light Commercial Vehicles",0,,
,"Other","Passenger Vehicles",0,,
,,"Light Commercial Vehicles",0,,
,"Unknown","Passenger Vehicles",0,,
,,"Light Commercial Vehicles",0,,
"6420","Diesel","Passenger Vehicles",21,,
,,"Light Commercial Vehicles",58,,
,"Electric","Passenger Vehicles",0,,
,,"Light Commercial Vehicles",0,,
,"Petrol leaded","Passenger Vehicles",3,,
,,"Light Commercial Vehicles",3,,
,"Petrol unleaded","Passenger Vehicles",44,,
,,"Light Commercial Vehicles",14,,
,"LPG/Other gases","Passenger Vehicles",0,,
,,"Light Commercial Vehicles",0,,
,"Dual fuel","Passenger Vehicles",0,,
,,"Light Commercial Vehicles",0,,
,"Other","Passenger Vehicles",0,,
,,"Light Commercial Vehicles",0,,
,"Unknown","Passenger Vehicles",0,,
,,"Light Commercial Vehicles",0,,
"6421","Diesel","Passenger Vehicles",41,,
,,"Light Commercial Vehicles",51,,
,"Electric","Passenger Vehicles",0,,
,,"Light Commercial Vehicles",0,,
,"Petrol leaded","Passenger Vehicles",3,,
,,"Light Commercial Vehicles",0,,
,"Petrol unleaded","Passenger Vehicles",49,,
,,"Light Commercial Vehicles",9,,
,"LPG/Other gases","Passenger Vehicles",3,,
,,"Light Commercial Vehicles",3,,
,"Dual fuel","Passenger Vehicles",0,,
,,"Light Commercial Vehicles",0,,
,"Other","Passenger Vehicles",0,,
,,"Light Commercial Vehicles",0,,
,"Unknown","Passenger Vehicles",0,,
,,"Light Commercial Vehicles",0,,
"6422","Diesel","Passenger Vehicles",5,,
,,"Light Commercial Vehicles",13,,
,"Electric","Passenger Vehicles",0,,
,,"Light Commercial Vehicles",0,,
,"Petrol leaded","Passenger Vehicles",0,,
,,"Light Commercial Vehicles",0,,
,"Petrol unleaded","Passenger Vehicles",12,,
,,"Light Commercial Vehicles",0,,
,"LPG/Other gases","Passenger Vehicles",0,,
,,"Light Commercial Vehicles",0,,
,"Dual fuel","Passenger Vehicles",0,,
,,"Light Commercial Vehicles",0,,
,"Other","Passenger Vehicles",0,,
,,"Light Commercial Vehicles",0,,
,"Unknown","Passenger Vehicles",0,,
,,"Light Commercial Vehicles",0,,
"6423","Diesel","Passenger Vehicles",39,,
,,"Light Commercial Vehicles",93,,
,"Electric","Passenger Vehicles",0,,
,,"Light Commercial Vehicles",0,,
,"Petrol leaded","Passenger Vehicles",4,,
,,"Light Commercial Vehicles",4,,
,"Petrol unleaded","Passenger Vehicles",74,,
,,"Light Commercial Vehicles",19,,
,"LPG/Other gases","Passenger Vehicles",3,,
,,"Light Commercial Vehicles",3,,
,"Dual fuel","Passenger Vehicles",0,,
,,"Light Commercial Vehicles",0,,
,"Other","Passenger Vehicles",3,,
,,"Light Commercial Vehicles",0,,
,"Unknown","Passenger Vehicles",0,,
,,"Light Commercial Vehicles",0,,
"6424","Diesel","Passenger Vehicles",6,,
,,"Light Commercial Vehicles",26,,
,"Electric","Passenger Vehicles",0,,
,,"Light Commercial Vehicles",0,,
,"Petrol leaded","Passenger Vehicles",0,,
,,"Light Commercial Vehicles",0,,
,"Petrol unleaded","Passenger Vehicles",16,,
,,"Light Commercial Vehicles",3,,
,"LPG/Other gases","Passenger Vehicles",0,,
,,"Light Commercial Vehicles",3,,
,"Dual fuel","Passenger Vehicles",0,,
,,"Light Commercial Vehicles",0,,
,"Other","Passenger Vehicles",0,,
,,"Light Commercial Vehicles",0,,
,"Unknown","Passenger Vehicles",0,,
,,"Light Commercial Vehicles",0,,
"6425","Diesel","Passenger Vehicles",38,,
,,"Light Commercial Vehicles",64,,
,"Electric","Passenger Vehicles",0,,
,,"Light Commercial Vehicles",0,,
,"Petrol leaded","Passenger Vehicles",8,,
,,"Light Commercial Vehicles",3,,
,"Petrol unleaded","Passenger Vehicles",42,,
,,"Light Commercial Vehicles",19,,
,"LPG/Other gases","Passenger Vehicles",3,,
,,"Light Commercial Vehicles",0,,
,"Dual fuel","Passenger Vehicles",0,,
,,"Light Commercial Vehicles",0,,
,"Other","Passenger Vehicles",0,,
,,"Light Commercial Vehicles",0,,
,"Unknown","Passenger Vehicles",0,,
,,"Light Commercial Vehicles",0,,
"6426","Diesel","Passenger Vehicles",117,,
,,"Light Commercial Vehicles",223,,
,"Electric","Passenger Vehicles",0,,
,,"Light Commercial Vehicles",0,,
,"Petrol leaded","Passenger Vehicles",23,,
,,"Light Commercial Vehicles",8,,
,"Petrol unleaded","Passenger Vehicles",311,,
,,"Light Commercial Vehicles",63,,
,"LPG/Other gases","Passenger Vehicles",6,,
,,"Light Commercial Vehicles",11,,
,"Dual fuel","Passenger Vehicles",0,,
,,"Light Commercial Vehicles",0,,
,"Other","Passenger Vehicles",0,,
,,"Light Commercial Vehicles",0,,
,"Unknown","Passenger Vehicles",0,,
,,"Light Commercial Vehicles",0,,
"6427","Diesel","Passenger Vehicles",0,,
,,"Light Commercial Vehicles",0,,
,"Electric","Passenger Vehicles",0,,
,,"Light Commercial Vehicles",0,,
,"Petrol leaded","Passenger Vehicles",0,,
,,"Light Commercial Vehicles",0,,
,"Petrol unleaded","Passenger Vehicles",0,,
,,"Light Commercial Vehicles",0,,
,"LPG/Other gases","Passenger Vehicles",0,,
,,"Light Commercial Vehicles",0,,
,"Dual fuel","Passenger Vehicles",0,,
,,"Light Commercial Vehicles",0,,
,"Other","Passenger Vehicles",0,,
,,"Light Commercial Vehicles",0,,
,"Unknown","Passenger Vehicles",0,,
,,"Light Commercial Vehicles",0,,
"6428","Diesel","Passenger Vehicles",10,,
,,"Light Commercial Vehicles",22,,
,"Electric","Passenger Vehicles",0,,
,,"Light Commercial Vehicles",0,,
,"Petrol leaded","Passenger Vehicles",0,,
,,"Light Commercial Vehicles",0,,
,"Petrol unleaded","Passenger Vehicles",15,,
,,"Light Commercial Vehicles",12,,
,"LPG/Other gases","Passenger Vehicles",0,,
,,"Light Commercial Vehicles",0,,
,"Dual fuel","Passenger Vehicles",0,,
,,"Light Commercial Vehicles",0,,
,"Other","Passenger Vehicles",0,,
,,"Light Commercial Vehicles",0,,
,"Unknown","Passenger Vehicles",0,,
,,"Light Commercial Vehicles",0,,
"6429","Diesel","Passenger Vehicles",107,,
,,"Light Commercial Vehicles",185,,
,"Electric","Passenger Vehicles",0,,
,,"Light Commercial Vehicles",0,,
,"Petrol leaded","Passenger Vehicles",19,,
,,"Light Commercial Vehicles",9,,
,"Petrol unleaded","Passenger Vehicles",301,,
,,"Light Commercial Vehicles",67,,
,"LPG/Other gases","Passenger Vehicles",14,,
,,"Light Commercial Vehicles",5,,
,"Dual fuel","Passenger Vehicles",0,,
,,"Light Commercial Vehicles",0,,
,"Other","Passenger Vehicles",0,,
,,"Light Commercial Vehicles",0,,
,"Unknown","Passenger Vehicles",0,,
,,"Light Commercial Vehicles",0,,
"6430","Diesel","Passenger Vehicles",2707,,
,,"Light Commercial Vehicles",4389,,
,"Electric","Passenger Vehicles",3,,
,,"Light Commercial Vehicles",0,,
,"Petrol leaded","Passenger Vehicles",331,,
,,"Light Commercial Vehicles",106,,
,"Petrol unleaded","Passenger Vehicles",9157,,
,,"Light Commercial Vehicles",1356,,
,"LPG/Other gases","Passenger Vehicles",113,,
,,"Light Commercial Vehicles",70,,
,"Dual fuel","Passenger Vehicles",0,,
,,"Light Commercial Vehicles",0,,
,"Other","Passenger Vehicles",0,,
,,"Light Commercial Vehicles",0,,
,"Unknown","Passenger Vehicles",0,,
,,"Light Commercial Vehicles",0,,
"6431","Diesel","Passenger Vehicles",18,,
,,"Light Commercial Vehicles",28,,
,"Electric","Passenger Vehicles",0,,
,,"Light Commercial Vehicles",0,,
,"Petrol leaded","Passenger Vehicles",3,,
,,"Light Commercial Vehicles",3,,
,"Petrol unleaded","Passenger Vehicles",17,,
,,"Light Commercial Vehicles",5,,
,"LPG/Other gases","Passenger Vehicles",0,,
,,"Light Commercial Vehicles",0,,
,"Dual fuel","Passenger Vehicles",0,,
,,"Light Commercial Vehicles",0,,
,"Other","Passenger Vehicles",0,,
,,"Light Commercial Vehicles",0,,
,"Unknown","Passenger Vehicles",0,,
,,"Light Commercial Vehicles",0,,
"6432","Diesel","Passenger Vehicles",880,,
,,"Light Commercial Vehicles",1589,,
,"Electric","Passenger Vehicles",3,,
,,"Light Commercial Vehicles",0,,
,"Petrol leaded","Passenger Vehicles",92,,
,,"Light Commercial Vehicles",48,,
,"Petrol unleaded","Passenger Vehicles",2713,,
,,"Light Commercial Vehicles",510,,
,"LPG/Other gases","Passenger Vehicles",44,,
,,"Light Commercial Vehicles",30,,
,"Dual fuel","Passenger Vehicles",0,,
,,"Light Commercial Vehicles",0,,
,"Other","Passenger Vehicles",0,,
,,"Light Commercial Vehicles",0,,
,"Unknown","Passenger Vehicles",0,,
,,"Light Commercial Vehicles",0,,
"6433","Diesel","Passenger Vehicles",0,,
,,"Light Commercial Vehicles",0,,
,"Electric","Passenger Vehicles",0,,
,,"Light Commercial Vehicles",0,,
,"Petrol leaded","Passenger Vehicles",0,,
,,"Light Commercial Vehicles",0,,
,"Petrol unleaded","Passenger Vehicles",0,,
,,"Light Commercial Vehicles",0,,
,"LPG/Other gases","Passenger Vehicles",0,,
,,"Light Commercial Vehicles",0,,
,"Dual fuel","Passenger Vehicles",0,,
,,"Light Commercial Vehicles",0,,
,"Other","Passenger Vehicles",0,,
,,"Light Commercial Vehicles",0,,
,"Unknown","Passenger Vehicles",0,,
,,"Light Commercial Vehicles",0,,
"6434","Diesel","Passenger Vehicles",10,,
,,"Light Commercial Vehicles",10,,
,"Electric","Passenger Vehicles",0,,
,,"Light Commercial Vehicles",0,,
,"Petrol leaded","Passenger Vehicles",0,,
,,"Light Commercial Vehicles",0,,
,"Petrol unleaded","Passenger Vehicles",3,,
,,"Light Commercial Vehicles",0,,
,"LPG/Other gases","Passenger Vehicles",0,,
,,"Light Commercial Vehicles",0,,
,"Dual fuel","Passenger Vehicles",0,,
,,"Light Commercial Vehicles",0,,
,"Other","Passenger Vehicles",0,,
,,"Light Commercial Vehicles",0,,
,"Unknown","Passenger Vehicles",0,,
,,"Light Commercial Vehicles",0,,
"6436","Diesel","Passenger Vehicles",19,,
,,"Light Commercial Vehicles",24,,
,"Electric","Passenger Vehicles",0,,
,,"Light Commercial Vehicles",0,,
,"Petrol leaded","Passenger Vehicles",0,,
,,"Light Commercial Vehicles",0,,
,"Petrol unleaded","Passenger Vehicles",25,,
,,"Light Commercial Vehicles",10,,
,"LPG/Other gases","Passenger Vehicles",0,,
,,"Light Commercial Vehicles",0,,
,"Dual fuel","Passenger Vehicles",0,,
,,"Light Commercial Vehicles",0,,
,"Other","Passenger Vehicles",0,,
,,"Light Commercial Vehicles",0,,
,"Unknown","Passenger Vehicles",0,,
,,"Light Commercial Vehicles",0,,
"6437","Diesel","Passenger Vehicles",74,,
,,"Light Commercial Vehicles",118,,
,"Electric","Passenger Vehicles",0,,
,,"Light Commercial Vehicles",0,,
,"Petrol leaded","Passenger Vehicles",3,,
,,"Light Commercial Vehicles",0,,
,"Petrol unleaded","Passenger Vehicles",103,,
,,"Light Commercial Vehicles",14,,
,"LPG/Other gases","Passenger Vehicles",0,,
,,"Light Commercial Vehicles",0,,
,"Dual fuel","Passenger Vehicles",0,,
,,"Light Commercial Vehicles",0,,
,"Other","Passenger Vehicles",0,,
,,"Light Commercial Vehicles",0,,
,"Unknown","Passenger Vehicles",0,,
,,"Light Commercial Vehicles",0,,
"6438","Diesel","Passenger Vehicles",91,,
,,"Light Commercial Vehicles",156,,
,"Electric","Passenger Vehicles",0,,
,,"Light Commercial Vehicles",0,,
,"Petrol leaded","Passenger Vehicles",6,,
,,"Light Commercial Vehicles",9,,
,"Petrol unleaded","Passenger Vehicles",165,,
,,"Light Commercial Vehicles",22,,
,"LPG/Other gases","Passenger Vehicles",0,,
,,"Light Commercial Vehicles",0,,
,"Dual fuel","Passenger Vehicles",0,,
,,"Light Commercial Vehicles",0,,
,"Other","Passenger Vehicles",0,,
,,"Light Commercial Vehicles",0,,
,"Unknown","Passenger Vehicles",0,,
,,"Light Commercial Vehicles",0,,
"6440","Diesel","Passenger Vehicles",77,,
,,"Light Commercial Vehicles",72,,
,"Electric","Passenger Vehicles",0,,
,,"Light Commercial Vehicles",0,,
,"Petrol leaded","Passenger Vehicles",4,,
,,"Light Commercial Vehicles",3,,
,"Petrol unleaded","Passenger Vehicles",123,,
,,"Light Commercial Vehicles",17,,
,"LPG/Other gases","Passenger Vehicles",3,,
,,"Light Commercial Vehicles",0,,
,"Dual fuel","Passenger Vehicles",0,,
,,"Light Commercial Vehicles",0,,
,"Other","Passenger Vehicles",0,,
,,"Light Commercial Vehicles",0,,
,"Unknown","Passenger Vehicles",0,,
,,"Light Commercial Vehicles",0,,
"6442","Diesel","Passenger Vehicles",3,,
,,"Light Commercial Vehicles",0,,
,"Electric","Passenger Vehicles",0,,
,,"Light Commercial Vehicles",0,,
,"Petrol leaded","Passenger Vehicles",0,,
,,"Light Commercial Vehicles",0,,
,"Petrol unleaded","Passenger Vehicles",0,,
,,"Light Commercial Vehicles",0,,
,"LPG/Other gases","Passenger Vehicles",0,,
,,"Light Commercial Vehicles",0,,
,"Dual fuel","Passenger Vehicles",0,,
,,"Light Commercial Vehicles",0,,
,"Other","Passenger Vehicles",0,,
,,"Light Commercial Vehicles",0,,
,"Unknown","Passenger Vehicles",0,,
,,"Light Commercial Vehicles",0,,
"6443","Diesel","Passenger Vehicles",81,,
,,"Light Commercial Vehicles",158,,
,"Electric","Passenger Vehicles",0,,
,,"Light Commercial Vehicles",0,,
,"Petrol leaded","Passenger Vehicles",12,,
,,"Light Commercial Vehicles",9,,
,"Petrol unleaded","Passenger Vehicles",253,,
,,"Light Commercial Vehicles",82,,
,"LPG/Other gases","Passenger Vehicles",12,,
,,"Light Commercial Vehicles",3,,
,"Dual fuel","Passenger Vehicles",0,,
,,"Light Commercial Vehicles",0,,
,"Other","Passenger Vehicles",0,,
,,"Light Commercial Vehicles",0,,
,"Unknown","Passenger Vehicles",0,,
,,"Light Commercial Vehicles",0,,
"6445","Diesel","Passenger Vehicles",58,,
,,"Light Commercial Vehicles",115,,
,"Electric","Passenger Vehicles",0,,
,,"Light Commercial Vehicles",0,,
,"Petrol leaded","Passenger Vehicles",0,,
,,"Light Commercial Vehicles",3,,
,"Petrol unleaded","Passenger Vehicles",44,,
,,"Light Commercial Vehicles",13,,
,"LPG/Other gases","Passenger Vehicles",0,,
,,"Light Commercial Vehicles",0,,
,"Dual fuel","Passenger Vehicles",0,,
,,"Light Commercial Vehicles",0,,
,"Other","Passenger Vehicles",0,,
,,"Light Commercial Vehicles",0,,
,"Unknown","Passenger Vehicles",0,,
,,"Light Commercial Vehicles",0,,
"6446","Diesel","Passenger Vehicles",57,,
,,"Light Commercial Vehicles",98,,
,"Electric","Passenger Vehicles",0,,
,,"Light Commercial Vehicles",0,,
,"Petrol leaded","Passenger Vehicles",5,,
,,"Light Commercial Vehicles",3,,
,"Petrol unleaded","Passenger Vehicles",37,,
,,"Light Commercial Vehicles",8,,
,"LPG/Other gases","Passenger Vehicles",0,,
,,"Light Commercial Vehicles",0,,
,"Dual fuel","Passenger Vehicles",0,,
,,"Light Commercial Vehicles",0,,
,"Other","Passenger Vehicles",0,,
,,"Light Commercial Vehicles",0,,
,"Unknown","Passenger Vehicles",0,,
,,"Light Commercial Vehicles",0,,
"6447","Diesel","Passenger Vehicles",61,,
,,"Light Commercial Vehicles",78,,
,"Electric","Passenger Vehicles",0,,
,,"Light Commercial Vehicles",0,,
,"Petrol leaded","Passenger Vehicles",5,,
,,"Light Commercial Vehicles",0,,
,"Petrol unleaded","Passenger Vehicles",40,,
,,"Light Commercial Vehicles",4,,
,"LPG/Other gases","Passenger Vehicles",0,,
,,"Light Commercial Vehicles",0,,
,"Dual fuel","Passenger Vehicles",0,,
,,"Light Commercial Vehicles",0,,
,"Other","Passenger Vehicles",0,,
,,"Light Commercial Vehicles",0,,
,"Unknown","Passenger Vehicles",0,,
,,"Light Commercial Vehicles",0,,
"6448","Diesel","Passenger Vehicles",83,,
,,"Light Commercial Vehicles",127,,
,"Electric","Passenger Vehicles",0,,
,,"Light Commercial Vehicles",0,,
,"Petrol leaded","Passenger Vehicles",13,,
,,"Light Commercial Vehicles",3,,
,"Petrol unleaded","Passenger Vehicles",111,,
,,"Light Commercial Vehicles",23,,
,"LPG/Other gases","Passenger Vehicles",0,,
,,"Light Commercial Vehicles",0,,
,"Dual fuel","Passenger Vehicles",0,,
,,"Light Commercial Vehicles",0,,
,"Other","Passenger Vehicles",0,,
,,"Light Commercial Vehicles",0,,
,"Unknown","Passenger Vehicles",0,,
,,"Light Commercial Vehicles",0,,
"6450","Diesel","Passenger Vehicles",1951,,
,,"Light Commercial Vehicles",2888,,
,"Electric","Passenger Vehicles",0,,
,,"Light Commercial Vehicles",0,,
,"Petrol leaded","Passenger Vehicles",240,,
,,"Light Commercial Vehicles",95,,
,"Petrol unleaded","Passenger Vehicles",4664,,
,,"Light Commercial Vehicles",638,,
,"LPG/Other gases","Passenger Vehicles",87,,
,,"Light Commercial Vehicles",36,,
,"Dual fuel","Passenger Vehicles",0,,
,,"Light Commercial Vehicles",0,,
,"Other","Passenger Vehicles",0,,
,,"Light Commercial Vehicles",0,,
,"Unknown","Passenger Vehicles",0,,
,,"Light Commercial Vehicles",0,,
"6460","Diesel","Passenger Vehicles",123,,
,,"Light Commercial Vehicles",256,,
,"Electric","Passenger Vehicles",0,,
,,"Light Commercial Vehicles",0,,
,"Petrol leaded","Passenger Vehicles",11,,
,,"Light Commercial Vehicles",12,,
,"Petrol unleaded","Passenger Vehicles",298,,
,,"Light Commercial Vehicles",77,,
,"LPG/Other gases","Passenger Vehicles",12,,
,,"Light Commercial Vehicles",6,,
,"Dual fuel","Passenger Vehicles",0,,
,,"Light Commercial Vehicles",0,,
,"Other","Passenger Vehicles",0,,
,,"Light Commercial Vehicles",0,,
,"Unknown","Passenger Vehicles",0,,
,,"Light Commercial Vehicles",0,,
"6461","Diesel","Passenger Vehicles",120,,
,,"Light Commercial Vehicles",241,,
,"Electric","Passenger Vehicles",0,,
,,"Light Commercial Vehicles",0,,
,"Petrol leaded","Passenger Vehicles",12,,
,,"Light Commercial Vehicles",3,,
,"Petrol unleaded","Passenger Vehicles",269,,
,,"Light Commercial Vehicles",56,,
,"LPG/Other gases","Passenger Vehicles",11,,
,,"Light Commercial Vehicles",7,,
,"Dual fuel","Passenger Vehicles",0,,
,,"Light Commercial Vehicles",0,,
,"Other","Passenger Vehicles",0,,
,,"Light Commercial Vehicles",0,,
,"Unknown","Passenger Vehicles",0,,
,,"Light Commercial Vehicles",0,,
"6462","Diesel","Passenger Vehicles",9,,
,,"Light Commercial Vehicles",21,,
,"Electric","Passenger Vehicles",0,,
,,"Light Commercial Vehicles",0,,
,"Petrol leaded","Passenger Vehicles",0,,
,,"Light Commercial Vehicles",0,,
,"Petrol unleaded","Passenger Vehicles",13,,
,,"Light Commercial Vehicles",3,,
,"LPG/Other gases","Passenger Vehicles",0,,
,,"Light Commercial Vehicles",3,,
,"Dual fuel","Passenger Vehicles",0,,
,,"Light Commercial Vehicles",0,,
,"Other","Passenger Vehicles",0,,
,,"Light Commercial Vehicles",0,,
,"Unknown","Passenger Vehicles",0,,
,,"Light Commercial Vehicles",0,,
"6463","Diesel","Passenger Vehicles",0,,
,,"Light Commercial Vehicles",5,,
,"Electric","Passenger Vehicles",0,,
,,"Light Commercial Vehicles",0,,
,"Petrol leaded","Passenger Vehicles",0,,
,,"Light Commercial Vehicles",0,,
,"Petrol unleaded","Passenger Vehicles",0,,
,,"Light Commercial Vehicles",0,,
,"LPG/Other gases","Passenger Vehicles",0,,
,,"Light Commercial Vehicles",0,,
,"Dual fuel","Passenger Vehicles",0,,
,,"Light Commercial Vehicles",0,,
,"Other","Passenger Vehicles",0,,
,,"Light Commercial Vehicles",0,,
,"Unknown","Passenger Vehicles",0,,
,,"Light Commercial Vehicles",0,,
"6465","Diesel","Passenger Vehicles",0,,
,,"Light Commercial Vehicles",3,,
,"Electric","Passenger Vehicles",0,,
,,"Light Commercial Vehicles",0,,
,"Petrol leaded","Passenger Vehicles",0,,
,,"Light Commercial Vehicles",0,,
,"Petrol unleaded","Passenger Vehicles",5,,
,,"Light Commercial Vehicles",3,,
,"LPG/Other gases","Passenger Vehicles",0,,
,,"Light Commercial Vehicles",0,,
,"Dual fuel","Passenger Vehicles",0,,
,,"Light Commercial Vehicles",0,,
,"Other","Passenger Vehicles",0,,
,,"Light Commercial Vehicles",0,,
,"Unknown","Passenger Vehicles",0,,
,,"Light Commercial Vehicles",0,,
"6466","Diesel","Passenger Vehicles",22,,
,,"Light Commercial Vehicles",57,,
,"Electric","Passenger Vehicles",0,,
,,"Light Commercial Vehicles",0,,
,"Petrol leaded","Passenger Vehicles",3,,
,,"Light Commercial Vehicles",0,,
,"Petrol unleaded","Passenger Vehicles",22,,
,,"Light Commercial Vehicles",5,,
,"LPG/Other gases","Passenger Vehicles",0,,
,,"Light Commercial Vehicles",0,,
,"Dual fuel","Passenger Vehicles",0,,
,,"Light Commercial Vehicles",0,,
,"Other","Passenger Vehicles",0,,
,,"Light Commercial Vehicles",0,,
,"Unknown","Passenger Vehicles",0,,
,,"Light Commercial Vehicles",0,,
"6467","Diesel","Passenger Vehicles",3,,
,,"Light Commercial Vehicles",6,,
,"Electric","Passenger Vehicles",0,,
,,"Light Commercial Vehicles",0,,
,"Petrol leaded","Passenger Vehicles",0,,
,,"Light Commercial Vehicles",0,,
,"Petrol unleaded","Passenger Vehicles",6,,
,,"Light Commercial Vehicles",3,,
,"LPG/Other gases","Passenger Vehicles",0,,
,,"Light Commercial Vehicles",0,,
,"Dual fuel","Passenger Vehicles",0,,
,,"Light Commercial Vehicles",0,,
,"Other","Passenger Vehicles",0,,
,,"Light Commercial Vehicles",0,,
,"Unknown","Passenger Vehicles",0,,
,,"Light Commercial Vehicles",0,,
"6468","Diesel","Passenger Vehicles",49,,
,,"Light Commercial Vehicles",146,,
,"Electric","Passenger Vehicles",0,,
,,"Light Commercial Vehicles",0,,
,"Petrol leaded","Passenger Vehicles",0,,
,,"Light Commercial Vehicles",9,,
,"Petrol unleaded","Passenger Vehicles",117,,
,,"Light Commercial Vehicles",24,,
,"LPG/Other gases","Passenger Vehicles",3,,
,,"Light Commercial Vehicles",0,,
,"Dual fuel","Passenger Vehicles",0,,
,,"Light Commercial Vehicles",0,,
,"Other","Passenger Vehicles",0,,
,,"Light Commercial Vehicles",0,,
,"Unknown","Passenger Vehicles",0,,
,,"Light Commercial Vehicles",0,,
"6470","Diesel","Passenger Vehicles",3,,
,,"Light Commercial Vehicles",0,,
,"Electric","Passenger Vehicles",0,,
,,"Light Commercial Vehicles",0,,
,"Petrol leaded","Passenger Vehicles",0,,
,,"Light Commercial Vehicles",0,,
,"Petrol unleaded","Passenger Vehicles",0,,
,,"Light Commercial Vehicles",0,,
,"LPG/Other gases","Passenger Vehicles",0,,
,,"Light Commercial Vehicles",0,,
,"Dual fuel","Passenger Vehicles",0,,
,,"Light Commercial Vehicles",0,,
,"Other","Passenger Vehicles",0,,
,,"Light Commercial Vehicles",0,,
,"Unknown","Passenger Vehicles",0,,
,,"Light Commercial Vehicles",0,,
"6472","Diesel","Passenger Vehicles",39,,
,,"Light Commercial Vehicles",99,,
,"Electric","Passenger Vehicles",0,,
,,"Light Commercial Vehicles",0,,
,"Petrol leaded","Passenger Vehicles",3,,
,,"Light Commercial Vehicles",7,,
,"Petrol unleaded","Passenger Vehicles",68,,
,,"Light Commercial Vehicles",17,,
,"LPG/Other gases","Passenger Vehicles",3,,
,,"Light Commercial Vehicles",0,,
,"Dual fuel","Passenger Vehicles",0,,
,,"Light Commercial Vehicles",0,,
,"Other","Passenger Vehicles",0,,
,,"Light Commercial Vehicles",0,,
,"Unknown","Passenger Vehicles",0,,
,,"Light Commercial Vehicles",0,,
"6473","Diesel","Passenger Vehicles",3,,
,,"Light Commercial Vehicles",9,,
,"Electric","Passenger Vehicles",0,,
,,"Light Commercial Vehicles",0,,
,"Petrol leaded","Passenger Vehicles",0,,
,,"Light Commercial Vehicles",0,,
,"Petrol unleaded","Passenger Vehicles",8,,
,,"Light Commercial Vehicles",0,,
,"LPG/Other gases","Passenger Vehicles",0,,
,,"Light Commercial Vehicles",0,,
,"Dual fuel","Passenger Vehicles",0,,
,,"Light Commercial Vehicles",0,,
,"Other","Passenger Vehicles",0,,
,,"Light Commercial Vehicles",0,,
,"Unknown","Passenger Vehicles",0,,
,,"Light Commercial Vehicles",0,,
"6475","Diesel","Passenger Vehicles",74,,
,,"Light Commercial Vehicles",178,,
,"Electric","Passenger Vehicles",0,,
,,"Light Commercial Vehicles",0,,
,"Petrol leaded","Passenger Vehicles",14,,
,,"Light Commercial Vehicles",7,,
,"Petrol unleaded","Passenger Vehicles",164,,
,,"Light Commercial Vehicles",40,,
,"LPG/Other gases","Passenger Vehicles",3,,
,,"Light Commercial Vehicles",5,,
,"Dual fuel","Passenger Vehicles",0,,
,,"Light Commercial Vehicles",0,,
,"Other","Passenger Vehicles",0,,
,,"Light Commercial Vehicles",0,,
,"Unknown","Passenger Vehicles",0,,
,,"Light Commercial Vehicles",0,,
"6476","Diesel","Passenger Vehicles",3,,
,,"Light Commercial Vehicles",4,,
,"Electric","Passenger Vehicles",0,,
,,"Light Commercial Vehicles",0,,
,"Petrol leaded","Passenger Vehicles",0,,
,,"Light Commercial Vehicles",0,,
,"Petrol unleaded","Passenger Vehicles",3,,
,,"Light Commercial Vehicles",0,,
,"LPG/Other gases","Passenger Vehicles",3,,
,,"Light Commercial Vehicles",0,,
,"Dual fuel","Passenger Vehicles",0,,
,,"Light Commercial Vehicles",0,,
,"Other","Passenger Vehicles",0,,
,,"Light Commercial Vehicles",0,,
,"Unknown","Passenger Vehicles",0,,
,,"Light Commercial Vehicles",0,,
"6477","Diesel","Passenger Vehicles",47,,
,,"Light Commercial Vehicles",90,,
,"Electric","Passenger Vehicles",0,,
,,"Light Commercial Vehicles",0,,
,"Petrol leaded","Passenger Vehicles",5,,
,,"Light Commercial Vehicles",3,,
,"Petrol unleaded","Passenger Vehicles",105,,
,,"Light Commercial Vehicles",30,,
,"LPG/Other gases","Passenger Vehicles",3,,
,,"Light Commercial Vehicles",0,,
,"Dual fuel","Passenger Vehicles",0,,
,,"Light Commercial Vehicles",0,,
,"Other","Passenger Vehicles",0,,
,,"Light Commercial Vehicles",0,,
,"Unknown","Passenger Vehicles",0,,
,,"Light Commercial Vehicles",0,,
"6479","Diesel","Passenger Vehicles",140,,
,,"Light Commercial Vehicles",222,,
,"Electric","Passenger Vehicles",0,,
,,"Light Commercial Vehicles",0,,
,"Petrol leaded","Passenger Vehicles",21,,
,,"Light Commercial Vehicles",22,,
,"Petrol unleaded","Passenger Vehicles",226,,
,,"Light Commercial Vehicles",59,,
,"LPG/Other gases","Passenger Vehicles",5,,
,,"Light Commercial Vehicles",3,,
,"Dual fuel","Passenger Vehicles",0,,
,,"Light Commercial Vehicles",0,,
,"Other","Passenger Vehicles",0,,
,,"Light Commercial Vehicles",0,,
,"Unknown","Passenger Vehicles",0,,
,,"Light Commercial Vehicles",0,,
"6480","Diesel","Passenger Vehicles",0,,
,,"Light Commercial Vehicles",3,,
,"Electric","Passenger Vehicles",0,,
,,"Light Commercial Vehicles",0,,
,"Petrol leaded","Passenger Vehicles",0,,
,,"Light Commercial Vehicles",0,,
,"Petrol unleaded","Passenger Vehicles",13,,
,,"Light Commercial Vehicles",3,,
,"LPG/Other gases","Passenger Vehicles",0,,
,,"Light Commercial Vehicles",0,,
,"Dual fuel","Passenger Vehicles",0,,
,,"Light Commercial Vehicles",0,,
,"Other","Passenger Vehicles",0,,
,,"Light Commercial Vehicles",0,,
,"Unknown","Passenger Vehicles",0,,
,,"Light Commercial Vehicles",0,,
"6484","Diesel","Passenger Vehicles",14,,
,,"Light Commercial Vehicles",18,,
,"Electric","Passenger Vehicles",0,,
,,"Light Commercial Vehicles",0,,
,"Petrol leaded","Passenger Vehicles",6,,
,,"Light Commercial Vehicles",3,,
,"Petrol unleaded","Passenger Vehicles",22,,
,,"Light Commercial Vehicles",11,,
,"LPG/Other gases","Passenger Vehicles",0,,
,,"Light Commercial Vehicles",0,,
,"Dual fuel","Passenger Vehicles",0,,
,,"Light Commercial Vehicles",0,,
,"Other","Passenger Vehicles",0,,
,,"Light Commercial Vehicles",0,,
,"Unknown","Passenger Vehicles",0,,
,,"Light Commercial Vehicles",0,,
"6485","Diesel","Passenger Vehicles",80,,
,,"Light Commercial Vehicles",178,,
,"Electric","Passenger Vehicles",0,,
,,"Light Commercial Vehicles",0,,
,"Petrol leaded","Passenger Vehicles",11,,
,,"Light Commercial Vehicles",4,,
,"Petrol unleaded","Passenger Vehicles",220,,
,,"Light Commercial Vehicles",37,,
,"LPG/Other gases","Passenger Vehicles",3,,
,,"Light Commercial Vehicles",3,,
,"Dual fuel","Passenger Vehicles",0,,
,,"Light Commercial Vehicles",0,,
,"Other","Passenger Vehicles",0,,
,,"Light Commercial Vehicles",0,,
,"Unknown","Passenger Vehicles",0,,
,,"Light Commercial Vehicles",0,,
"6487","Diesel","Passenger Vehicles",23,,
,,"Light Commercial Vehicles",24,,
,"Electric","Passenger Vehicles",0,,
,,"Light Commercial Vehicles",0,,
,"Petrol leaded","Passenger Vehicles",0,,
,,"Light Commercial Vehicles",0,,
,"Petrol unleaded","Passenger Vehicles",17,,
,,"Light Commercial Vehicles",3,,
,"LPG/Other gases","Passenger Vehicles",0,,
,,"Light Commercial Vehicles",0,,
,"Dual fuel","Passenger Vehicles",0,,
,,"Light Commercial Vehicles",0,,
,"Other","Passenger Vehicles",0,,
,,"Light Commercial Vehicles",0,,
,"Unknown","Passenger Vehicles",0,,
,,"Light Commercial Vehicles",0,,
"6488","Diesel","Passenger Vehicles",37,,
,,"Light Commercial Vehicles",80,,
,"Electric","Passenger Vehicles",0,,
,,"Light Commercial Vehicles",0,,
,"Petrol leaded","Passenger Vehicles",5,,
,,"Light Commercial Vehicles",0,,
,"Petrol unleaded","Passenger Vehicles",86,,
,,"Light Commercial Vehicles",12,,
,"LPG/Other gases","Passenger Vehicles",0,,
,,"Light Commercial Vehicles",3,,
,"Dual fuel","Passenger Vehicles",0,,
,,"Light Commercial Vehicles",0,,
,"Other","Passenger Vehicles",0,,
,,"Light Commercial Vehicles",0,,
,"Unknown","Passenger Vehicles",0,,
,,"Light Commercial Vehicles",0,,
"6489","Diesel","Passenger Vehicles",12,,
,,"Light Commercial Vehicles",23,,
,"Electric","Passenger Vehicles",0,,
,,"Light Commercial Vehicles",0,,
,"Petrol leaded","Passenger Vehicles",0,,
,,"Light Commercial Vehicles",0,,
,"Petrol unleaded","Passenger Vehicles",27,,
,,"Light Commercial Vehicles",4,,
,"LPG/Other gases","Passenger Vehicles",5,,
,,"Light Commercial Vehicles",0,,
,"Dual fuel","Passenger Vehicles",0,,
,,"Light Commercial Vehicles",0,,
,"Other","Passenger Vehicles",0,,
,,"Light Commercial Vehicles",0,,
,"Unknown","Passenger Vehicles",0,,
,,"Light Commercial Vehicles",0,,
"6490","Diesel","Passenger Vehicles",34,,
,,"Light Commercial Vehicles",53,,
,"Electric","Passenger Vehicles",0,,
,,"Light Commercial Vehicles",0,,
,"Petrol leaded","Passenger Vehicles",0,,
,,"Light Commercial Vehicles",0,,
,"Petrol unleaded","Passenger Vehicles",102,,
,,"Light Commercial Vehicles",18,,
,"LPG/Other gases","Passenger Vehicles",3,,
,,"Light Commercial Vehicles",0,,
,"Dual fuel","Passenger Vehicles",0,,
,,"Light Commercial Vehicles",0,,
,"Other","Passenger Vehicles",0,,
,,"Light Commercial Vehicles",0,,
,"Unknown","Passenger Vehicles",0,,
,,"Light Commercial Vehicles",0,,
"6501","Diesel","Passenger Vehicles",167,,
,,"Light Commercial Vehicles",233,,
,"Electric","Passenger Vehicles",0,,
,,"Light Commercial Vehicles",0,,
,"Petrol leaded","Passenger Vehicles",28,,
,,"Light Commercial Vehicles",19,,
,"Petrol unleaded","Passenger Vehicles",484,,
,,"Light Commercial Vehicles",104,,
,"LPG/Other gases","Passenger Vehicles",7,,
,,"Light Commercial Vehicles",17,,
,"Dual fuel","Passenger Vehicles",0,,
,,"Light Commercial Vehicles",0,,
,"Other","Passenger Vehicles",0,,
,,"Light Commercial Vehicles",0,,
,"Unknown","Passenger Vehicles",0,,
,,"Light Commercial Vehicles",0,,
"6502","Diesel","Passenger Vehicles",188,,
,,"Light Commercial Vehicles",291,,
,"Electric","Passenger Vehicles",0,,
,,"Light Commercial Vehicles",0,,
,"Petrol leaded","Passenger Vehicles",35,,
,,"Light Commercial Vehicles",16,,
,"Petrol unleaded","Passenger Vehicles",577,,
,,"Light Commercial Vehicles",135,,
,"LPG/Other gases","Passenger Vehicles",21,,
,,"Light Commercial Vehicles",7,,
,"Dual fuel","Passenger Vehicles",0,,
,,"Light Commercial Vehicles",0,,
,"Other","Passenger Vehicles",0,,
,,"Light Commercial Vehicles",0,,
,"Unknown","Passenger Vehicles",0,,
,,"Light Commercial Vehicles",0,,
"6503","Diesel","Passenger Vehicles",378,,
,,"Light Commercial Vehicles",562,,
,"Electric","Passenger Vehicles",0,,
,,"Light Commercial Vehicles",0,,
,"Petrol leaded","Passenger Vehicles",50,,
,,"Light Commercial Vehicles",25,,
,"Petrol unleaded","Passenger Vehicles",955,,
,,"Light Commercial Vehicles",165,,
,"LPG/Other gases","Passenger Vehicles",40,,
,,"Light Commercial Vehicles",15,,
,"Dual fuel","Passenger Vehicles",0,,
,,"Light Commercial Vehicles",0,,
,"Other","Passenger Vehicles",0,,
,,"Light Commercial Vehicles",0,,
,"Unknown","Passenger Vehicles",0,,
,,"Light Commercial Vehicles",0,,
"6504","Diesel","Passenger Vehicles",22,,
,,"Light Commercial Vehicles",29,,
,"Electric","Passenger Vehicles",0,,
,,"Light Commercial Vehicles",0,,
,"Petrol leaded","Passenger Vehicles",3,,
,,"Light Commercial Vehicles",0,,
,"Petrol unleaded","Passenger Vehicles",47,,
,,"Light Commercial Vehicles",10,,
,"LPG/Other gases","Passenger Vehicles",3,,
,,"Light Commercial Vehicles",0,,
,"Dual fuel","Passenger Vehicles",0,,
,,"Light Commercial Vehicles",0,,
,"Other","Passenger Vehicles",0,,
,,"Light Commercial Vehicles",0,,
,"Unknown","Passenger Vehicles",0,,
,,"Light Commercial Vehicles",0,,
"6505","Diesel","Passenger Vehicles",32,,
,,"Light Commercial Vehicles",82,,
,"Electric","Passenger Vehicles",0,,
,,"Light Commercial Vehicles",0,,
,"Petrol leaded","Passenger Vehicles",3,,
,,"Light Commercial Vehicles",0,,
,"Petrol unleaded","Passenger Vehicles",49,,
,,"Light Commercial Vehicles",12,,
,"LPG/Other gases","Passenger Vehicles",0,,
,,"Light Commercial Vehicles",0,,
,"Dual fuel","Passenger Vehicles",0,,
,,"Light Commercial Vehicles",0,,
,"Other","Passenger Vehicles",0,,
,,"Light Commercial Vehicles",0,,
,"Unknown","Passenger Vehicles",0,,
,,"Light Commercial Vehicles",0,,
"6506","Diesel","Passenger Vehicles",11,,
,,"Light Commercial Vehicles",29,,
,"Electric","Passenger Vehicles",0,,
,,"Light Commercial Vehicles",0,,
,"Petrol leaded","Passenger Vehicles",3,,
,,"Light Commercial Vehicles",3,,
,"Petrol unleaded","Passenger Vehicles",18,,
,,"Light Commercial Vehicles",5,,
,"LPG/Other gases","Passenger Vehicles",3,,
,,"Light Commercial Vehicles",0,,
,"Dual fuel","Passenger Vehicles",0,,
,,"Light Commercial Vehicles",0,,
,"Other","Passenger Vehicles",0,,
,,"Light Commercial Vehicles",0,,
,"Unknown","Passenger Vehicles",0,,
,,"Light Commercial Vehicles",0,,
"6507","Diesel","Passenger Vehicles",133,,
,,"Light Commercial Vehicles",277,,
,"Electric","Passenger Vehicles",0,,
,,"Light Commercial Vehicles",0,,
,"Petrol leaded","Passenger Vehicles",14,,
,,"Light Commercial Vehicles",6,,
,"Petrol unleaded","Passenger Vehicles",166,,
,,"Light Commercial Vehicles",32,,
,"LPG/Other gases","Passenger Vehicles",3,,
,,"Light Commercial Vehicles",4,,
,"Dual fuel","Passenger Vehicles",0,,
,,"Light Commercial Vehicles",0,,
,"Other","Passenger Vehicles",0,,
,,"Light Commercial Vehicles",0,,
,"Unknown","Passenger Vehicles",0,,
,,"Light Commercial Vehicles",0,,
"6509","Diesel","Passenger Vehicles",27,,
,,"Light Commercial Vehicles",66,,
,"Electric","Passenger Vehicles",0,,
,,"Light Commercial Vehicles",0,,
,"Petrol leaded","Passenger Vehicles",3,,
,,"Light Commercial Vehicles",3,,
,"Petrol unleaded","Passenger Vehicles",50,,
,,"Light Commercial Vehicles",17,,
,"LPG/Other gases","Passenger Vehicles",0,,
,,"Light Commercial Vehicles",0,,
,"Dual fuel","Passenger Vehicles",0,,
,,"Light Commercial Vehicles",0,,
,"Other","Passenger Vehicles",0,,
,,"Light Commercial Vehicles",0,,
,"Unknown","Passenger Vehicles",0,,
,,"Light Commercial Vehicles",0,,
"6510","Diesel","Passenger Vehicles",281,,
,,"Light Commercial Vehicles",614,,
,"Electric","Passenger Vehicles",0,,
,,"Light Commercial Vehicles",0,,
,"Petrol leaded","Passenger Vehicles",35,,
,,"Light Commercial Vehicles",35,,
,"Petrol unleaded","Passenger Vehicles",824,,
,,"Light Commercial Vehicles",109,,
,"LPG/Other gases","Passenger Vehicles",20,,
,,"Light Commercial Vehicles",9,,
,"Dual fuel","Passenger Vehicles",0,,
,,"Light Commercial Vehicles",0,,
,"Other","Passenger Vehicles",0,,
,,"Light Commercial Vehicles",0,,
,"Unknown","Passenger Vehicles",0,,
,,"Light Commercial Vehicles",0,,
"6511","Diesel","Passenger Vehicles",78,,
,,"Light Commercial Vehicles",170,,
,"Electric","Passenger Vehicles",0,,
,,"Light Commercial Vehicles",0,,
,"Petrol leaded","Passenger Vehicles",12,,
,,"Light Commercial Vehicles",6,,
,"Petrol unleaded","Passenger Vehicles",244,,
,,"Light Commercial Vehicles",32,,
,"LPG/Other gases","Passenger Vehicles",4,,
,,"Light Commercial Vehicles",5,,
,"Dual fuel","Passenger Vehicles",0,,
,,"Light Commercial Vehicles",0,,
,"Other","Passenger Vehicles",0,,
,,"Light Commercial Vehicles",0,,
,"Unknown","Passenger Vehicles",0,,
,,"Light Commercial Vehicles",0,,
"6512","Diesel","Passenger Vehicles",19,,
,,"Light Commercial Vehicles",42,,
,"Electric","Passenger Vehicles",0,,
,,"Light Commercial Vehicles",0,,
,"Petrol leaded","Passenger Vehicles",0,,
,,"Light Commercial Vehicles",0,,
,"Petrol unleaded","Passenger Vehicles",29,,
,,"Light Commercial Vehicles",5,,
,"LPG/Other gases","Passenger Vehicles",0,,
,,"Light Commercial Vehicles",3,,
,"Dual fuel","Passenger Vehicles",0,,
,,"Light Commercial Vehicles",0,,
,"Other","Passenger Vehicles",0,,
,,"Light Commercial Vehicles",0,,
,"Unknown","Passenger Vehicles",0,,
,,"Light Commercial Vehicles",0,,
"6513","Diesel","Passenger Vehicles",49,,
,,"Light Commercial Vehicles",91,,
,"Electric","Passenger Vehicles",0,,
,,"Light Commercial Vehicles",0,,
,"Petrol leaded","Passenger Vehicles",0,,
,,"Light Commercial Vehicles",0,,
,"Petrol unleaded","Passenger Vehicles",64,,
,,"Light Commercial Vehicles",14,,
,"LPG/Other gases","Passenger Vehicles",0,,
,,"Light Commercial Vehicles",3,,
,"Dual fuel","Passenger Vehicles",0,,
,,"Light Commercial Vehicles",0,,
,"Other","Passenger Vehicles",0,,
,,"Light Commercial Vehicles",0,,
,"Unknown","Passenger Vehicles",0,,
,,"Light Commercial Vehicles",0,,
"6514","Diesel","Passenger Vehicles",96,,
,,"Light Commercial Vehicles",182,,
,"Electric","Passenger Vehicles",0,,
,,"Light Commercial Vehicles",0,,
,"Petrol leaded","Passenger Vehicles",11,,
,,"Light Commercial Vehicles",14,,
,"Petrol unleaded","Passenger Vehicles",278,,
,,"Light Commercial Vehicles",40,,
,"LPG/Other gases","Passenger Vehicles",12,,
,,"Light Commercial Vehicles",7,,
,"Dual fuel","Passenger Vehicles",0,,
,,"Light Commercial Vehicles",0,,
,"Other","Passenger Vehicles",3,,
,,"Light Commercial Vehicles",0,,
,"Unknown","Passenger Vehicles",0,,
,,"Light Commercial Vehicles",0,,
"6515","Diesel","Passenger Vehicles",88,,
,,"Light Commercial Vehicles",159,,
,"Electric","Passenger Vehicles",0,,
,,"Light Commercial Vehicles",0,,
,"Petrol leaded","Passenger Vehicles",10,,
,,"Light Commercial Vehicles",6,,
,"Petrol unleaded","Passenger Vehicles",107,,
,,"Light Commercial Vehicles",23,,
,"LPG/Other gases","Passenger Vehicles",3,,
,,"Light Commercial Vehicles",3,,
,"Dual fuel","Passenger Vehicles",0,,
,,"Light Commercial Vehicles",0,,
,"Other","Passenger Vehicles",0,,
,,"Light Commercial Vehicles",0,,
,"Unknown","Passenger Vehicles",0,,
,,"Light Commercial Vehicles",0,,
"6516","Diesel","Passenger Vehicles",332,,
,,"Light Commercial Vehicles",441,,
,"Electric","Passenger Vehicles",0,,
,,"Light Commercial Vehicles",0,,
,"Petrol leaded","Passenger Vehicles",36,,
,,"Light Commercial Vehicles",14,,
,"Petrol unleaded","Passenger Vehicles",763,,
,,"Light Commercial Vehicles",101,,
,"LPG/Other gases","Passenger Vehicles",15,,
,,"Light Commercial Vehicles",11,,
,"Dual fuel","Passenger Vehicles",0,,
,,"Light Commercial Vehicles",0,,
,"Other","Passenger Vehicles",0,,
,,"Light Commercial Vehicles",0,,
,"Unknown","Passenger Vehicles",0,,
,,"Light Commercial Vehicles",0,,
"6517","Diesel","Passenger Vehicles",107,,
,,"Light Commercial Vehicles",312,,
,"Electric","Passenger Vehicles",0,,
,,"Light Commercial Vehicles",0,,
,"Petrol leaded","Passenger Vehicles",6,,
,,"Light Commercial Vehicles",6,,
,"Petrol unleaded","Passenger Vehicles",166,,
,,"Light Commercial Vehicles",52,,
,"LPG/Other gases","Passenger Vehicles",5,,
,,"Light Commercial Vehicles",3,,
,"Dual fuel","Passenger Vehicles",0,,
,,"Light Commercial Vehicles",0,,
,"Other","Passenger Vehicles",0,,
,,"Light Commercial Vehicles",0,,
,"Unknown","Passenger Vehicles",0,,
,,"Light Commercial Vehicles",0,,
"6518","Diesel","Passenger Vehicles",68,,
,,"Light Commercial Vehicles",91,,
,"Electric","Passenger Vehicles",0,,
,,"Light Commercial Vehicles",0,,
,"Petrol leaded","Passenger Vehicles",4,,
,,"Light Commercial Vehicles",9,,
,"Petrol unleaded","Passenger Vehicles",99,,
,,"Light Commercial Vehicles",9,,
,"LPG/Other gases","Passenger Vehicles",3,,
,,"Light Commercial Vehicles",4,,
,"Dual fuel","Passenger Vehicles",0,,
,,"Light Commercial Vehicles",0,,
,"Other","Passenger Vehicles",0,,
,,"Light Commercial Vehicles",0,,
,"Unknown","Passenger Vehicles",0,,
,,"Light Commercial Vehicles",0,,
"6519","Diesel","Passenger Vehicles",98,,
,,"Light Commercial Vehicles",171,,
,"Electric","Passenger Vehicles",0,,
,,"Light Commercial Vehicles",0,,
,"Petrol leaded","Passenger Vehicles",11,,
,,"Light Commercial Vehicles",3,,
,"Petrol unleaded","Passenger Vehicles",174,,
,,"Light Commercial Vehicles",25,,
,"LPG/Other gases","Passenger Vehicles",5,,
,,"Light Commercial Vehicles",4,,
,"Dual fuel","Passenger Vehicles",0,,
,,"Light Commercial Vehicles",0,,
,"Other","Passenger Vehicles",0,,
,,"Light Commercial Vehicles",0,,
,"Unknown","Passenger Vehicles",0,,
,,"Light Commercial Vehicles",0,,
"6521","Diesel","Passenger Vehicles",88,,
,,"Light Commercial Vehicles",188,,
,"Electric","Passenger Vehicles",0,,
,,"Light Commercial Vehicles",0,,
,"Petrol leaded","Passenger Vehicles",3,,
,,"Light Commercial Vehicles",3,,
,"Petrol unleaded","Passenger Vehicles",95,,
,,"Light Commercial Vehicles",23,,
,"LPG/Other gases","Passenger Vehicles",3,,
,,"Light Commercial Vehicles",0,,
,"Dual fuel","Passenger Vehicles",0,,
,,"Light Commercial Vehicles",0,,
,"Other","Passenger Vehicles",0,,
,,"Light Commercial Vehicles",0,,
,"Unknown","Passenger Vehicles",0,,
,,"Light Commercial Vehicles",0,,
"6522","Diesel","Passenger Vehicles",106,,
,,"Light Commercial Vehicles",227,,
,"Electric","Passenger Vehicles",0,,
,,"Light Commercial Vehicles",0,,
,"Petrol leaded","Passenger Vehicles",4,,
,,"Light Commercial Vehicles",10,,
,"Petrol unleaded","Passenger Vehicles",183,,
,,"Light Commercial Vehicles",43,,
,"LPG/Other gases","Passenger Vehicles",3,,
,,"Light Commercial Vehicles",3,,
,"Dual fuel","Passenger Vehicles",0,,
,,"Light Commercial Vehicles",0,,
,"Other","Passenger Vehicles",0,,
,,"Light Commercial Vehicles",0,,
,"Unknown","Passenger Vehicles",0,,
,,"Light Commercial Vehicles",0,,
"6525","Diesel","Passenger Vehicles",560,,
,,"Light Commercial Vehicles",959,,
,"Electric","Passenger Vehicles",0,,
,,"Light Commercial Vehicles",0,,
,"Petrol leaded","Passenger Vehicles",63,,
,,"Light Commercial Vehicles",30,,
,"Petrol unleaded","Passenger Vehicles",1487,,
,,"Light Commercial Vehicles",237,,
,"LPG/Other gases","Passenger Vehicles",26,,
,,"Light Commercial Vehicles",22,,
,"Dual fuel","Passenger Vehicles",0,,
,,"Light Commercial Vehicles",0,,
,"Other","Passenger Vehicles",3,,
,,"Light Commercial Vehicles",0,,
,"Unknown","Passenger Vehicles",0,,
,,"Light Commercial Vehicles",0,,
"6528","Diesel","Passenger Vehicles",85,,
,,"Light Commercial Vehicles",184,,
,"Electric","Passenger Vehicles",0,,
,,"Light Commercial Vehicles",0,,
,"Petrol leaded","Passenger Vehicles",3,,
,,"Light Commercial Vehicles",4,,
,"Petrol unleaded","Passenger Vehicles",190,,
,,"Light Commercial Vehicles",39,,
,"LPG/Other gases","Passenger Vehicles",5,,
,,"Light Commercial Vehicles",4,,
,"Dual fuel","Passenger Vehicles",0,,
,,"Light Commercial Vehicles",0,,
,"Other","Passenger Vehicles",0,,
,,"Light Commercial Vehicles",0,,
,"Unknown","Passenger Vehicles",0,,
,,"Light Commercial Vehicles",0,,
"6530","Diesel","Passenger Vehicles",3593,,
,,"Light Commercial Vehicles",5667,,
,"Electric","Passenger Vehicles",3,,
,,"Light Commercial Vehicles",0,,
,"Petrol leaded","Passenger Vehicles",459,,
,,"Light Commercial Vehicles",204,,
,"Petrol unleaded","Passenger Vehicles",14240,,
,,"Light Commercial Vehicles",1818,,
,"LPG/Other gases","Passenger Vehicles",219,,
,,"Light Commercial Vehicles",98,,
,"Dual fuel","Passenger Vehicles",3,,
,,"Light Commercial Vehicles",0,,
,"Other","Passenger Vehicles",3,,
,,"Light Commercial Vehicles",0,,
,"Unknown","Passenger Vehicles",0,,
,,"Light Commercial Vehicles",0,,
"6531","Diesel","Passenger Vehicles",0,,
,,"Light Commercial Vehicles",0,,
,"Electric","Passenger Vehicles",0,,
,,"Light Commercial Vehicles",0,,
,"Petrol leaded","Passenger Vehicles",0,,
,,"Light Commercial Vehicles",0,,
,"Petrol unleaded","Passenger Vehicles",0,,
,,"Light Commercial Vehicles",0,,
,"LPG/Other gases","Passenger Vehicles",0,,
,,"Light Commercial Vehicles",0,,
,"Dual fuel","Passenger Vehicles",0,,
,,"Light Commercial Vehicles",0,,
,"Other","Passenger Vehicles",0,,
,,"Light Commercial Vehicles",0,,
,"Unknown","Passenger Vehicles",0,,
,,"Light Commercial Vehicles",0,,
"6532","Diesel","Passenger Vehicles",986,,
,,"Light Commercial Vehicles",1647,,
,"Electric","Passenger Vehicles",0,,
,,"Light Commercial Vehicles",0,,
,"Petrol leaded","Passenger Vehicles",105,,
,,"Light Commercial Vehicles",50,,
,"Petrol unleaded","Passenger Vehicles",2330,,
,,"Light Commercial Vehicles",359,,
,"LPG/Other gases","Passenger Vehicles",42,,
,,"Light Commercial Vehicles",24,,
,"Dual fuel","Passenger Vehicles",0,,
,,"Light Commercial Vehicles",0,,
,"Other","Passenger Vehicles",0,,
,,"Light Commercial Vehicles",0,,
,"Unknown","Passenger Vehicles",0,,
,,"Light Commercial Vehicles",0,,
"6535","Diesel","Passenger Vehicles",276,,
,,"Light Commercial Vehicles",564,,
,"Electric","Passenger Vehicles",0,,
,,"Light Commercial Vehicles",0,,
,"Petrol leaded","Passenger Vehicles",33,,
,,"Light Commercial Vehicles",16,,
,"Petrol unleaded","Passenger Vehicles",592,,
,,"Light Commercial Vehicles",92,,
,"LPG/Other gases","Passenger Vehicles",12,,
,,"Light Commercial Vehicles",12,,
,"Dual fuel","Passenger Vehicles",0,,
,,"Light Commercial Vehicles",0,,
,"Other","Passenger Vehicles",0,,
,,"Light Commercial Vehicles",0,,
,"Unknown","Passenger Vehicles",0,,
,,"Light Commercial Vehicles",0,,
"6536","Diesel","Passenger Vehicles",231,,
,,"Light Commercial Vehicles",286,,
,"Electric","Passenger Vehicles",0,,
,,"Light Commercial Vehicles",0,,
,"Petrol leaded","Passenger Vehicles",23,,
,,"Light Commercial Vehicles",11,,
,"Petrol unleaded","Passenger Vehicles",601,,
,,"Light Commercial Vehicles",88,,
,"LPG/Other gases","Passenger Vehicles",9,,
,,"Light Commercial Vehicles",3,,
,"Dual fuel","Passenger Vehicles",0,,
,,"Light Commercial Vehicles",0,,
,"Other","Passenger Vehicles",3,,
,,"Light Commercial Vehicles",0,,
,"Unknown","Passenger Vehicles",0,,
,,"Light Commercial Vehicles",0,,
"6537","Diesel","Passenger Vehicles",146,,
,,"Light Commercial Vehicles",162,,
,"Electric","Passenger Vehicles",0,,
,,"Light Commercial Vehicles",0,,
,"Petrol leaded","Passenger Vehicles",16,,
,,"Light Commercial Vehicles",7,,
,"Petrol unleaded","Passenger Vehicles",262,,
,,"Light Commercial Vehicles",44,,
,"LPG/Other gases","Passenger Vehicles",10,,
,,"Light Commercial Vehicles",3,,
,"Dual fuel","Passenger Vehicles",0,,
,,"Light Commercial Vehicles",0,,
,"Other","Passenger Vehicles",0,,
,,"Light Commercial Vehicles",0,,
,"Unknown","Passenger Vehicles",0,,
,,"Light Commercial Vehicles",0,,
"6556","Diesel","Passenger Vehicles",251,,
,,"Light Commercial Vehicles",371,,
,"Electric","Passenger Vehicles",0,,
,,"Light Commercial Vehicles",0,,
,"Petrol leaded","Passenger Vehicles",93,,
,,"Light Commercial Vehicles",26,,
,"Petrol unleaded","Passenger Vehicles",1039,,
,,"Light Commercial Vehicles",175,,
,"LPG/Other gases","Passenger Vehicles",34,,
,,"Light Commercial Vehicles",26,,
,"Dual fuel","Passenger Vehicles",0,,
,,"Light Commercial Vehicles",0,,
,"Other","Passenger Vehicles",0,,
,,"Light Commercial Vehicles",0,,
,"Unknown","Passenger Vehicles",0,,
,,"Light Commercial Vehicles",0,,
"6558","Diesel","Passenger Vehicles",94,,
,,"Light Commercial Vehicles",136,,
,"Electric","Passenger Vehicles",0,,
,,"Light Commercial Vehicles",0,,
,"Petrol leaded","Passenger Vehicles",24,,
,,"Light Commercial Vehicles",3,,
,"Petrol unleaded","Passenger Vehicles",374,,
,,"Light Commercial Vehicles",67,,
,"LPG/Other gases","Passenger Vehicles",8,,
,,"Light Commercial Vehicles",10,,
,"Dual fuel","Passenger Vehicles",0,,
,,"Light Commercial Vehicles",0,,
,"Other","Passenger Vehicles",0,,
,,"Light Commercial Vehicles",0,,
,"Unknown","Passenger Vehicles",0,,
,,"Light Commercial Vehicles",0,,
"6560","Diesel","Passenger Vehicles",139,,
,,"Light Commercial Vehicles",195,,
,"Electric","Passenger Vehicles",0,,
,,"Light Commercial Vehicles",0,,
,"Petrol leaded","Passenger Vehicles",35,,
,,"Light Commercial Vehicles",28,,
,"Petrol unleaded","Passenger Vehicles",679,,
,,"Light Commercial Vehicles",109,,
,"LPG/Other gases","Passenger Vehicles",16,,
,,"Light Commercial Vehicles",29,,
,"Dual fuel","Passenger Vehicles",0,,
,,"Light Commercial Vehicles",0,,
,"Other","Passenger Vehicles",3,,
,,"Light Commercial Vehicles",0,,
,"Unknown","Passenger Vehicles",0,,
,,"Light Commercial Vehicles",0,,
"6562","Diesel","Passenger Vehicles",158,,
,,"Light Commercial Vehicles",279,,
,"Electric","Passenger Vehicles",0,,
,,"Light Commercial Vehicles",0,,
,"Petrol leaded","Passenger Vehicles",33,,
,,"Light Commercial Vehicles",22,,
,"Petrol unleaded","Passenger Vehicles",596,,
,,"Light Commercial Vehicles",125,,
,"LPG/Other gases","Passenger Vehicles",21,,
,,"Light Commercial Vehicles",20,,
,"Dual fuel","Passenger Vehicles",0,,
,,"Light Commercial Vehicles",0,,
,"Other","Passenger Vehicles",0,,
,,"Light Commercial Vehicles",0,,
,"Unknown","Passenger Vehicles",0,,
,,"Light Commercial Vehicles",0,,
"6564","Diesel","Passenger Vehicles",70,,
,,"Light Commercial Vehicles",97,,
,"Electric","Passenger Vehicles",0,,
,,"Light Commercial Vehicles",0,,
,"Petrol leaded","Passenger Vehicles",13,,
,,"Light Commercial Vehicles",5,,
,"Petrol unleaded","Passenger Vehicles",196,,
,,"Light Commercial Vehicles",50,,
,"LPG/Other gases","Passenger Vehicles",8,,
,,"Light Commercial Vehicles",11,,
,"Dual fuel","Passenger Vehicles",0,,
,,"Light Commercial Vehicles",0,,
,"Other","Passenger Vehicles",0,,
,,"Light Commercial Vehicles",0,,
,"Unknown","Passenger Vehicles",0,,
,,"Light Commercial Vehicles",0,,
"6566","Diesel","Passenger Vehicles",491,,
,,"Light Commercial Vehicles",794,,
,"Electric","Passenger Vehicles",0,,
,,"Light Commercial Vehicles",0,,
,"Petrol leaded","Passenger Vehicles",115,,
,,"Light Commercial Vehicles",52,,
,"Petrol unleaded","Passenger Vehicles",1670,,
,,"Light Commercial Vehicles",314,,
,"LPG/Other gases","Passenger Vehicles",44,,
,,"Light Commercial Vehicles",50,,
,"Dual fuel","Passenger Vehicles",0,,
,,"Light Commercial Vehicles",0,,
,"Other","Passenger Vehicles",0,,
,,"Light Commercial Vehicles",0,,
,"Unknown","Passenger Vehicles",0,,
,,"Light Commercial Vehicles",0,,
"6567","Diesel","Passenger Vehicles",34,,
,,"Light Commercial Vehicles",53,,
,"Electric","Passenger Vehicles",0,,
,,"Light Commercial Vehicles",0,,
,"Petrol leaded","Passenger Vehicles",4,,
,,"Light Commercial Vehicles",3,,
,"Petrol unleaded","Passenger Vehicles",82,,
,,"Light Commercial Vehicles",17,,
,"LPG/Other gases","Passenger Vehicles",5,,
,,"Light Commercial Vehicles",3,,
,"Dual fuel","Passenger Vehicles",0,,
,,"Light Commercial Vehicles",0,,
,"Other","Passenger Vehicles",0,,
,,"Light Commercial Vehicles",0,,
,"Unknown","Passenger Vehicles",0,,
,,"Light Commercial Vehicles",0,,
"6568","Diesel","Passenger Vehicles",47,,
,,"Light Commercial Vehicles",86,,
,"Electric","Passenger Vehicles",0,,
,,"Light Commercial Vehicles",0,,
,"Petrol leaded","Passenger Vehicles",0,,
,,"Light Commercial Vehicles",3,,
,"Petrol unleaded","Passenger Vehicles",96,,
,,"Light Commercial Vehicles",18,,
,"LPG/Other gases","Passenger Vehicles",3,,
,,"Light Commercial Vehicles",0,,
,"Dual fuel","Passenger Vehicles",0,,
,,"Light Commercial Vehicles",0,,
,"Other","Passenger Vehicles",0,,
,,"Light Commercial Vehicles",0,,
,"Unknown","Passenger Vehicles",0,,
,,"Light Commercial Vehicles",0,,
"6569","Diesel","Passenger Vehicles",55,,
,,"Light Commercial Vehicles",111,,
,"Electric","Passenger Vehicles",0,,
,,"Light Commercial Vehicles",0,,
,"Petrol leaded","Passenger Vehicles",6,,
,,"Light Commercial Vehicles",5,,
,"Petrol unleaded","Passenger Vehicles",122,,
,,"Light Commercial Vehicles",27,,
,"LPG/Other gases","Passenger Vehicles",3,,
,,"Light Commercial Vehicles",3,,
,"Dual fuel","Passenger Vehicles",0,,
,,"Light Commercial Vehicles",0,,
,"Other","Passenger Vehicles",0,,
,,"Light Commercial Vehicles",0,,
,"Unknown","Passenger Vehicles",0,,
,,"Light Commercial Vehicles",0,,
"6571","Diesel","Passenger Vehicles",27,,
,,"Light Commercial Vehicles",56,,
,"Electric","Passenger Vehicles",0,,
,,"Light Commercial Vehicles",0,,
,"Petrol leaded","Passenger Vehicles",3,,
,,"Light Commercial Vehicles",3,,
,"Petrol unleaded","Passenger Vehicles",38,,
,,"Light Commercial Vehicles",6,,
,"LPG/Other gases","Passenger Vehicles",0,,
,,"Light Commercial Vehicles",0,,
,"Dual fuel","Passenger Vehicles",0,,
,,"Light Commercial Vehicles",0,,
,"Other","Passenger Vehicles",0,,
,,"Light Commercial Vehicles",0,,
,"Unknown","Passenger Vehicles",0,,
,,"Light Commercial Vehicles",0,,
"6572","Diesel","Passenger Vehicles",15,,
,,"Light Commercial Vehicles",35,,
,"Electric","Passenger Vehicles",0,,
,,"Light Commercial Vehicles",0,,
,"Petrol leaded","Passenger Vehicles",4,,
,,"Light Commercial Vehicles",3,,
,"Petrol unleaded","Passenger Vehicles",23,,
,,"Light Commercial Vehicles",9,,
,"LPG/Other gases","Passenger Vehicles",0,,
,,"Light Commercial Vehicles",0,,
,"Dual fuel","Passenger Vehicles",0,,
,,"Light Commercial Vehicles",0,,
,"Other","Passenger Vehicles",0,,
,,"Light Commercial Vehicles",0,,
,"Unknown","Passenger Vehicles",0,,
,,"Light Commercial Vehicles",0,,
"6574","Diesel","Passenger Vehicles",21,,
,,"Light Commercial Vehicles",44,,
,"Electric","Passenger Vehicles",0,,
,,"Light Commercial Vehicles",0,,
,"Petrol leaded","Passenger Vehicles",0,,
,,"Light Commercial Vehicles",3,,
,"Petrol unleaded","Passenger Vehicles",22,,
,,"Light Commercial Vehicles",10,,
,"LPG/Other gases","Passenger Vehicles",0,,
,,"Light Commercial Vehicles",0,,
,"Dual fuel","Passenger Vehicles",0,,
,,"Light Commercial Vehicles",0,,
,"Other","Passenger Vehicles",0,,
,,"Light Commercial Vehicles",0,,
,"Unknown","Passenger Vehicles",0,,
,,"Light Commercial Vehicles",0,,
"6575","Diesel","Passenger Vehicles",36,,
,,"Light Commercial Vehicles",80,,
,"Electric","Passenger Vehicles",0,,
,,"Light Commercial Vehicles",0,,
,"Petrol leaded","Passenger Vehicles",5,,
,,"Light Commercial Vehicles",0,,
,"Petrol unleaded","Passenger Vehicles",69,,
,,"Light Commercial Vehicles",11,,
,"LPG/Other gases","Passenger Vehicles",3,,
,,"Light Commercial Vehicles",0,,
,"Dual fuel","Passenger Vehicles",0,,
,,"Light Commercial Vehicles",0,,
,"Other","Passenger Vehicles",0,,
,,"Light Commercial Vehicles",0,,
,"Unknown","Passenger Vehicles",0,,
,,"Light Commercial Vehicles",0,,
"6603","Diesel","Passenger Vehicles",177,,
,,"Light Commercial Vehicles",372,,
,"Electric","Passenger Vehicles",3,,
,,"Light Commercial Vehicles",0,,
,"Petrol leaded","Passenger Vehicles",26,,
,,"Light Commercial Vehicles",10,,
,"Petrol unleaded","Passenger Vehicles",447,,
,,"Light Commercial Vehicles",70,,
,"LPG/Other gases","Passenger Vehicles",4,,
,,"Light Commercial Vehicles",9,,
,"Dual fuel","Passenger Vehicles",0,,
,,"Light Commercial Vehicles",0,,
,"Other","Passenger Vehicles",0,,
,,"Light Commercial Vehicles",0,,
,"Unknown","Passenger Vehicles",0,,
,,"Light Commercial Vehicles",0,,
"6605","Diesel","Passenger Vehicles",10,,
,,"Light Commercial Vehicles",12,,
,"Electric","Passenger Vehicles",0,,
,,"Light Commercial Vehicles",0,,
,"Petrol leaded","Passenger Vehicles",0,,
,,"Light Commercial Vehicles",0,,
,"Petrol unleaded","Passenger Vehicles",11,,
,,"Light Commercial Vehicles",3,,
,"LPG/Other gases","Passenger Vehicles",0,,
,,"Light Commercial Vehicles",0,,
,"Dual fuel","Passenger Vehicles",0,,
,,"Light Commercial Vehicles",0,,
,"Other","Passenger Vehicles",0,,
,,"Light Commercial Vehicles",0,,
,"Unknown","Passenger Vehicles",0,,
,,"Light Commercial Vehicles",0,,
"6606","Diesel","Passenger Vehicles",22,,
,,"Light Commercial Vehicles",54,,
,"Electric","Passenger Vehicles",0,,
,,"Light Commercial Vehicles",0,,
,"Petrol leaded","Passenger Vehicles",3,,
,,"Light Commercial Vehicles",3,,
,"Petrol unleaded","Passenger Vehicles",59,,
,,"Light Commercial Vehicles",5,,
,"LPG/Other gases","Passenger Vehicles",3,,
,,"Light Commercial Vehicles",3,,
,"Dual fuel","Passenger Vehicles",0,,
,,"Light Commercial Vehicles",0,,
,"Other","Passenger Vehicles",0,,
,,"Light Commercial Vehicles",0,,
,"Unknown","Passenger Vehicles",0,,
,,"Light Commercial Vehicles",0,,
"6608","Diesel","Passenger Vehicles",17,,
,,"Light Commercial Vehicles",37,,
,"Electric","Passenger Vehicles",0,,
,,"Light Commercial Vehicles",0,,
,"Petrol leaded","Passenger Vehicles",0,,
,,"Light Commercial Vehicles",0,,
,"Petrol unleaded","Passenger Vehicles",42,,
,,"Light Commercial Vehicles",10,,
,"LPG/Other gases","Passenger Vehicles",0,,
,,"Light Commercial Vehicles",0,,
,"Dual fuel","Passenger Vehicles",0,,
,,"Light Commercial Vehicles",0,,
,"Other","Passenger Vehicles",0,,
,,"Light Commercial Vehicles",0,,
,"Unknown","Passenger Vehicles",0,,
,,"Light Commercial Vehicles",0,,
"6609","Diesel","Passenger Vehicles",130,,
,,"Light Commercial Vehicles",249,,
,"Electric","Passenger Vehicles",3,,
,,"Light Commercial Vehicles",0,,
,"Petrol leaded","Passenger Vehicles",8,,
,,"Light Commercial Vehicles",3,,
,"Petrol unleaded","Passenger Vehicles",345,,
,,"Light Commercial Vehicles",65,,
,"LPG/Other gases","Passenger Vehicles",9,,
,,"Light Commercial Vehicles",0,,
,"Dual fuel","Passenger Vehicles",0,,
,,"Light Commercial Vehicles",0,,
,"Other","Passenger Vehicles",0,,
,,"Light Commercial Vehicles",0,,
,"Unknown","Passenger Vehicles",0,,
,,"Light Commercial Vehicles",0,,
"6612","Diesel","Passenger Vehicles",50,,
,,"Light Commercial Vehicles",105,,
,"Electric","Passenger Vehicles",0,,
,,"Light Commercial Vehicles",0,,
,"Petrol leaded","Passenger Vehicles",5,,
,,"Light Commercial Vehicles",3,,
,"Petrol unleaded","Passenger Vehicles",68,,
,,"Light Commercial Vehicles",18,,
,"LPG/Other gases","Passenger Vehicles",0,,
,,"Light Commercial Vehicles",3,,
,"Dual fuel","Passenger Vehicles",0,,
,,"Light Commercial Vehicles",0,,
,"Other","Passenger Vehicles",0,,
,,"Light Commercial Vehicles",0,,
,"Unknown","Passenger Vehicles",0,,
,,"Light Commercial Vehicles",0,,
"6613","Diesel","Passenger Vehicles",20,,
,,"Light Commercial Vehicles",35,,
,"Electric","Passenger Vehicles",0,,
,,"Light Commercial Vehicles",0,,
,"Petrol leaded","Passenger Vehicles",3,,
,,"Light Commercial Vehicles",0,,
,"Petrol unleaded","Passenger Vehicles",23,,
,,"Light Commercial Vehicles",3,,
,"LPG/Other gases","Passenger Vehicles",0,,
,,"Light Commercial Vehicles",0,,
,"Dual fuel","Passenger Vehicles",0,,
,,"Light Commercial Vehicles",0,,
,"Other","Passenger Vehicles",0,,
,,"Light Commercial Vehicles",0,,
,"Unknown","Passenger Vehicles",0,,
,,"Light Commercial Vehicles",0,,
"6614","Diesel","Passenger Vehicles",5,,
,,"Light Commercial Vehicles",9,,
,"Electric","Passenger Vehicles",0,,
,,"Light Commercial Vehicles",0,,
,"Petrol leaded","Passenger Vehicles",0,,
,,"Light Commercial Vehicles",0,,
,"Petrol unleaded","Passenger Vehicles",3,,
,,"Light Commercial Vehicles",0,,
,"LPG/Other gases","Passenger Vehicles",0,,
,,"Light Commercial Vehicles",0,,
,"Dual fuel","Passenger Vehicles",0,,
,,"Light Commercial Vehicles",0,,
,"Other","Passenger Vehicles",0,,
,,"Light Commercial Vehicles",0,,
,"Unknown","Passenger Vehicles",0,,
,,"Light Commercial Vehicles",0,,
"6616","Diesel","Passenger Vehicles",23,,
,,"Light Commercial Vehicles",30,,
,"Electric","Passenger Vehicles",0,,
,,"Light Commercial Vehicles",0,,
,"Petrol leaded","Passenger Vehicles",0,,
,,"Light Commercial Vehicles",0,,
,"Petrol unleaded","Passenger Vehicles",24,,
,,"Light Commercial Vehicles",4,,
,"LPG/Other gases","Passenger Vehicles",0,,
,,"Light Commercial Vehicles",0,,
,"Dual fuel","Passenger Vehicles",0,,
,,"Light Commercial Vehicles",0,,
,"Other","Passenger Vehicles",0,,
,,"Light Commercial Vehicles",0,,
,"Unknown","Passenger Vehicles",0,,
,,"Light Commercial Vehicles",0,,
"6620","Diesel","Passenger Vehicles",65,,
,,"Light Commercial Vehicles",133,,
,"Electric","Passenger Vehicles",0,,
,,"Light Commercial Vehicles",0,,
,"Petrol leaded","Passenger Vehicles",7,,
,,"Light Commercial Vehicles",4,,
,"Petrol unleaded","Passenger Vehicles",124,,
,,"Light Commercial Vehicles",28,,
,"LPG/Other gases","Passenger Vehicles",0,,
,,"Light Commercial Vehicles",3,,
,"Dual fuel","Passenger Vehicles",0,,
,,"Light Commercial Vehicles",0,,
,"Other","Passenger Vehicles",0,,
,,"Light Commercial Vehicles",0,,
,"Unknown","Passenger Vehicles",0,,
,,"Light Commercial Vehicles",0,,
"6623","Diesel","Passenger Vehicles",98,,
,,"Light Commercial Vehicles",216,,
,"Electric","Passenger Vehicles",0,,
,,"Light Commercial Vehicles",0,,
,"Petrol leaded","Passenger Vehicles",3,,
,,"Light Commercial Vehicles",5,,
,"Petrol unleaded","Passenger Vehicles",238,,
,,"Light Commercial Vehicles",46,,
,"LPG/Other gases","Passenger Vehicles",3,,
,,"Light Commercial Vehicles",6,,
,"Dual fuel","Passenger Vehicles",0,,
,,"Light Commercial Vehicles",0,,
,"Other","Passenger Vehicles",0,,
,,"Light Commercial Vehicles",0,,
,"Unknown","Passenger Vehicles",0,,
,,"Light Commercial Vehicles",0,,
"6625","Diesel","Passenger Vehicles",3,,
,,"Light Commercial Vehicles",0,,
,"Electric","Passenger Vehicles",0,,
,,"Light Commercial Vehicles",0,,
,"Petrol leaded","Passenger Vehicles",0,,
,,"Light Commercial Vehicles",0,,
,"Petrol unleaded","Passenger Vehicles",3,,
,,"Light Commercial Vehicles",0,,
,"LPG/Other gases","Passenger Vehicles",0,,
,,"Light Commercial Vehicles",0,,
,"Dual fuel","Passenger Vehicles",0,,
,,"Light Commercial Vehicles",0,,
,"Other","Passenger Vehicles",0,,
,,"Light Commercial Vehicles",0,,
,"Unknown","Passenger Vehicles",0,,
,,"Light Commercial Vehicles",0,,
"6627","Diesel","Passenger Vehicles",4,,
,,"Light Commercial Vehicles",23,,
,"Electric","Passenger Vehicles",0,,
,,"Light Commercial Vehicles",0,,
,"Petrol leaded","Passenger Vehicles",0,,
,,"Light Commercial Vehicles",0,,
,"Petrol unleaded","Passenger Vehicles",6,,
,,"Light Commercial Vehicles",3,,
,"LPG/Other gases","Passenger Vehicles",0,,
,,"Light Commercial Vehicles",0,,
,"Dual fuel","Passenger Vehicles",0,,
,,"Light Commercial Vehicles",0,,
,"Other","Passenger Vehicles",0,,
,,"Light Commercial Vehicles",0,,
,"Unknown","Passenger Vehicles",0,,
,,"Light Commercial Vehicles",0,,
"6628","Diesel","Passenger Vehicles",0,,
,,"Light Commercial Vehicles",3,,
,"Electric","Passenger Vehicles",0,,
,,"Light Commercial Vehicles",0,,
,"Petrol leaded","Passenger Vehicles",0,,
,,"Light Commercial Vehicles",0,,
,"Petrol unleaded","Passenger Vehicles",9,,
,,"Light Commercial Vehicles",3,,
,"LPG/Other gases","Passenger Vehicles",0,,
,,"Light Commercial Vehicles",0,,
,"Dual fuel","Passenger Vehicles",0,,
,,"Light Commercial Vehicles",0,,
,"Other","Passenger Vehicles",0,,
,,"Light Commercial Vehicles",0,,
,"Unknown","Passenger Vehicles",0,,
,,"Light Commercial Vehicles",0,,
"6630","Diesel","Passenger Vehicles",96,,
,,"Light Commercial Vehicles",215,,
,"Electric","Passenger Vehicles",0,,
,,"Light Commercial Vehicles",0,,
,"Petrol leaded","Passenger Vehicles",11,,
,,"Light Commercial Vehicles",6,,
,"Petrol unleaded","Passenger Vehicles",219,,
,,"Light Commercial Vehicles",47,,
,"LPG/Other gases","Passenger Vehicles",9,,
,,"Light Commercial Vehicles",3,,
,"Dual fuel","Passenger Vehicles",0,,
,,"Light Commercial Vehicles",0,,
,"Other","Passenger Vehicles",0,,
,,"Light Commercial Vehicles",0,,
,"Unknown","Passenger Vehicles",0,,
,,"Light Commercial Vehicles",0,,
"6631","Diesel","Passenger Vehicles",3,,
,,"Light Commercial Vehicles",10,,
,"Electric","Passenger Vehicles",0,,
,,"Light Commercial Vehicles",0,,
,"Petrol leaded","Passenger Vehicles",0,,
,,"Light Commercial Vehicles",0,,
,"Petrol unleaded","Passenger Vehicles",3,,
,,"Light Commercial Vehicles",3,,
,"LPG/Other gases","Passenger Vehicles",0,,
,,"Light Commercial Vehicles",0,,
,"Dual fuel","Passenger Vehicles",0,,
,,"Light Commercial Vehicles",0,,
,"Other","Passenger Vehicles",0,,
,,"Light Commercial Vehicles",0,,
,"Unknown","Passenger Vehicles",0,,
,,"Light Commercial Vehicles",0,,
"6632","Diesel","Passenger Vehicles",8,,
,,"Light Commercial Vehicles",12,,
,"Electric","Passenger Vehicles",0,,
,,"Light Commercial Vehicles",0,,
,"Petrol leaded","Passenger Vehicles",0,,
,,"Light Commercial Vehicles",3,,
,"Petrol unleaded","Passenger Vehicles",4,,
,,"Light Commercial Vehicles",3,,
,"LPG/Other gases","Passenger Vehicles",0,,
,,"Light Commercial Vehicles",0,,
,"Dual fuel","Passenger Vehicles",0,,
,,"Light Commercial Vehicles",0,,
,"Other","Passenger Vehicles",0,,
,,"Light Commercial Vehicles",0,,
,"Unknown","Passenger Vehicles",0,,
,,"Light Commercial Vehicles",0,,
"6635","Diesel","Passenger Vehicles",30,,
,,"Light Commercial Vehicles",54,,
,"Electric","Passenger Vehicles",0,,
,,"Light Commercial Vehicles",0,,
,"Petrol leaded","Passenger Vehicles",3,,
,,"Light Commercial Vehicles",0,,
,"Petrol unleaded","Passenger Vehicles",47,,
,,"Light Commercial Vehicles",4,,
,"LPG/Other gases","Passenger Vehicles",0,,
,,"Light Commercial Vehicles",0,,
,"Dual fuel","Passenger Vehicles",0,,
,,"Light Commercial Vehicles",0,,
,"Other","Passenger Vehicles",0,,
,,"Light Commercial Vehicles",0,,
,"Unknown","Passenger Vehicles",0,,
,,"Light Commercial Vehicles",0,,
"6638","Diesel","Passenger Vehicles",66,,
,,"Light Commercial Vehicles",147,,
,"Electric","Passenger Vehicles",0,,
,,"Light Commercial Vehicles",0,,
,"Petrol leaded","Passenger Vehicles",5,,
,,"Light Commercial Vehicles",3,,
,"Petrol unleaded","Passenger Vehicles",145,,
,,"Light Commercial Vehicles",50,,
,"LPG/Other gases","Passenger Vehicles",4,,
,,"Light Commercial Vehicles",3,,
,"Dual fuel","Passenger Vehicles",0,,
,,"Light Commercial Vehicles",0,,
,"Other","Passenger Vehicles",0,,
,,"Light Commercial Vehicles",0,,
,"Unknown","Passenger Vehicles",0,,
,,"Light Commercial Vehicles",0,,
"6639","Diesel","Passenger Vehicles",17,,
,,"Light Commercial Vehicles",37,,
,"Electric","Passenger Vehicles",0,,
,,"Light Commercial Vehicles",0,,
,"Petrol leaded","Passenger Vehicles",3,,
,,"Light Commercial Vehicles",0,,
,"Petrol unleaded","Passenger Vehicles",19,,
,,"Light Commercial Vehicles",6,,
,"LPG/Other gases","Passenger Vehicles",3,,
,,"Light Commercial Vehicles",0,,
,"Dual fuel","Passenger Vehicles",0,,
,,"Light Commercial Vehicles",0,,
,"Other","Passenger Vehicles",0,,
,,"Light Commercial Vehicles",0,,
,"Unknown","Passenger Vehicles",0,,
,,"Light Commercial Vehicles",0,,
"6640","Diesel","Passenger Vehicles",52,,
,,"Light Commercial Vehicles",108,,
,"Electric","Passenger Vehicles",0,,
,,"Light Commercial Vehicles",0,,
,"Petrol leaded","Passenger Vehicles",0,,
,,"Light Commercial Vehicles",0,,
,"Petrol unleaded","Passenger Vehicles",55,,
,,"Light Commercial Vehicles",13,,
,"LPG/Other gases","Passenger Vehicles",0,,
,,"Light Commercial Vehicles",0,,
,"Dual fuel","Passenger Vehicles",0,,
,,"Light Commercial Vehicles",0,,
,"Other","Passenger Vehicles",0,,
,,"Light Commercial Vehicles",0,,
,"Unknown","Passenger Vehicles",0,,
,,"Light Commercial Vehicles",0,,
"6642","Diesel","Passenger Vehicles",100,,
,,"Light Commercial Vehicles",215,,
,"Electric","Passenger Vehicles",0,,
,,"Light Commercial Vehicles",0,,
,"Petrol leaded","Passenger Vehicles",9,,
,,"Light Commercial Vehicles",11,,
,"Petrol unleaded","Passenger Vehicles",225,,
,,"Light Commercial Vehicles",45,,
,"LPG/Other gases","Passenger Vehicles",3,,
,,"Light Commercial Vehicles",3,,
,"Dual fuel","Passenger Vehicles",0,,
,,"Light Commercial Vehicles",0,,
,"Other","Passenger Vehicles",0,,
,,"Light Commercial Vehicles",0,,
,"Unknown","Passenger Vehicles",0,,
,,"Light Commercial Vehicles",0,,
"6646","Diesel","Passenger Vehicles",26,,
,,"Light Commercial Vehicles",66,,
,"Electric","Passenger Vehicles",0,,
,,"Light Commercial Vehicles",0,,
,"Petrol leaded","Passenger Vehicles",0,,
,,"Light Commercial Vehicles",3,,
,"Petrol unleaded","Passenger Vehicles",57,,
,,"Light Commercial Vehicles",5,,
,"LPG/Other gases","Passenger Vehicles",0,,
,,"Light Commercial Vehicles",0,,
,"Dual fuel","Passenger Vehicles",0,,
,,"Light Commercial Vehicles",0,,
,"Other","Passenger Vehicles",0,,
,,"Light Commercial Vehicles",0,,
,"Unknown","Passenger Vehicles",0,,
,,"Light Commercial Vehicles",0,,
"6701","Diesel","Passenger Vehicles",581,,
,,"Light Commercial Vehicles",1061,,
,"Electric","Passenger Vehicles",0,,
,,"Light Commercial Vehicles",0,,
,"Petrol leaded","Passenger Vehicles",61,,
,,"Light Commercial Vehicles",34,,
,"Petrol unleaded","Passenger Vehicles",1636,,
,,"Light Commercial Vehicles",255,,
,"LPG/Other gases","Passenger Vehicles",35,,
,,"Light Commercial Vehicles",10,,
,"Dual fuel","Passenger Vehicles",0,,
,,"Light Commercial Vehicles",0,,
,"Other","Passenger Vehicles",3,,
,,"Light Commercial Vehicles",0,,
,"Unknown","Passenger Vehicles",0,,
,,"Light Commercial Vehicles",0,,
"6705","Diesel","Passenger Vehicles",3,,
,,"Light Commercial Vehicles",4,,
,"Electric","Passenger Vehicles",0,,
,,"Light Commercial Vehicles",0,,
,"Petrol leaded","Passenger Vehicles",0,,
,,"Light Commercial Vehicles",0,,
,"Petrol unleaded","Passenger Vehicles",8,,
,,"Light Commercial Vehicles",0,,
,"LPG/Other gases","Passenger Vehicles",0,,
,,"Light Commercial Vehicles",0,,
,"Dual fuel","Passenger Vehicles",0,,
,,"Light Commercial Vehicles",0,,
,"Other","Passenger Vehicles",0,,
,,"Light Commercial Vehicles",0,,
,"Unknown","Passenger Vehicles",0,,
,,"Light Commercial Vehicles",0,,
"6707","Diesel","Passenger Vehicles",493,,
,,"Light Commercial Vehicles",598,,
,"Electric","Passenger Vehicles",0,,
,,"Light Commercial Vehicles",0,,
,"Petrol leaded","Passenger Vehicles",21,,
,,"Light Commercial Vehicles",28,,
,"Petrol unleaded","Passenger Vehicles",853,,
,,"Light Commercial Vehicles",150,,
,"LPG/Other gases","Passenger Vehicles",29,,
,,"Light Commercial Vehicles",9,,
,"Dual fuel","Passenger Vehicles",0,,
,,"Light Commercial Vehicles",0,,
,"Other","Passenger Vehicles",0,,
,,"Light Commercial Vehicles",0,,
,"Unknown","Passenger Vehicles",0,,
,,"Light Commercial Vehicles",0,,
"6710","Diesel","Passenger Vehicles",145,,
,,"Light Commercial Vehicles",214,,
,"Electric","Passenger Vehicles",0,,
,,"Light Commercial Vehicles",0,,
,"Petrol leaded","Passenger Vehicles",4,,
,,"Light Commercial Vehicles",5,,
,"Petrol unleaded","Passenger Vehicles",234,,
,,"Light Commercial Vehicles",30,,
,"LPG/Other gases","Passenger Vehicles",6,,
,,"Light Commercial Vehicles",3,,
,"Dual fuel","Passenger Vehicles",0,,
,,"Light Commercial Vehicles",0,,
,"Other","Passenger Vehicles",0,,
,,"Light Commercial Vehicles",0,,
,"Unknown","Passenger Vehicles",0,,
,,"Light Commercial Vehicles",0,,
"6711","Diesel","Passenger Vehicles",0,,
,,"Light Commercial Vehicles",3,,
,"Electric","Passenger Vehicles",0,,
,,"Light Commercial Vehicles",0,,
,"Petrol leaded","Passenger Vehicles",0,,
,,"Light Commercial Vehicles",0,,
,"Petrol unleaded","Passenger Vehicles",0,,
,,"Light Commercial Vehicles",0,,
,"LPG/Other gases","Passenger Vehicles",0,,
,,"Light Commercial Vehicles",0,,
,"Dual fuel","Passenger Vehicles",0,,
,,"Light Commercial Vehicles",0,,
,"Other","Passenger Vehicles",0,,
,,"Light Commercial Vehicles",0,,
,"Unknown","Passenger Vehicles",0,,
,,"Light Commercial Vehicles",0,,
"6712","Diesel","Passenger Vehicles",0,,
,,"Light Commercial Vehicles",0,,
,"Electric","Passenger Vehicles",0,,
,,"Light Commercial Vehicles",0,,
,"Petrol leaded","Passenger Vehicles",0,,
,,"Light Commercial Vehicles",0,,
,"Petrol unleaded","Passenger Vehicles",3,,
,,"Light Commercial Vehicles",0,,
,"LPG/Other gases","Passenger Vehicles",0,,
,,"Light Commercial Vehicles",0,,
,"Dual fuel","Passenger Vehicles",0,,
,,"Light Commercial Vehicles",0,,
,"Other","Passenger Vehicles",0,,
,,"Light Commercial Vehicles",0,,
,"Unknown","Passenger Vehicles",0,,
,,"Light Commercial Vehicles",0,,
"6713","Diesel","Passenger Vehicles",284,,
,,"Light Commercial Vehicles",270,,
,"Electric","Passenger Vehicles",0,,
,,"Light Commercial Vehicles",0,,
,"Petrol leaded","Passenger Vehicles",24,,
,,"Light Commercial Vehicles",8,,
,"Petrol unleaded","Passenger Vehicles",369,,
,,"Light Commercial Vehicles",44,,
,"LPG/Other gases","Passenger Vehicles",9,,
,,"Light Commercial Vehicles",3,,
,"Dual fuel","Passenger Vehicles",0,,
,,"Light Commercial Vehicles",0,,
,"Other","Passenger Vehicles",3,,
,,"Light Commercial Vehicles",0,,
,"Unknown","Passenger Vehicles",0,,
,,"Light Commercial Vehicles",0,,
"6714","Diesel","Passenger Vehicles",2805,,
,,"Light Commercial Vehicles",2647,,
,"Electric","Passenger Vehicles",0,,
,,"Light Commercial Vehicles",0,,
,"Petrol leaded","Passenger Vehicles",113,,
,,"Light Commercial Vehicles",46,,
,"Petrol unleaded","Passenger Vehicles",6754,,
,,"Light Commercial Vehicles",613,,
,"LPG/Other gases","Passenger Vehicles",82,,
,,"Light Commercial Vehicles",31,,
,"Dual fuel","Passenger Vehicles",0,,
,,"Light Commercial Vehicles",0,,
,"Other","Passenger Vehicles",3,,
,,"Light Commercial Vehicles",0,,
,"Unknown","Passenger Vehicles",0,,
,,"Light Commercial Vehicles",0,,
"6716","Diesel","Passenger Vehicles",130,,
,,"Light Commercial Vehicles",108,,
,"Electric","Passenger Vehicles",0,,
,,"Light Commercial Vehicles",0,,
,"Petrol leaded","Passenger Vehicles",13,,
,,"Light Commercial Vehicles",3,,
,"Petrol unleaded","Passenger Vehicles",129,,
,,"Light Commercial Vehicles",8,,
,"LPG/Other gases","Passenger Vehicles",3,,
,,"Light Commercial Vehicles",3,,
,"Dual fuel","Passenger Vehicles",0,,
,,"Light Commercial Vehicles",0,,
,"Other","Passenger Vehicles",0,,
,,"Light Commercial Vehicles",0,,
,"Unknown","Passenger Vehicles",0,,
,,"Light Commercial Vehicles",0,,
"6718","Diesel","Passenger Vehicles",90,,
,,"Light Commercial Vehicles",139,,
,"Electric","Passenger Vehicles",0,,
,,"Light Commercial Vehicles",0,,
,"Petrol leaded","Passenger Vehicles",11,,
,,"Light Commercial Vehicles",3,,
,"Petrol unleaded","Passenger Vehicles",207,,
,,"Light Commercial Vehicles",18,,
,"LPG/Other gases","Passenger Vehicles",3,,
,,"Light Commercial Vehicles",0,,
,"Dual fuel","Passenger Vehicles",0,,
,,"Light Commercial Vehicles",0,,
,"Other","Passenger Vehicles",0,,
,,"Light Commercial Vehicles",0,,
,"Unknown","Passenger Vehicles",0,,
,,"Light Commercial Vehicles",0,,
"6720","Diesel","Passenger Vehicles",461,,
,,"Light Commercial Vehicles",387,,
,"Electric","Passenger Vehicles",0,,
,,"Light Commercial Vehicles",0,,
,"Petrol leaded","Passenger Vehicles",19,,
,,"Light Commercial Vehicles",6,,
,"Petrol unleaded","Passenger Vehicles",706,,
,,"Light Commercial Vehicles",73,,
,"LPG/Other gases","Passenger Vehicles",17,,
,,"Light Commercial Vehicles",3,,
,"Dual fuel","Passenger Vehicles",0,,
,,"Light Commercial Vehicles",0,,
,"Other","Passenger Vehicles",0,,
,,"Light Commercial Vehicles",0,,
,"Unknown","Passenger Vehicles",0,,
,,"Light Commercial Vehicles",0,,
"6721","Diesel","Passenger Vehicles",901,,
,,"Light Commercial Vehicles",1224,,
,"Electric","Passenger Vehicles",0,,
,,"Light Commercial Vehicles",0,,
,"Petrol leaded","Passenger Vehicles",54,,
,,"Light Commercial Vehicles",22,,
,"Petrol unleaded","Passenger Vehicles",1663,,
,,"Light Commercial Vehicles",237,,
,"LPG/Other gases","Passenger Vehicles",16,,
,,"Light Commercial Vehicles",3,,
,"Dual fuel","Passenger Vehicles",0,,
,,"Light Commercial Vehicles",0,,
,"Other","Passenger Vehicles",3,,
,,"Light Commercial Vehicles",0,,
,"Unknown","Passenger Vehicles",0,,
,,"Light Commercial Vehicles",0,,
"6722","Diesel","Passenger Vehicles",1445,,
,,"Light Commercial Vehicles",1606,,
,"Electric","Passenger Vehicles",0,,
,,"Light Commercial Vehicles",0,,
,"Petrol leaded","Passenger Vehicles",73,,
,,"Light Commercial Vehicles",18,,
,"Petrol unleaded","Passenger Vehicles",3288,,
,,"Light Commercial Vehicles",469,,
,"LPG/Other gases","Passenger Vehicles",52,,
,,"Light Commercial Vehicles",15,,
,"Dual fuel","Passenger Vehicles",0,,
,,"Light Commercial Vehicles",0,,
,"Other","Passenger Vehicles",0,,
,,"Light Commercial Vehicles",0,,
,"Unknown","Passenger Vehicles",0,,
,,"Light Commercial Vehicles",0,,
"6725","Diesel","Passenger Vehicles",1844,,
,,"Light Commercial Vehicles",2257,,
,"Electric","Passenger Vehicles",0,,
,,"Light Commercial Vehicles",0,,
,"Petrol leaded","Passenger Vehicles",92,,
,,"Light Commercial Vehicles",44,,
,"Petrol unleaded","Passenger Vehicles",3465,,
,,"Light Commercial Vehicles",519,,
,"LPG/Other gases","Passenger Vehicles",55,,
,,"Light Commercial Vehicles",26,,
,"Dual fuel","Passenger Vehicles",0,,
,,"Light Commercial Vehicles",0,,
,"Other","Passenger Vehicles",3,,
,,"Light Commercial Vehicles",3,,
,"Unknown","Passenger Vehicles",0,,
,,"Light Commercial Vehicles",0,,
"6726","Diesel","Passenger Vehicles",626,,
,,"Light Commercial Vehicles",652,,
,"Electric","Passenger Vehicles",0,,
,,"Light Commercial Vehicles",0,,
,"Petrol leaded","Passenger Vehicles",29,,
,,"Light Commercial Vehicles",18,,
,"Petrol unleaded","Passenger Vehicles",1342,,
,,"Light Commercial Vehicles",141,,
,"LPG/Other gases","Passenger Vehicles",22,,
,,"Light Commercial Vehicles",4,,
,"Dual fuel","Passenger Vehicles",0,,
,,"Light Commercial Vehicles",0,,
,"Other","Passenger Vehicles",3,,
,,"Light Commercial Vehicles",0,,
,"Unknown","Passenger Vehicles",0,,
,,"Light Commercial Vehicles",0,,
"6728","Diesel","Passenger Vehicles",489,,
,,"Light Commercial Vehicles",685,,
,"Electric","Passenger Vehicles",0,,
,,"Light Commercial Vehicles",0,,
,"Petrol leaded","Passenger Vehicles",30,,
,,"Light Commercial Vehicles",16,,
,"Petrol unleaded","Passenger Vehicles",893,,
,,"Light Commercial Vehicles",140,,
,"LPG/Other gases","Passenger Vehicles",16,,
,,"Light Commercial Vehicles",5,,
,"Dual fuel","Passenger Vehicles",0,,
,,"Light Commercial Vehicles",0,,
,"Other","Passenger Vehicles",0,,
,,"Light Commercial Vehicles",0,,
,"Unknown","Passenger Vehicles",0,,
,,"Light Commercial Vehicles",0,,
"6740","Diesel","Passenger Vehicles",109,,
,,"Light Commercial Vehicles",134,,
,"Electric","Passenger Vehicles",0,,
,,"Light Commercial Vehicles",0,,
,"Petrol leaded","Passenger Vehicles",5,,
,,"Light Commercial Vehicles",0,,
,"Petrol unleaded","Passenger Vehicles",181,,
,,"Light Commercial Vehicles",31,,
,"LPG/Other gases","Passenger Vehicles",3,,
,,"Light Commercial Vehicles",0,,
,"Dual fuel","Passenger Vehicles",0,,
,,"Light Commercial Vehicles",0,,
,"Other","Passenger Vehicles",0,,
,,"Light Commercial Vehicles",0,,
,"Unknown","Passenger Vehicles",0,,
,,"Light Commercial Vehicles",0,,
"6743","Diesel","Passenger Vehicles",975,,
,,"Light Commercial Vehicles",1410,,
,"Electric","Passenger Vehicles",0,,
,,"Light Commercial Vehicles",0,,
,"Petrol leaded","Passenger Vehicles",28,,
,,"Light Commercial Vehicles",39,,
,"Petrol unleaded","Passenger Vehicles",1788,,
,,"Light Commercial Vehicles",274,,
,"LPG/Other gases","Passenger Vehicles",19,,
,,"Light Commercial Vehicles",9,,
,"Dual fuel","Passenger Vehicles",0,,
,,"Light Commercial Vehicles",0,,
,"Other","Passenger Vehicles",0,,
,,"Light Commercial Vehicles",3,,
,"Unknown","Passenger Vehicles",0,,
,,"Light Commercial Vehicles",0,,
"6751","Diesel","Passenger Vehicles",619,,
,,"Light Commercial Vehicles",495,,
,"Electric","Passenger Vehicles",0,,
,,"Light Commercial Vehicles",0,,
,"Petrol leaded","Passenger Vehicles",29,,
,,"Light Commercial Vehicles",31,,
,"Petrol unleaded","Passenger Vehicles",759,,
,,"Light Commercial Vehicles",143,,
,"LPG/Other gases","Passenger Vehicles",20,,
,,"Light Commercial Vehicles",8,,
,"Dual fuel","Passenger Vehicles",0,,
,,"Light Commercial Vehicles",0,,
,"Other","Passenger Vehicles",3,,
,,"Light Commercial Vehicles",0,,
,"Unknown","Passenger Vehicles",0,,
,,"Light Commercial Vehicles",0,,
"6753","Diesel","Passenger Vehicles",712,,
,,"Light Commercial Vehicles",759,,
,"Electric","Passenger Vehicles",0,,
,,"Light Commercial Vehicles",0,,
,"Petrol leaded","Passenger Vehicles",40,,
,,"Light Commercial Vehicles",16,,
,"Petrol unleaded","Passenger Vehicles",1236,,
,,"Light Commercial Vehicles",185,,
,"LPG/Other gases","Passenger Vehicles",19,,
,,"Light Commercial Vehicles",11,,
,"Dual fuel","Passenger Vehicles",3,,
,,"Light Commercial Vehicles",0,,
,"Other","Passenger Vehicles",3,,
,,"Light Commercial Vehicles",0,,
,"Unknown","Passenger Vehicles",0,,
,,"Light Commercial Vehicles",0,,
"6754","Diesel","Passenger Vehicles",243,,
,,"Light Commercial Vehicles",178,,
,"Electric","Passenger Vehicles",0,,
,,"Light Commercial Vehicles",0,,
,"Petrol leaded","Passenger Vehicles",11,,
,,"Light Commercial Vehicles",19,,
,"Petrol unleaded","Passenger Vehicles",354,,
,,"Light Commercial Vehicles",58,,
,"LPG/Other gases","Passenger Vehicles",10,,
,,"Light Commercial Vehicles",5,,
,"Dual fuel","Passenger Vehicles",0,,
,,"Light Commercial Vehicles",0,,
,"Other","Passenger Vehicles",3,,
,,"Light Commercial Vehicles",0,,
,"Unknown","Passenger Vehicles",0,,
,,"Light Commercial Vehicles",0,,
"6758","Diesel","Passenger Vehicles",17,,
,,"Light Commercial Vehicles",23,,
,"Electric","Passenger Vehicles",0,,
,,"Light Commercial Vehicles",0,,
,"Petrol leaded","Passenger Vehicles",3,,
,,"Light Commercial Vehicles",0,,
,"Petrol unleaded","Passenger Vehicles",10,,
,,"Light Commercial Vehicles",0,,
,"LPG/Other gases","Passenger Vehicles",0,,
,,"Light Commercial Vehicles",0,,
,"Dual fuel","Passenger Vehicles",0,,
,,"Light Commercial Vehicles",0,,
,"Other","Passenger Vehicles",0,,
,,"Light Commercial Vehicles",0,,
,"Unknown","Passenger Vehicles",0,,
,,"Light Commercial Vehicles",0,,
"6760","Diesel","Passenger Vehicles",54,,
,,"Light Commercial Vehicles",74,,
,"Electric","Passenger Vehicles",0,,
,,"Light Commercial Vehicles",0,,
,"Petrol leaded","Passenger Vehicles",15,,
,,"Light Commercial Vehicles",3,,
,"Petrol unleaded","Passenger Vehicles",69,,
,,"Light Commercial Vehicles",15,,
,"LPG/Other gases","Passenger Vehicles",3,,
,,"Light Commercial Vehicles",0,,
,"Dual fuel","Passenger Vehicles",0,,
,,"Light Commercial Vehicles",0,,
,"Other","Passenger Vehicles",0,,
,,"Light Commercial Vehicles",0,,
,"Unknown","Passenger Vehicles",0,,
,,"Light Commercial Vehicles",0,,
"6762","Diesel","Passenger Vehicles",0,,
,,"Light Commercial Vehicles",0,,
,"Electric","Passenger Vehicles",0,,
,,"Light Commercial Vehicles",0,,
,"Petrol leaded","Passenger Vehicles",0,,
,,"Light Commercial Vehicles",0,,
,"Petrol unleaded","Passenger Vehicles",3,,
,,"Light Commercial Vehicles",0,,
,"LPG/Other gases","Passenger Vehicles",0,,
,,"Light Commercial Vehicles",0,,
,"Dual fuel","Passenger Vehicles",0,,
,,"Light Commercial Vehicles",0,,
,"Other","Passenger Vehicles",0,,
,,"Light Commercial Vehicles",0,,
,"Unknown","Passenger Vehicles",0,,
,,"Light Commercial Vehicles",0,,
"6765","Diesel","Passenger Vehicles",175,,
,,"Light Commercial Vehicles",234,,
,"Electric","Passenger Vehicles",0,,
,,"Light Commercial Vehicles",0,,
,"Petrol leaded","Passenger Vehicles",0,,
,,"Light Commercial Vehicles",0,,
,"Petrol unleaded","Passenger Vehicles",233,,
,,"Light Commercial Vehicles",21,,
,"LPG/Other gases","Passenger Vehicles",3,,
,,"Light Commercial Vehicles",3,,
,"Dual fuel","Passenger Vehicles",0,,
,,"Light Commercial Vehicles",0,,
,"Other","Passenger Vehicles",0,,
,,"Light Commercial Vehicles",0,,
,"Unknown","Passenger Vehicles",0,,
,,"Light Commercial Vehicles",0,,
"6770","Diesel","Passenger Vehicles",181,,
,,"Light Commercial Vehicles",206,,
,"Electric","Passenger Vehicles",0,,
,,"Light Commercial Vehicles",0,,
,"Petrol leaded","Passenger Vehicles",5,,
,,"Light Commercial Vehicles",3,,
,"Petrol unleaded","Passenger Vehicles",256,,
,,"Light Commercial Vehicles",33,,
,"LPG/Other gases","Passenger Vehicles",6,,
,,"Light Commercial Vehicles",0,,
,"Dual fuel","Passenger Vehicles",0,,
,,"Light Commercial Vehicles",0,,
,"Other","Passenger Vehicles",0,,
,,"Light Commercial Vehicles",0,,
,"Unknown","Passenger Vehicles",0,,
,,"Light Commercial Vehicles",0,,
"6798","Diesel","Passenger Vehicles",3,,
,,"Light Commercial Vehicles",15,,
,"Electric","Passenger Vehicles",0,,
,,"Light Commercial Vehicles",0,,
,"Petrol leaded","Passenger Vehicles",0,,
,,"Light Commercial Vehicles",0,,
,"Petrol unleaded","Passenger Vehicles",43,,
,,"Light Commercial Vehicles",6,,
,"LPG/Other gases","Passenger Vehicles",0,,
,,"Light Commercial Vehicles",3,,
,"Dual fuel","Passenger Vehicles",0,,
,,"Light Commercial Vehicles",0,,
,"Other","Passenger Vehicles",0,,
,,"Light Commercial Vehicles",0,,
,"Unknown","Passenger Vehicles",0,,
,,"Light Commercial Vehicles",0,,
"6872","Diesel","Passenger Vehicles",0,,
,,"Light Commercial Vehicles",0,,
,"Electric","Passenger Vehicles",0,,
,,"Light Commercial Vehicles",0,,
,"Petrol leaded","Passenger Vehicles",0,,
,,"Light Commercial Vehicles",0,,
,"Petrol unleaded","Passenger Vehicles",0,,
,,"Light Commercial Vehicles",0,,
,"LPG/Other gases","Passenger Vehicles",0,,
,,"Light Commercial Vehicles",0,,
,"Dual fuel","Passenger Vehicles",0,,
,,"Light Commercial Vehicles",0,,
,"Other","Passenger Vehicles",0,,
,,"Light Commercial Vehicles",0,,
,"Unknown","Passenger Vehicles",0,,
,,"Light Commercial Vehicles",0,,
"6912","Diesel","Passenger Vehicles",0,,
,,"Light Commercial Vehicles",0,,
,"Electric","Passenger Vehicles",0,,
,,"Light Commercial Vehicles",0,,
,"Petrol leaded","Passenger Vehicles",0,,
,,"Light Commercial Vehicles",0,,
,"Petrol unleaded","Passenger Vehicles",0,,
,,"Light Commercial Vehicles",0,,
,"LPG/Other gases","Passenger Vehicles",0,,
,,"Light Commercial Vehicles",0,,
,"Dual fuel","Passenger Vehicles",0,,
,,"Light Commercial Vehicles",0,,
,"Other","Passenger Vehicles",0,,
,,"Light Commercial Vehicles",0,,
,"Unknown","Passenger Vehicles",0,,
,,"Light Commercial Vehicles",0,,
"6931","Diesel","Passenger Vehicles",0,,
,,"Light Commercial Vehicles",0,,
,"Electric","Passenger Vehicles",0,,
,,"Light Commercial Vehicles",0,,
,"Petrol leaded","Passenger Vehicles",0,,
,,"Light Commercial Vehicles",0,,
,"Petrol unleaded","Passenger Vehicles",0,,
,,"Light Commercial Vehicles",0,,
,"LPG/Other gases","Passenger Vehicles",0,,
,,"Light Commercial Vehicles",0,,
,"Dual fuel","Passenger Vehicles",0,,
,,"Light Commercial Vehicles",0,,
,"Other","Passenger Vehicles",0,,
,,"Light Commercial Vehicles",0,,
,"Unknown","Passenger Vehicles",0,,
,,"Light Commercial Vehicles",0,,
"6943","Diesel","Passenger Vehicles",3,,
,,"Light Commercial Vehicles",0,,
,"Electric","Passenger Vehicles",0,,
,,"Light Commercial Vehicles",0,,
,"Petrol leaded","Passenger Vehicles",0,,
,,"Light Commercial Vehicles",0,,
,"Petrol unleaded","Passenger Vehicles",0,,
,,"Light Commercial Vehicles",0,,
,"LPG/Other gases","Passenger Vehicles",0,,
,,"Light Commercial Vehicles",0,,
,"Dual fuel","Passenger Vehicles",0,,
,,"Light Commercial Vehicles",0,,
,"Other","Passenger Vehicles",0,,
,,"Light Commercial Vehicles",0,,
,"Unknown","Passenger Vehicles",0,,
,,"Light Commercial Vehicles",0,,
"6959","Diesel","Passenger Vehicles",0,,
,,"Light Commercial Vehicles",0,,
,"Electric","Passenger Vehicles",0,,
,,"Light Commercial Vehicles",0,,
,"Petrol leaded","Passenger Vehicles",0,,
,,"Light Commercial Vehicles",0,,
,"Petrol unleaded","Passenger Vehicles",0,,
,,"Light Commercial Vehicles",0,,
,"LPG/Other gases","Passenger Vehicles",0,,
,,"Light Commercial Vehicles",0,,
,"Dual fuel","Passenger Vehicles",0,,
,,"Light Commercial Vehicles",0,,
,"Other","Passenger Vehicles",0,,
,,"Light Commercial Vehicles",0,,
,"Unknown","Passenger Vehicles",0,,
,,"Light Commercial Vehicles",0,,
"6982","Diesel","Passenger Vehicles",0,,
,,"Light Commercial Vehicles",0,,
,"Electric","Passenger Vehicles",0,,
,,"Light Commercial Vehicles",0,,
,"Petrol leaded","Passenger Vehicles",0,,
,,"Light Commercial Vehicles",0,,
,"Petrol unleaded","Passenger Vehicles",0,,
,,"Light Commercial Vehicles",0,,
,"LPG/Other gases","Passenger Vehicles",0,,
,,"Light Commercial Vehicles",0,,
,"Dual fuel","Passenger Vehicles",0,,
,,"Light Commercial Vehicles",0,,
,"Other","Passenger Vehicles",0,,
,,"Light Commercial Vehicles",0,,
,"Unknown","Passenger Vehicles",0,,
,,"Light Commercial Vehicles",0,,
"6984","Diesel","Passenger Vehicles",0,,
,,"Light Commercial Vehicles",0,,
,"Electric","Passenger Vehicles",0,,
,,"Light Commercial Vehicles",0,,
,"Petrol leaded","Passenger Vehicles",0,,
,,"Light Commercial Vehicles",0,,
,"Petrol unleaded","Passenger Vehicles",0,,
,,"Light Commercial Vehicles",0,,
,"LPG/Other gases","Passenger Vehicles",0,,
,,"Light Commercial Vehicles",0,,
,"Dual fuel","Passenger Vehicles",0,,
,,"Light Commercial Vehicles",0,,
,"Other","Passenger Vehicles",0,,
,,"Light Commercial Vehicles",0,,
,"Unknown","Passenger Vehicles",0,,
,,"Light Commercial Vehicles",0,,
"7000","Diesel","Passenger Vehicles",2164,,
,,"Light Commercial Vehicles",2577,,
,"Electric","Passenger Vehicles",48,,
,,"Light Commercial Vehicles",0,,
,"Petrol leaded","Passenger Vehicles",233,,
,,"Light Commercial Vehicles",63,,
,"Petrol unleaded","Passenger Vehicles",13548,,
,,"Light Commercial Vehicles",805,,
,"LPG/Other gases","Passenger Vehicles",10,,
,,"Light Commercial Vehicles",9,,
,"Dual fuel","Passenger Vehicles",4,,
,,"Light Commercial Vehicles",14,,
,"Other","Passenger Vehicles",19,,
,,"Light Commercial Vehicles",0,,
,"Unknown","Passenger Vehicles",0,,
,,"Light Commercial Vehicles",0,,
"7001","Diesel","Passenger Vehicles",0,,
,,"Light Commercial Vehicles",0,,
,"Electric","Passenger Vehicles",0,,
,,"Light Commercial Vehicles",0,,
,"Petrol leaded","Passenger Vehicles",0,,
,,"Light Commercial Vehicles",0,,
,"Petrol unleaded","Passenger Vehicles",0,,
,,"Light Commercial Vehicles",0,,
,"LPG/Other gases","Passenger Vehicles",0,,
,,"Light Commercial Vehicles",3,,
,"Dual fuel","Passenger Vehicles",0,,
,,"Light Commercial Vehicles",0,,
,"Other","Passenger Vehicles",0,,
,,"Light Commercial Vehicles",0,,
,"Unknown","Passenger Vehicles",0,,
,,"Light Commercial Vehicles",0,,
"7004","Diesel","Passenger Vehicles",546,,
,,"Light Commercial Vehicles",357,,
,"Electric","Passenger Vehicles",10,,
,,"Light Commercial Vehicles",0,,
,"Petrol leaded","Passenger Vehicles",85,,
,,"Light Commercial Vehicles",18,,
,"Petrol unleaded","Passenger Vehicles",3760,,
,,"Light Commercial Vehicles",266,,
,"LPG/Other gases","Passenger Vehicles",3,,
,,"Light Commercial Vehicles",0,,
,"Dual fuel","Passenger Vehicles",5,,
,,"Light Commercial Vehicles",8,,
,"Other","Passenger Vehicles",8,,
,,"Light Commercial Vehicles",0,,
,"Unknown","Passenger Vehicles",0,,
,,"Light Commercial Vehicles",0,,
"7005","Diesel","Passenger Vehicles",1155,,
,,"Light Commercial Vehicles",534,,
,"Electric","Passenger Vehicles",8,,
,,"Light Commercial Vehicles",0,,
,"Petrol leaded","Passenger Vehicles",209,,
,,"Light Commercial Vehicles",29,,
,"Petrol unleaded","Passenger Vehicles",7348,,
,,"Light Commercial Vehicles",376,,
,"LPG/Other gases","Passenger Vehicles",3,,
,,"Light Commercial Vehicles",4,,
,"Dual fuel","Passenger Vehicles",5,,
,,"Light Commercial Vehicles",9,,
,"Other","Passenger Vehicles",21,,
,,"Light Commercial Vehicles",0,,
,"Unknown","Passenger Vehicles",0,,
,,"Light Commercial Vehicles",0,,
"7007","Diesel","Passenger Vehicles",303,,
,,"Light Commercial Vehicles",128,,
,"Electric","Passenger Vehicles",0,,
,,"Light Commercial Vehicles",0,,
,"Petrol leaded","Passenger Vehicles",39,,
,,"Light Commercial Vehicles",8,,
,"Petrol unleaded","Passenger Vehicles",1820,,
,,"Light Commercial Vehicles",95,,
,"LPG/Other gases","Passenger Vehicles",3,,
,,"Light Commercial Vehicles",3,,
,"Dual fuel","Passenger Vehicles",0,,
,,"Light Commercial Vehicles",0,,
,"Other","Passenger Vehicles",3,,
,,"Light Commercial Vehicles",0,,
,"Unknown","Passenger Vehicles",0,,
,,"Light Commercial Vehicles",0,,
"7008","Diesel","Passenger Vehicles",716,,
,,"Light Commercial Vehicles",839,,
,"Electric","Passenger Vehicles",18,,
,,"Light Commercial Vehicles",0,,
,"Petrol leaded","Passenger Vehicles",189,,
,,"Light Commercial Vehicles",50,,
,"Petrol unleaded","Passenger Vehicles",6935,,
,,"Light Commercial Vehicles",460,,
,"LPG/Other gases","Passenger Vehicles",4,,
,,"Light Commercial Vehicles",0,,
,"Dual fuel","Passenger Vehicles",7,,
,,"Light Commercial Vehicles",6,,
,"Other","Passenger Vehicles",17,,
,,"Light Commercial Vehicles",0,,
,"Unknown","Passenger Vehicles",0,,
,,"Light Commercial Vehicles",0,,
"7009","Diesel","Passenger Vehicles",801,,
,,"Light Commercial Vehicles",1661,,
,"Electric","Passenger Vehicles",20,,
,,"Light Commercial Vehicles",0,,
,"Petrol leaded","Passenger Vehicles",222,,
,,"Light Commercial Vehicles",82,,
,"Petrol unleaded","Passenger Vehicles",7611,,
,,"Light Commercial Vehicles",1100,,
,"LPG/Other gases","Passenger Vehicles",4,,
,,"Light Commercial Vehicles",6,,
,"Dual fuel","Passenger Vehicles",8,,
,,"Light Commercial Vehicles",11,,
,"Other","Passenger Vehicles",42,,
,,"Light Commercial Vehicles",0,,
,"Unknown","Passenger Vehicles",0,,
,,"Light Commercial Vehicles",0,,
"7010","Diesel","Passenger Vehicles",613,,
,,"Light Commercial Vehicles",1210,,
,"Electric","Passenger Vehicles",8,,
,,"Light Commercial Vehicles",0,,
,"Petrol leaded","Passenger Vehicles",319,,
,,"Light Commercial Vehicles",97,,
,"Petrol unleaded","Passenger Vehicles",9018,,
,,"Light Commercial Vehicles",1055,,
,"LPG/Other gases","Passenger Vehicles",11,,
,,"Light Commercial Vehicles",8,,
,"Dual fuel","Passenger Vehicles",17,,
,,"Light Commercial Vehicles",12,,
,"Other","Passenger Vehicles",24,,
,,"Light Commercial Vehicles",0,,
,"Unknown","Passenger Vehicles",0,,
,,"Light Commercial Vehicles",0,,
"7011","Diesel","Passenger Vehicles",569,,
,,"Light Commercial Vehicles",985,,
,"Electric","Passenger Vehicles",5,,
,,"Light Commercial Vehicles",0,,
,"Petrol leaded","Passenger Vehicles",263,,
,,"Light Commercial Vehicles",116,,
,"Petrol unleaded","Passenger Vehicles",7739,,
,,"Light Commercial Vehicles",981,,
,"LPG/Other gases","Passenger Vehicles",8,,
,,"Light Commercial Vehicles",8,,
,"Dual fuel","Passenger Vehicles",20,,
,,"Light Commercial Vehicles",11,,
,"Other","Passenger Vehicles",4,,
,,"Light Commercial Vehicles",3,,
,"Unknown","Passenger Vehicles",0,,
,,"Light Commercial Vehicles",0,,
"7012","Diesel","Passenger Vehicles",67,,
,,"Light Commercial Vehicles",139,,
,"Electric","Passenger Vehicles",0,,
,,"Light Commercial Vehicles",0,,
,"Petrol leaded","Passenger Vehicles",32,,
,,"Light Commercial Vehicles",15,,
,"Petrol unleaded","Passenger Vehicles",443,,
,,"Light Commercial Vehicles",100,,
,"LPG/Other gases","Passenger Vehicles",0,,
,,"Light Commercial Vehicles",3,,
,"Dual fuel","Passenger Vehicles",3,,
,,"Light Commercial Vehicles",3,,
,"Other","Passenger Vehicles",0,,
,,"Light Commercial Vehicles",0,,
,"Unknown","Passenger Vehicles",0,,
,,"Light Commercial Vehicles",0,,
"7015","Diesel","Passenger Vehicles",630,,
,,"Light Commercial Vehicles",669,,
,"Electric","Passenger Vehicles",3,,
,,"Light Commercial Vehicles",3,,
,"Petrol leaded","Passenger Vehicles",181,,
,,"Light Commercial Vehicles",45,,
,"Petrol unleaded","Passenger Vehicles",5961,,
,,"Light Commercial Vehicles",514,,
,"LPG/Other gases","Passenger Vehicles",8,,
,,"Light Commercial Vehicles",5,,
,"Dual fuel","Passenger Vehicles",4,,
,,"Light Commercial Vehicles",8,,
,"Other","Passenger Vehicles",6,,
,,"Light Commercial Vehicles",0,,
,"Unknown","Passenger Vehicles",0,,
,,"Light Commercial Vehicles",0,,
"7016","Diesel","Passenger Vehicles",63,,
,,"Light Commercial Vehicles",165,,
,"Electric","Passenger Vehicles",0,,
,,"Light Commercial Vehicles",0,,
,"Petrol leaded","Passenger Vehicles",58,,
,,"Light Commercial Vehicles",32,,
,"Petrol unleaded","Passenger Vehicles",1107,,
,,"Light Commercial Vehicles",192,,
,"LPG/Other gases","Passenger Vehicles",3,,
,,"Light Commercial Vehicles",0,,
,"Dual fuel","Passenger Vehicles",3,,
,,"Light Commercial Vehicles",6,,
,"Other","Passenger Vehicles",3,,
,,"Light Commercial Vehicles",0,,
,"Unknown","Passenger Vehicles",0,,
,,"Light Commercial Vehicles",0,,
"7017","Diesel","Passenger Vehicles",460,,
,,"Light Commercial Vehicles",762,,
,"Electric","Passenger Vehicles",3,,
,,"Light Commercial Vehicles",0,,
,"Petrol leaded","Passenger Vehicles",197,,
,,"Light Commercial Vehicles",54,,
,"Petrol unleaded","Passenger Vehicles",3221,,
,,"Light Commercial Vehicles",460,,
,"LPG/Other gases","Passenger Vehicles",4,,
,,"Light Commercial Vehicles",3,,
,"Dual fuel","Passenger Vehicles",6,,
,,"Light Commercial Vehicles",9,,
,"Other","Passenger Vehicles",3,,
,,"Light Commercial Vehicles",0,,
,"Unknown","Passenger Vehicles",0,,
,,"Light Commercial Vehicles",0,,
"7018","Diesel","Passenger Vehicles",1279,,
,,"Light Commercial Vehicles",1545,,
,"Electric","Passenger Vehicles",9,,
,,"Light Commercial Vehicles",0,,
,"Petrol leaded","Passenger Vehicles",319,,
,,"Light Commercial Vehicles",93,,
,"Petrol unleaded","Passenger Vehicles",12173,,
,,"Light Commercial Vehicles",1099,,
,"LPG/Other gases","Passenger Vehicles",3,,
,,"Light Commercial Vehicles",3,,
,"Dual fuel","Passenger Vehicles",19,,
,,"Light Commercial Vehicles",17,,
,"Other","Passenger Vehicles",15,,
,,"Light Commercial Vehicles",0,,
,"Unknown","Passenger Vehicles",0,,
,,"Light Commercial Vehicles",0,,
"7019","Diesel","Passenger Vehicles",213,,
,,"Light Commercial Vehicles",372,,
,"Electric","Passenger Vehicles",0,,
,,"Light Commercial Vehicles",0,,
,"Petrol leaded","Passenger Vehicles",71,,
,,"Light Commercial Vehicles",25,,
,"Petrol unleaded","Passenger Vehicles",3160,,
,,"Light Commercial Vehicles",359,,
,"LPG/Other gases","Passenger Vehicles",5,,
,,"Light Commercial Vehicles",3,,
,"Dual fuel","Passenger Vehicles",5,,
,,"Light Commercial Vehicles",10,,
,"Other","Passenger Vehicles",0,,
,,"Light Commercial Vehicles",3,,
,"Unknown","Passenger Vehicles",0,,
,,"Light Commercial Vehicles",0,,
"7020","Diesel","Passenger Vehicles",303,,
,,"Light Commercial Vehicles",434,,
,"Electric","Passenger Vehicles",0,,
,,"Light Commercial Vehicles",0,,
,"Petrol leaded","Passenger Vehicles",65,,
,,"Light Commercial Vehicles",15,,
,"Petrol unleaded","Passenger Vehicles",1320,,
,,"Light Commercial Vehicles",221,,
,"LPG/Other gases","Passenger Vehicles",3,,
,,"Light Commercial Vehicles",0,,
,"Dual fuel","Passenger Vehicles",6,,
,,"Light Commercial Vehicles",3,,
,"Other","Passenger Vehicles",0,,
,,"Light Commercial Vehicles",0,,
,"Unknown","Passenger Vehicles",0,,
,,"Light Commercial Vehicles",0,,
"7021","Diesel","Passenger Vehicles",212,,
,,"Light Commercial Vehicles",240,,
,"Electric","Passenger Vehicles",0,,
,,"Light Commercial Vehicles",0,,
,"Petrol leaded","Passenger Vehicles",44,,
,,"Light Commercial Vehicles",18,,
,"Petrol unleaded","Passenger Vehicles",1341,,
,,"Light Commercial Vehicles",157,,
,"LPG/Other gases","Passenger Vehicles",0,,
,,"Light Commercial Vehicles",0,,
,"Dual fuel","Passenger Vehicles",0,,
,,"Light Commercial Vehicles",3,,
,"Other","Passenger Vehicles",0,,
,,"Light Commercial Vehicles",0,,
,"Unknown","Passenger Vehicles",0,,
,,"Light Commercial Vehicles",0,,
"7022","Diesel","Passenger Vehicles",87,,
,,"Light Commercial Vehicles",139,,
,"Electric","Passenger Vehicles",0,,
,,"Light Commercial Vehicles",0,,
,"Petrol leaded","Passenger Vehicles",22,,
,,"Light Commercial Vehicles",3,,
,"Petrol unleaded","Passenger Vehicles",502,,
,,"Light Commercial Vehicles",83,,
,"LPG/Other gases","Passenger Vehicles",0,,
,,"Light Commercial Vehicles",0,,
,"Dual fuel","Passenger Vehicles",0,,
,,"Light Commercial Vehicles",3,,
,"Other","Passenger Vehicles",0,,
,,"Light Commercial Vehicles",0,,
,"Unknown","Passenger Vehicles",0,,
,,"Light Commercial Vehicles",0,,
"7023","Diesel","Passenger Vehicles",30,,
,,"Light Commercial Vehicles",42,,
,"Electric","Passenger Vehicles",0,,
,,"Light Commercial Vehicles",0,,
,"Petrol leaded","Passenger Vehicles",10,,
,,"Light Commercial Vehicles",5,,
,"Petrol unleaded","Passenger Vehicles",199,,
,,"Light Commercial Vehicles",33,,
,"LPG/Other gases","Passenger Vehicles",0,,
,,"Light Commercial Vehicles",0,,
,"Dual fuel","Passenger Vehicles",0,,
,,"Light Commercial Vehicles",0,,
,"Other","Passenger Vehicles",0,,
,,"Light Commercial Vehicles",0,,
,"Unknown","Passenger Vehicles",0,,
,,"Light Commercial Vehicles",0,,
"7024","Diesel","Passenger Vehicles",68,,
,,"Light Commercial Vehicles",75,,
,"Electric","Passenger Vehicles",0,,
,,"Light Commercial Vehicles",0,,
,"Petrol leaded","Passenger Vehicles",13,,
,,"Light Commercial Vehicles",4,,
,"Petrol unleaded","Passenger Vehicles",267,,
,,"Light Commercial Vehicles",16,,
,"LPG/Other gases","Passenger Vehicles",0,,
,,"Light Commercial Vehicles",0,,
,"Dual fuel","Passenger Vehicles",3,,
,,"Light Commercial Vehicles",0,,
,"Other","Passenger Vehicles",0,,
,,"Light Commercial Vehicles",0,,
,"Unknown","Passenger Vehicles",0,,
,,"Light Commercial Vehicles",0,,
"7025","Diesel","Passenger Vehicles",177,,
,,"Light Commercial Vehicles",314,,
,"Electric","Passenger Vehicles",0,,
,,"Light Commercial Vehicles",0,,
,"Petrol leaded","Passenger Vehicles",65,,
,,"Light Commercial Vehicles",16,,
,"Petrol unleaded","Passenger Vehicles",947,,
,,"Light Commercial Vehicles",136,,
,"LPG/Other gases","Passenger Vehicles",0,,
,,"Light Commercial Vehicles",3,,
,"Dual fuel","Passenger Vehicles",3,,
,,"Light Commercial Vehicles",3,,
,"Other","Passenger Vehicles",3,,
,,"Light Commercial Vehicles",0,,
,"Unknown","Passenger Vehicles",0,,
,,"Light Commercial Vehicles",0,,
"7026","Diesel","Passenger Vehicles",87,,
,,"Light Commercial Vehicles",195,,
,"Electric","Passenger Vehicles",0,,
,,"Light Commercial Vehicles",0,,
,"Petrol leaded","Passenger Vehicles",32,,
,,"Light Commercial Vehicles",9,,
,"Petrol unleaded","Passenger Vehicles",499,,
,,"Light Commercial Vehicles",105,,
,"LPG/Other gases","Passenger Vehicles",0,,
,,"Light Commercial Vehicles",3,,
,"Dual fuel","Passenger Vehicles",0,,
,,"Light Commercial Vehicles",8,,
,"Other","Passenger Vehicles",0,,
,,"Light Commercial Vehicles",0,,
,"Unknown","Passenger Vehicles",0,,
,,"Light Commercial Vehicles",0,,
"7027","Diesel","Passenger Vehicles",22,,
,,"Light Commercial Vehicles",85,,
,"Electric","Passenger Vehicles",0,,
,,"Light Commercial Vehicles",0,,
,"Petrol leaded","Passenger Vehicles",11,,
,,"Light Commercial Vehicles",5,,
,"Petrol unleaded","Passenger Vehicles",161,,
,,"Light Commercial Vehicles",54,,
,"LPG/Other gases","Passenger Vehicles",0,,
,,"Light Commercial Vehicles",0,,
,"Dual fuel","Passenger Vehicles",3,,
,,"Light Commercial Vehicles",3,,
,"Other","Passenger Vehicles",0,,
,,"Light Commercial Vehicles",0,,
,"Unknown","Passenger Vehicles",0,,
,,"Light Commercial Vehicles",0,,
"7030","Diesel","Passenger Vehicles",1000,,
,,"Light Commercial Vehicles",2643,,
,"Electric","Passenger Vehicles",3,,
,,"Light Commercial Vehicles",0,,
,"Petrol leaded","Passenger Vehicles",474,,
,,"Light Commercial Vehicles",213,,
,"Petrol unleaded","Passenger Vehicles",8773,,
,,"Light Commercial Vehicles",1683,,
,"LPG/Other gases","Passenger Vehicles",11,,
,,"Light Commercial Vehicles",14,,
,"Dual fuel","Passenger Vehicles",20,,
,,"Light Commercial Vehicles",31,,
,"Other","Passenger Vehicles",3,,
,,"Light Commercial Vehicles",0,,
,"Unknown","Passenger Vehicles",0,,
,,"Light Commercial Vehicles",0,,
"7050","Diesel","Passenger Vehicles",802,,
,,"Light Commercial Vehicles",962,,
,"Electric","Passenger Vehicles",5,,
,,"Light Commercial Vehicles",0,,
,"Petrol leaded","Passenger Vehicles",168,,
,,"Light Commercial Vehicles",47,,
,"Petrol unleaded","Passenger Vehicles",7041,,
,,"Light Commercial Vehicles",578,,
,"LPG/Other gases","Passenger Vehicles",9,,
,,"Light Commercial Vehicles",5,,
,"Dual fuel","Passenger Vehicles",6,,
,,"Light Commercial Vehicles",4,,
,"Other","Passenger Vehicles",7,,
,,"Light Commercial Vehicles",0,,
,"Unknown","Passenger Vehicles",0,,
,,"Light Commercial Vehicles",0,,
"7052","Diesel","Passenger Vehicles",560,,
,,"Light Commercial Vehicles",558,,
,"Electric","Passenger Vehicles",4,,
,,"Light Commercial Vehicles",0,,
,"Petrol leaded","Passenger Vehicles",130,,
,,"Light Commercial Vehicles",22,,
,"Petrol unleaded","Passenger Vehicles",4154,,
,,"Light Commercial Vehicles",353,,
,"LPG/Other gases","Passenger Vehicles",0,,
,,"Light Commercial Vehicles",0,,
,"Dual fuel","Passenger Vehicles",7,,
,,"Light Commercial Vehicles",3,,
,"Other","Passenger Vehicles",11,,
,,"Light Commercial Vehicles",0,,
,"Unknown","Passenger Vehicles",0,,
,,"Light Commercial Vehicles",0,,
"7053","Diesel","Passenger Vehicles",310,,
,,"Light Commercial Vehicles",186,,
,"Electric","Passenger Vehicles",0,,
,,"Light Commercial Vehicles",0,,
,"Petrol leaded","Passenger Vehicles",56,,
,,"Light Commercial Vehicles",16,,
,"Petrol unleaded","Passenger Vehicles",1991,,
,,"Light Commercial Vehicles",106,,
,"LPG/Other gases","Passenger Vehicles",4,,
,,"Light Commercial Vehicles",0,,
,"Dual fuel","Passenger Vehicles",0,,
,,"Light Commercial Vehicles",3,,
,"Other","Passenger Vehicles",6,,
,,"Light Commercial Vehicles",0,,
,"Unknown","Passenger Vehicles",0,,
,,"Light Commercial Vehicles",0,,
"7054","Diesel","Passenger Vehicles",859,,
,,"Light Commercial Vehicles",1097,,
,"Electric","Passenger Vehicles",0,,
,,"Light Commercial Vehicles",0,,
,"Petrol leaded","Passenger Vehicles",200,,
,,"Light Commercial Vehicles",55,,
,"Petrol unleaded","Passenger Vehicles",4576,,
,,"Light Commercial Vehicles",605,,
,"LPG/Other gases","Passenger Vehicles",3,,
,,"Light Commercial Vehicles",3,,
,"Dual fuel","Passenger Vehicles",18,,
,,"Light Commercial Vehicles",12,,
,"Other","Passenger Vehicles",5,,
,,"Light Commercial Vehicles",0,,
,"Unknown","Passenger Vehicles",0,,
,,"Light Commercial Vehicles",0,,
"7055","Diesel","Passenger Vehicles",41,,
,,"Light Commercial Vehicles",116,,
,"Electric","Passenger Vehicles",0,,
,,"Light Commercial Vehicles",0,,
,"Petrol leaded","Passenger Vehicles",3,,
,,"Light Commercial Vehicles",0,,
,"Petrol unleaded","Passenger Vehicles",242,,
,,"Light Commercial Vehicles",54,,
,"LPG/Other gases","Passenger Vehicles",0,,
,,"Light Commercial Vehicles",0,,
,"Dual fuel","Passenger Vehicles",3,,
,,"Light Commercial Vehicles",0,,
,"Other","Passenger Vehicles",0,,
,,"Light Commercial Vehicles",0,,
,"Unknown","Passenger Vehicles",0,,
,,"Light Commercial Vehicles",0,,
"7109","Diesel","Passenger Vehicles",820,,
,,"Light Commercial Vehicles",1552,,
,"Electric","Passenger Vehicles",5,,
,,"Light Commercial Vehicles",0,,
,"Petrol leaded","Passenger Vehicles",214,,
,,"Light Commercial Vehicles",115,,
,"Petrol unleaded","Passenger Vehicles",4747,,
,,"Light Commercial Vehicles",816,,
,"LPG/Other gases","Passenger Vehicles",11,,
,,"Light Commercial Vehicles",4,,
,"Dual fuel","Passenger Vehicles",9,,
,,"Light Commercial Vehicles",18,,
,"Other","Passenger Vehicles",4,,
,,"Light Commercial Vehicles",0,,
,"Unknown","Passenger Vehicles",0,,
,,"Light Commercial Vehicles",0,,
"7112","Diesel","Passenger Vehicles",239,,
,,"Light Commercial Vehicles",471,,
,"Electric","Passenger Vehicles",0,,
,,"Light Commercial Vehicles",0,,
,"Petrol leaded","Passenger Vehicles",67,,
,,"Light Commercial Vehicles",37,,
,"Petrol unleaded","Passenger Vehicles",1757,,
,,"Light Commercial Vehicles",339,,
,"LPG/Other gases","Passenger Vehicles",0,,
,,"Light Commercial Vehicles",0,,
,"Dual fuel","Passenger Vehicles",8,,
,,"Light Commercial Vehicles",7,,
,"Other","Passenger Vehicles",0,,
,,"Light Commercial Vehicles",0,,
,"Unknown","Passenger Vehicles",0,,
,,"Light Commercial Vehicles",0,,
"7113","Diesel","Passenger Vehicles",100,,
,,"Light Commercial Vehicles",172,,
,"Electric","Passenger Vehicles",0,,
,,"Light Commercial Vehicles",0,,
,"Petrol leaded","Passenger Vehicles",30,,
,,"Light Commercial Vehicles",13,,
,"Petrol unleaded","Passenger Vehicles",599,,
,,"Light Commercial Vehicles",113,,
,"LPG/Other gases","Passenger Vehicles",3,,
,,"Light Commercial Vehicles",0,,
,"Dual fuel","Passenger Vehicles",4,,
,,"Light Commercial Vehicles",3,,
,"Other","Passenger Vehicles",0,,
,,"Light Commercial Vehicles",0,,
,"Unknown","Passenger Vehicles",0,,
,,"Light Commercial Vehicles",0,,
"7116","Diesel","Passenger Vehicles",210,,
,,"Light Commercial Vehicles",380,,
,"Electric","Passenger Vehicles",0,,
,,"Light Commercial Vehicles",0,,
,"Petrol leaded","Passenger Vehicles",35,,
,,"Light Commercial Vehicles",30,,
,"Petrol unleaded","Passenger Vehicles",1125,,
,,"Light Commercial Vehicles",225,,
,"LPG/Other gases","Passenger Vehicles",3,,
,,"Light Commercial Vehicles",3,,
,"Dual fuel","Passenger Vehicles",5,,
,,"Light Commercial Vehicles",3,,
,"Other","Passenger Vehicles",0,,
,,"Light Commercial Vehicles",0,,
,"Unknown","Passenger Vehicles",0,,
,,"Light Commercial Vehicles",0,,
"7117","Diesel","Passenger Vehicles",71,,
,,"Light Commercial Vehicles",142,,
,"Electric","Passenger Vehicles",0,,
,,"Light Commercial Vehicles",0,,
,"Petrol leaded","Passenger Vehicles",14,,
,,"Light Commercial Vehicles",9,,
,"Petrol unleaded","Passenger Vehicles",459,,
,,"Light Commercial Vehicles",89,,
,"LPG/Other gases","Passenger Vehicles",0,,
,,"Light Commercial Vehicles",3,,
,"Dual fuel","Passenger Vehicles",0,,
,,"Light Commercial Vehicles",5,,
,"Other","Passenger Vehicles",0,,
,,"Light Commercial Vehicles",0,,
,"Unknown","Passenger Vehicles",0,,
,,"Light Commercial Vehicles",0,,
"7119","Diesel","Passenger Vehicles",3,,
,,"Light Commercial Vehicles",13,,
,"Electric","Passenger Vehicles",0,,
,,"Light Commercial Vehicles",0,,
,"Petrol leaded","Passenger Vehicles",3,,
,,"Light Commercial Vehicles",0,,
,"Petrol unleaded","Passenger Vehicles",20,,
,,"Light Commercial Vehicles",3,,
,"LPG/Other gases","Passenger Vehicles",0,,
,,"Light Commercial Vehicles",0,,
,"Dual fuel","Passenger Vehicles",0,,
,,"Light Commercial Vehicles",0,,
,"Other","Passenger Vehicles",0,,
,,"Light Commercial Vehicles",0,,
,"Unknown","Passenger Vehicles",0,,
,,"Light Commercial Vehicles",0,,
"7120","Diesel","Passenger Vehicles",133,,
,,"Light Commercial Vehicles",549,,
,"Electric","Passenger Vehicles",0,,
,,"Light Commercial Vehicles",0,,
,"Petrol leaded","Passenger Vehicles",48,,
,,"Light Commercial Vehicles",34,,
,"Petrol unleaded","Passenger Vehicles",992,,
,,"Light Commercial Vehicles",210,,
,"LPG/Other gases","Passenger Vehicles",3,,
,,"Light Commercial Vehicles",0,,
,"Dual fuel","Passenger Vehicles",0,,
,,"Light Commercial Vehicles",4,,
,"Other","Passenger Vehicles",0,,
,,"Light Commercial Vehicles",0,,
,"Unknown","Passenger Vehicles",0,,
,,"Light Commercial Vehicles",0,,
"7139","Diesel","Passenger Vehicles",3,,
,,"Light Commercial Vehicles",0,,
,"Electric","Passenger Vehicles",0,,
,,"Light Commercial Vehicles",0,,
,"Petrol leaded","Passenger Vehicles",0,,
,,"Light Commercial Vehicles",0,,
,"Petrol unleaded","Passenger Vehicles",5,,
,,"Light Commercial Vehicles",3,,
,"LPG/Other gases","Passenger Vehicles",0,,
,,"Light Commercial Vehicles",0,,
,"Dual fuel","Passenger Vehicles",0,,
,,"Light Commercial Vehicles",0,,
,"Other","Passenger Vehicles",0,,
,,"Light Commercial Vehicles",0,,
,"Unknown","Passenger Vehicles",0,,
,,"Light Commercial Vehicles",0,,
"7140","Diesel","Passenger Vehicles",822,,
,,"Light Commercial Vehicles",1999,,
,"Electric","Passenger Vehicles",0,,
,,"Light Commercial Vehicles",0,,
,"Petrol leaded","Passenger Vehicles",231,,
,,"Light Commercial Vehicles",154,,
,"Petrol unleaded","Passenger Vehicles",5554,,
,,"Light Commercial Vehicles",1117,,
,"LPG/Other gases","Passenger Vehicles",9,,
,,"Light Commercial Vehicles",6,,
,"Dual fuel","Passenger Vehicles",27,,
,,"Light Commercial Vehicles",24,,
,"Other","Passenger Vehicles",3,,
,,"Light Commercial Vehicles",0,,
,"Unknown","Passenger Vehicles",0,,
,,"Light Commercial Vehicles",0,,
"7150","Diesel","Passenger Vehicles",349,,
,,"Light Commercial Vehicles",551,,
,"Electric","Passenger Vehicles",0,,
,,"Light Commercial Vehicles",0,,
,"Petrol leaded","Passenger Vehicles",83,,
,,"Light Commercial Vehicles",40,,
,"Petrol unleaded","Passenger Vehicles",1609,,
,,"Light Commercial Vehicles",309,,
,"LPG/Other gases","Passenger Vehicles",3,,
,,"Light Commercial Vehicles",3,,
,"Dual fuel","Passenger Vehicles",3,,
,,"Light Commercial Vehicles",9,,
,"Other","Passenger Vehicles",3,,
,,"Light Commercial Vehicles",0,,
,"Unknown","Passenger Vehicles",0,,
,,"Light Commercial Vehicles",0,,
"7155","Diesel","Passenger Vehicles",138,,
,,"Light Commercial Vehicles",121,,
,"Electric","Passenger Vehicles",0,,
,,"Light Commercial Vehicles",0,,
,"Petrol leaded","Passenger Vehicles",20,,
,,"Light Commercial Vehicles",13,,
,"Petrol unleaded","Passenger Vehicles",463,,
,,"Light Commercial Vehicles",76,,
,"LPG/Other gases","Passenger Vehicles",0,,
,,"Light Commercial Vehicles",3,,
,"Dual fuel","Passenger Vehicles",3,,
,,"Light Commercial Vehicles",5,,
,"Other","Passenger Vehicles",0,,
,,"Light Commercial Vehicles",0,,
,"Unknown","Passenger Vehicles",0,,
,,"Light Commercial Vehicles",0,,
"7162","Diesel","Passenger Vehicles",72,,
,,"Light Commercial Vehicles",88,,
,"Electric","Passenger Vehicles",0,,
,,"Light Commercial Vehicles",0,,
,"Petrol leaded","Passenger Vehicles",20,,
,,"Light Commercial Vehicles",6,,
,"Petrol unleaded","Passenger Vehicles",311,,
,,"Light Commercial Vehicles",63,,
,"LPG/Other gases","Passenger Vehicles",3,,
,,"Light Commercial Vehicles",3,,
,"Dual fuel","Passenger Vehicles",0,,
,,"Light Commercial Vehicles",3,,
,"Other","Passenger Vehicles",0,,
,,"Light Commercial Vehicles",0,,
,"Unknown","Passenger Vehicles",0,,
,,"Light Commercial Vehicles",0,,
"7163","Diesel","Passenger Vehicles",39,,
,,"Light Commercial Vehicles",50,,
,"Electric","Passenger Vehicles",0,,
,,"Light Commercial Vehicles",0,,
,"Petrol leaded","Passenger Vehicles",7,,
,,"Light Commercial Vehicles",4,,
,"Petrol unleaded","Passenger Vehicles",193,,
,,"Light Commercial Vehicles",41,,
,"LPG/Other gases","Passenger Vehicles",0,,
,,"Light Commercial Vehicles",3,,
,"Dual fuel","Passenger Vehicles",0,,
,,"Light Commercial Vehicles",0,,
,"Other","Passenger Vehicles",0,,
,,"Light Commercial Vehicles",0,,
,"Unknown","Passenger Vehicles",0,,
,,"Light Commercial Vehicles",0,,
"7170","Diesel","Passenger Vehicles",733,,
,,"Light Commercial Vehicles",1019,,
,"Electric","Passenger Vehicles",3,,
,,"Light Commercial Vehicles",0,,
,"Petrol leaded","Passenger Vehicles",200,,
,,"Light Commercial Vehicles",61,,
,"Petrol unleaded","Passenger Vehicles",4717,,
,,"Light Commercial Vehicles",537,,
,"LPG/Other gases","Passenger Vehicles",0,,
,,"Light Commercial Vehicles",0,,
,"Dual fuel","Passenger Vehicles",10,,
,,"Light Commercial Vehicles",8,,
,"Other","Passenger Vehicles",3,,
,,"Light Commercial Vehicles",0,,
,"Unknown","Passenger Vehicles",0,,
,,"Light Commercial Vehicles",0,,
"7171","Diesel","Passenger Vehicles",241,,
,,"Light Commercial Vehicles",304,,
,"Electric","Passenger Vehicles",0,,
,,"Light Commercial Vehicles",0,,
,"Petrol leaded","Passenger Vehicles",58,,
,,"Light Commercial Vehicles",16,,
,"Petrol unleaded","Passenger Vehicles",1947,,
,,"Light Commercial Vehicles",235,,
,"LPG/Other gases","Passenger Vehicles",3,,
,,"Light Commercial Vehicles",0,,
,"Dual fuel","Passenger Vehicles",9,,
,,"Light Commercial Vehicles",6,,
,"Other","Passenger Vehicles",3,,
,,"Light Commercial Vehicles",0,,
,"Unknown","Passenger Vehicles",0,,
,,"Light Commercial Vehicles",0,,
"7172","Diesel","Passenger Vehicles",250,,
,,"Light Commercial Vehicles",579,,
,"Electric","Passenger Vehicles",0,,
,,"Light Commercial Vehicles",0,,
,"Petrol leaded","Passenger Vehicles",86,,
,,"Light Commercial Vehicles",39,,
,"Petrol unleaded","Passenger Vehicles",2061,,
,,"Light Commercial Vehicles",313,,
,"LPG/Other gases","Passenger Vehicles",0,,
,,"Light Commercial Vehicles",4,,
,"Dual fuel","Passenger Vehicles",9,,
,,"Light Commercial Vehicles",3,,
,"Other","Passenger Vehicles",0,,
,,"Light Commercial Vehicles",0,,
,"Unknown","Passenger Vehicles",0,,
,,"Light Commercial Vehicles",0,,
"7173","Diesel","Passenger Vehicles",521,,
,,"Light Commercial Vehicles",991,,
,"Electric","Passenger Vehicles",4,,
,,"Light Commercial Vehicles",0,,
,"Petrol leaded","Passenger Vehicles",179,,
,,"Light Commercial Vehicles",62,,
,"Petrol unleaded","Passenger Vehicles",3753,,
,,"Light Commercial Vehicles",681,,
,"LPG/Other gases","Passenger Vehicles",5,,
,,"Light Commercial Vehicles",10,,
,"Dual fuel","Passenger Vehicles",11,,
,,"Light Commercial Vehicles",21,,
,"Other","Passenger Vehicles",0,,
,,"Light Commercial Vehicles",0,,
,"Unknown","Passenger Vehicles",0,,
,,"Light Commercial Vehicles",0,,
"7174","Diesel","Passenger Vehicles",10,,
,,"Light Commercial Vehicles",40,,
,"Electric","Passenger Vehicles",0,,
,,"Light Commercial Vehicles",0,,
,"Petrol leaded","Passenger Vehicles",10,,
,,"Light Commercial Vehicles",0,,
,"Petrol unleaded","Passenger Vehicles",92,,
,,"Light Commercial Vehicles",29,,
,"LPG/Other gases","Passenger Vehicles",0,,
,,"Light Commercial Vehicles",0,,
,"Dual fuel","Passenger Vehicles",0,,
,,"Light Commercial Vehicles",0,,
,"Other","Passenger Vehicles",0,,
,,"Light Commercial Vehicles",0,,
,"Unknown","Passenger Vehicles",0,,
,,"Light Commercial Vehicles",0,,
"7175","Diesel","Passenger Vehicles",25,,
,,"Light Commercial Vehicles",40,,
,"Electric","Passenger Vehicles",0,,
,,"Light Commercial Vehicles",0,,
,"Petrol leaded","Passenger Vehicles",0,,
,,"Light Commercial Vehicles",3,,
,"Petrol unleaded","Passenger Vehicles",111,,
,,"Light Commercial Vehicles",14,,
,"LPG/Other gases","Passenger Vehicles",0,,
,,"Light Commercial Vehicles",0,,
,"Dual fuel","Passenger Vehicles",0,,
,,"Light Commercial Vehicles",0,,
,"Other","Passenger Vehicles",0,,
,,"Light Commercial Vehicles",0,,
,"Unknown","Passenger Vehicles",0,,
,,"Light Commercial Vehicles",0,,
"7176","Diesel","Passenger Vehicles",22,,
,,"Light Commercial Vehicles",28,,
,"Electric","Passenger Vehicles",0,,
,,"Light Commercial Vehicles",0,,
,"Petrol leaded","Passenger Vehicles",3,,
,,"Light Commercial Vehicles",3,,
,"Petrol unleaded","Passenger Vehicles",89,,
,,"Light Commercial Vehicles",20,,
,"LPG/Other gases","Passenger Vehicles",0,,
,,"Light Commercial Vehicles",0,,
,"Dual fuel","Passenger Vehicles",0,,
,,"Light Commercial Vehicles",0,,
,"Other","Passenger Vehicles",0,,
,,"Light Commercial Vehicles",0,,
,"Unknown","Passenger Vehicles",0,,
,,"Light Commercial Vehicles",0,,
"7177","Diesel","Passenger Vehicles",40,,
,,"Light Commercial Vehicles",99,,
,"Electric","Passenger Vehicles",0,,
,,"Light Commercial Vehicles",0,,
,"Petrol leaded","Passenger Vehicles",16,,
,,"Light Commercial Vehicles",3,,
,"Petrol unleaded","Passenger Vehicles",233,,
,,"Light Commercial Vehicles",63,,
,"LPG/Other gases","Passenger Vehicles",0,,
,,"Light Commercial Vehicles",0,,
,"Dual fuel","Passenger Vehicles",0,,
,,"Light Commercial Vehicles",4,,
,"Other","Passenger Vehicles",0,,
,,"Light Commercial Vehicles",0,,
,"Unknown","Passenger Vehicles",0,,
,,"Light Commercial Vehicles",0,,
"7178","Diesel","Passenger Vehicles",29,,
,,"Light Commercial Vehicles",54,,
,"Electric","Passenger Vehicles",0,,
,,"Light Commercial Vehicles",0,,
,"Petrol leaded","Passenger Vehicles",12,,
,,"Light Commercial Vehicles",5,,
,"Petrol unleaded","Passenger Vehicles",185,,
,,"Light Commercial Vehicles",32,,
,"LPG/Other gases","Passenger Vehicles",0,,
,,"Light Commercial Vehicles",0,,
,"Dual fuel","Passenger Vehicles",0,,
,,"Light Commercial Vehicles",0,,
,"Other","Passenger Vehicles",0,,
,,"Light Commercial Vehicles",0,,
,"Unknown","Passenger Vehicles",0,,
,,"Light Commercial Vehicles",0,,
"7179","Diesel","Passenger Vehicles",47,,
,,"Light Commercial Vehicles",76,,
,"Electric","Passenger Vehicles",0,,
,,"Light Commercial Vehicles",0,,
,"Petrol leaded","Passenger Vehicles",7,,
,,"Light Commercial Vehicles",0,,
,"Petrol unleaded","Passenger Vehicles",242,,
,,"Light Commercial Vehicles",49,,
,"LPG/Other gases","Passenger Vehicles",0,,
,,"Light Commercial Vehicles",0,,
,"Dual fuel","Passenger Vehicles",0,,
,,"Light Commercial Vehicles",0,,
,"Other","Passenger Vehicles",0,,
,,"Light Commercial Vehicles",0,,
,"Unknown","Passenger Vehicles",0,,
,,"Light Commercial Vehicles",0,,
"7180","Diesel","Passenger Vehicles",24,,
,,"Light Commercial Vehicles",36,,
,"Electric","Passenger Vehicles",0,,
,,"Light Commercial Vehicles",0,,
,"Petrol leaded","Passenger Vehicles",3,,
,,"Light Commercial Vehicles",5,,
,"Petrol unleaded","Passenger Vehicles",86,,
,,"Light Commercial Vehicles",19,,
,"LPG/Other gases","Passenger Vehicles",0,,
,,"Light Commercial Vehicles",0,,
,"Dual fuel","Passenger Vehicles",3,,
,,"Light Commercial Vehicles",0,,
,"Other","Passenger Vehicles",0,,
,,"Light Commercial Vehicles",0,,
,"Unknown","Passenger Vehicles",0,,
,,"Light Commercial Vehicles",0,,
"7182","Diesel","Passenger Vehicles",18,,
,,"Light Commercial Vehicles",41,,
,"Electric","Passenger Vehicles",0,,
,,"Light Commercial Vehicles",0,,
,"Petrol leaded","Passenger Vehicles",8,,
,,"Light Commercial Vehicles",3,,
,"Petrol unleaded","Passenger Vehicles",141,,
,,"Light Commercial Vehicles",33,,
,"LPG/Other gases","Passenger Vehicles",0,,
,,"Light Commercial Vehicles",0,,
,"Dual fuel","Passenger Vehicles",0,,
,,"Light Commercial Vehicles",0,,
,"Other","Passenger Vehicles",0,,
,,"Light Commercial Vehicles",0,,
,"Unknown","Passenger Vehicles",0,,
,,"Light Commercial Vehicles",0,,
"7183","Diesel","Passenger Vehicles",3,,
,,"Light Commercial Vehicles",7,,
,"Electric","Passenger Vehicles",0,,
,,"Light Commercial Vehicles",0,,
,"Petrol leaded","Passenger Vehicles",0,,
,,"Light Commercial Vehicles",3,,
,"Petrol unleaded","Passenger Vehicles",37,,
,,"Light Commercial Vehicles",9,,
,"LPG/Other gases","Passenger Vehicles",0,,
,,"Light Commercial Vehicles",0,,
,"Dual fuel","Passenger Vehicles",0,,
,,"Light Commercial Vehicles",0,,
,"Other","Passenger Vehicles",0,,
,,"Light Commercial Vehicles",0,,
,"Unknown","Passenger Vehicles",0,,
,,"Light Commercial Vehicles",0,,
"7184","Diesel","Passenger Vehicles",57,,
,,"Light Commercial Vehicles",130,,
,"Electric","Passenger Vehicles",0,,
,,"Light Commercial Vehicles",0,,
,"Petrol leaded","Passenger Vehicles",17,,
,,"Light Commercial Vehicles",9,,
,"Petrol unleaded","Passenger Vehicles",474,,
,,"Light Commercial Vehicles",104,,
,"LPG/Other gases","Passenger Vehicles",0,,
,,"Light Commercial Vehicles",0,,
,"Dual fuel","Passenger Vehicles",0,,
,,"Light Commercial Vehicles",3,,
,"Other","Passenger Vehicles",0,,
,,"Light Commercial Vehicles",0,,
,"Unknown","Passenger Vehicles",0,,
,,"Light Commercial Vehicles",0,,
"7185","Diesel","Passenger Vehicles",11,,
,,"Light Commercial Vehicles",21,,
,"Electric","Passenger Vehicles",0,,
,,"Light Commercial Vehicles",0,,
,"Petrol leaded","Passenger Vehicles",3,,
,,"Light Commercial Vehicles",3,,
,"Petrol unleaded","Passenger Vehicles",46,,
,,"Light Commercial Vehicles",14,,
,"LPG/Other gases","Passenger Vehicles",0,,
,,"Light Commercial Vehicles",0,,
,"Dual fuel","Passenger Vehicles",0,,
,,"Light Commercial Vehicles",0,,
,"Other","Passenger Vehicles",0,,
,,"Light Commercial Vehicles",0,,
,"Unknown","Passenger Vehicles",0,,
,,"Light Commercial Vehicles",0,,
"7186","Diesel","Passenger Vehicles",22,,
,,"Light Commercial Vehicles",48,,
,"Electric","Passenger Vehicles",0,,
,,"Light Commercial Vehicles",0,,
,"Petrol leaded","Passenger Vehicles",14,,
,,"Light Commercial Vehicles",3,,
,"Petrol unleaded","Passenger Vehicles",102,,
,,"Light Commercial Vehicles",19,,
,"LPG/Other gases","Passenger Vehicles",0,,
,,"Light Commercial Vehicles",0,,
,"Dual fuel","Passenger Vehicles",3,,
,,"Light Commercial Vehicles",0,,
,"Other","Passenger Vehicles",0,,
,,"Light Commercial Vehicles",0,,
,"Unknown","Passenger Vehicles",0,,
,,"Light Commercial Vehicles",0,,
"7187","Diesel","Passenger Vehicles",25,,
,,"Light Commercial Vehicles",37,,
,"Electric","Passenger Vehicles",0,,
,,"Light Commercial Vehicles",0,,
,"Petrol leaded","Passenger Vehicles",0,,
,,"Light Commercial Vehicles",3,,
,"Petrol unleaded","Passenger Vehicles",62,,
,,"Light Commercial Vehicles",15,,
,"LPG/Other gases","Passenger Vehicles",0,,
,,"Light Commercial Vehicles",0,,
,"Dual fuel","Passenger Vehicles",0,,
,,"Light Commercial Vehicles",0,,
,"Other","Passenger Vehicles",0,,
,,"Light Commercial Vehicles",0,,
,"Unknown","Passenger Vehicles",0,,
,,"Light Commercial Vehicles",0,,
"7190","Diesel","Passenger Vehicles",354,,
,,"Light Commercial Vehicles",710,,
,"Electric","Passenger Vehicles",3,,
,,"Light Commercial Vehicles",0,,
,"Petrol leaded","Passenger Vehicles",71,,
,,"Light Commercial Vehicles",40,,
,"Petrol unleaded","Passenger Vehicles",1689,,
,,"Light Commercial Vehicles",363,,
,"LPG/Other gases","Passenger Vehicles",0,,
,,"Light Commercial Vehicles",0,,
,"Dual fuel","Passenger Vehicles",6,,
,,"Light Commercial Vehicles",3,,
,"Other","Passenger Vehicles",0,,
,,"Light Commercial Vehicles",0,,
,"Unknown","Passenger Vehicles",0,,
,,"Light Commercial Vehicles",0,,
"7209","Diesel","Passenger Vehicles",44,,
,,"Light Commercial Vehicles",142,,
,"Electric","Passenger Vehicles",0,,
,,"Light Commercial Vehicles",0,,
,"Petrol leaded","Passenger Vehicles",8,,
,,"Light Commercial Vehicles",5,,
,"Petrol unleaded","Passenger Vehicles",195,,
,,"Light Commercial Vehicles",41,,
,"LPG/Other gases","Passenger Vehicles",0,,
,,"Light Commercial Vehicles",0,,
,"Dual fuel","Passenger Vehicles",0,,
,,"Light Commercial Vehicles",3,,
,"Other","Passenger Vehicles",0,,
,,"Light Commercial Vehicles",0,,
,"Unknown","Passenger Vehicles",0,,
,,"Light Commercial Vehicles",0,,
"7210","Diesel","Passenger Vehicles",87,,
,,"Light Commercial Vehicles",235,,
,"Electric","Passenger Vehicles",0,,
,,"Light Commercial Vehicles",0,,
,"Petrol leaded","Passenger Vehicles",12,,
,,"Light Commercial Vehicles",7,,
,"Petrol unleaded","Passenger Vehicles",476,,
,,"Light Commercial Vehicles",122,,
,"LPG/Other gases","Passenger Vehicles",0,,
,,"Light Commercial Vehicles",0,,
,"Dual fuel","Passenger Vehicles",3,,
,,"Light Commercial Vehicles",3,,
,"Other","Passenger Vehicles",0,,
,,"Light Commercial Vehicles",0,,
,"Unknown","Passenger Vehicles",0,,
,,"Light Commercial Vehicles",0,,
"7211","Diesel","Passenger Vehicles",28,,
,,"Light Commercial Vehicles",62,,
,"Electric","Passenger Vehicles",0,,
,,"Light Commercial Vehicles",0,,
,"Petrol leaded","Passenger Vehicles",3,,
,,"Light Commercial Vehicles",3,,
,"Petrol unleaded","Passenger Vehicles",113,,
,,"Light Commercial Vehicles",25,,
,"LPG/Other gases","Passenger Vehicles",0,,
,,"Light Commercial Vehicles",0,,
,"Dual fuel","Passenger Vehicles",0,,
,,"Light Commercial Vehicles",0,,
,"Other","Passenger Vehicles",0,,
,,"Light Commercial Vehicles",0,,
,"Unknown","Passenger Vehicles",0,,
,,"Light Commercial Vehicles",0,,
"7212","Diesel","Passenger Vehicles",330,,
,,"Light Commercial Vehicles",535,,
,"Electric","Passenger Vehicles",0,,
,,"Light Commercial Vehicles",0,,
,"Petrol leaded","Passenger Vehicles",43,,
,,"Light Commercial Vehicles",17,,
,"Petrol unleaded","Passenger Vehicles",2654,,
,,"Light Commercial Vehicles",206,,
,"LPG/Other gases","Passenger Vehicles",3,,
,,"Light Commercial Vehicles",3,,
,"Dual fuel","Passenger Vehicles",0,,
,,"Light Commercial Vehicles",4,,
,"Other","Passenger Vehicles",0,,
,,"Light Commercial Vehicles",0,,
,"Unknown","Passenger Vehicles",0,,
,,"Light Commercial Vehicles",0,,
"7213","Diesel","Passenger Vehicles",27,,
,,"Light Commercial Vehicles",86,,
,"Electric","Passenger Vehicles",0,,
,,"Light Commercial Vehicles",0,,
,"Petrol leaded","Passenger Vehicles",4,,
,,"Light Commercial Vehicles",5,,
,"Petrol unleaded","Passenger Vehicles",129,,
,,"Light Commercial Vehicles",30,,
,"LPG/Other gases","Passenger Vehicles",0,,
,,"Light Commercial Vehicles",0,,
,"Dual fuel","Passenger Vehicles",0,,
,,"Light Commercial Vehicles",0,,
,"Other","Passenger Vehicles",0,,
,,"Light Commercial Vehicles",0,,
,"Unknown","Passenger Vehicles",0,,
,,"Light Commercial Vehicles",0,,
"7214","Diesel","Passenger Vehicles",56,,
,,"Light Commercial Vehicles",139,,
,"Electric","Passenger Vehicles",3,,
,,"Light Commercial Vehicles",0,,
,"Petrol leaded","Passenger Vehicles",12,,
,,"Light Commercial Vehicles",14,,
,"Petrol unleaded","Passenger Vehicles",339,,
,,"Light Commercial Vehicles",91,,
,"LPG/Other gases","Passenger Vehicles",0,,
,,"Light Commercial Vehicles",0,,
,"Dual fuel","Passenger Vehicles",4,,
,,"Light Commercial Vehicles",3,,
,"Other","Passenger Vehicles",0,,
,,"Light Commercial Vehicles",0,,
,"Unknown","Passenger Vehicles",0,,
,,"Light Commercial Vehicles",0,,
"7215","Diesel","Passenger Vehicles",385,,
,,"Light Commercial Vehicles",632,,
,"Electric","Passenger Vehicles",0,,
,,"Light Commercial Vehicles",0,,
,"Petrol leaded","Passenger Vehicles",75,,
,,"Light Commercial Vehicles",25,,
,"Petrol unleaded","Passenger Vehicles",1888,,
,,"Light Commercial Vehicles",390,,
,"LPG/Other gases","Passenger Vehicles",0,,
,,"Light Commercial Vehicles",6,,
,"Dual fuel","Passenger Vehicles",9,,
,,"Light Commercial Vehicles",11,,
,"Other","Passenger Vehicles",0,,
,,"Light Commercial Vehicles",0,,
,"Unknown","Passenger Vehicles",0,,
,,"Light Commercial Vehicles",0,,
"7216","Diesel","Passenger Vehicles",314,,
,,"Light Commercial Vehicles",597,,
,"Electric","Passenger Vehicles",3,,
,,"Light Commercial Vehicles",0,,
,"Petrol leaded","Passenger Vehicles",87,,
,,"Light Commercial Vehicles",37,,
,"Petrol unleaded","Passenger Vehicles",1792,,
,,"Light Commercial Vehicles",296,,
,"LPG/Other gases","Passenger Vehicles",3,,
,,"Light Commercial Vehicles",9,,
,"Dual fuel","Passenger Vehicles",10,,
,,"Light Commercial Vehicles",13,,
,"Other","Passenger Vehicles",0,,
,,"Light Commercial Vehicles",0,,
,"Unknown","Passenger Vehicles",0,,
,,"Light Commercial Vehicles",0,,
"7248","Diesel","Passenger Vehicles",694,,
,,"Light Commercial Vehicles",1606,,
,"Electric","Passenger Vehicles",3,,
,,"Light Commercial Vehicles",0,,
,"Petrol leaded","Passenger Vehicles",235,,
,,"Light Commercial Vehicles",64,,
,"Petrol unleaded","Passenger Vehicles",7993,,
,,"Light Commercial Vehicles",992,,
,"LPG/Other gases","Passenger Vehicles",9,,
,,"Light Commercial Vehicles",11,,
,"Dual fuel","Passenger Vehicles",19,,
,,"Light Commercial Vehicles",18,,
,"Other","Passenger Vehicles",0,,
,,"Light Commercial Vehicles",0,,
,"Unknown","Passenger Vehicles",0,,
,,"Light Commercial Vehicles",0,,
"7249","Diesel","Passenger Vehicles",736,,
,,"Light Commercial Vehicles",1578,,
,"Electric","Passenger Vehicles",3,,
,,"Light Commercial Vehicles",0,,
,"Petrol leaded","Passenger Vehicles",221,,
,,"Light Commercial Vehicles",65,,
,"Petrol unleaded","Passenger Vehicles",6878,,
,,"Light Commercial Vehicles",752,,
,"LPG/Other gases","Passenger Vehicles",0,,
,,"Light Commercial Vehicles",3,,
,"Dual fuel","Passenger Vehicles",11,,
,,"Light Commercial Vehicles",19,,
,"Other","Passenger Vehicles",5,,
,,"Light Commercial Vehicles",0,,
,"Unknown","Passenger Vehicles",0,,
,,"Light Commercial Vehicles",0,,
"7250","Diesel","Passenger Vehicles",3615,,
,,"Light Commercial Vehicles",5244,,
,"Electric","Passenger Vehicles",11,,
,,"Light Commercial Vehicles",0,,
,"Petrol leaded","Passenger Vehicles",884,,
,,"Light Commercial Vehicles",236,,
,"Petrol unleaded","Passenger Vehicles",28145,,
,,"Light Commercial Vehicles",2659,,
,"LPG/Other gases","Passenger Vehicles",18,,
,,"Light Commercial Vehicles",17,,
,"Dual fuel","Passenger Vehicles",45,,
,,"Light Commercial Vehicles",64,,
,"Other","Passenger Vehicles",31,,
,,"Light Commercial Vehicles",0,,
,"Unknown","Passenger Vehicles",0,,
,,"Light Commercial Vehicles",0,,
"7252","Diesel","Passenger Vehicles",323,,
,,"Light Commercial Vehicles",558,,
,"Electric","Passenger Vehicles",0,,
,,"Light Commercial Vehicles",0,,
,"Petrol leaded","Passenger Vehicles",99,,
,,"Light Commercial Vehicles",31,,
,"Petrol unleaded","Passenger Vehicles",1470,,
,,"Light Commercial Vehicles",245,,
,"LPG/Other gases","Passenger Vehicles",3,,
,,"Light Commercial Vehicles",3,,
,"Dual fuel","Passenger Vehicles",7,,
,,"Light Commercial Vehicles",3,,
,"Other","Passenger Vehicles",3,,
,,"Light Commercial Vehicles",0,,
,"Unknown","Passenger Vehicles",0,,
,,"Light Commercial Vehicles",0,,
"7253","Diesel","Passenger Vehicles",316,,
,,"Light Commercial Vehicles",557,,
,"Electric","Passenger Vehicles",0,,
,,"Light Commercial Vehicles",0,,
,"Petrol leaded","Passenger Vehicles",107,,
,,"Light Commercial Vehicles",26,,
,"Petrol unleaded","Passenger Vehicles",2622,,
,,"Light Commercial Vehicles",383,,
,"LPG/Other gases","Passenger Vehicles",3,,
,,"Light Commercial Vehicles",3,,
,"Dual fuel","Passenger Vehicles",5,,
,,"Light Commercial Vehicles",13,,
,"Other","Passenger Vehicles",4,,
,,"Light Commercial Vehicles",0,,
,"Unknown","Passenger Vehicles",0,,
,,"Light Commercial Vehicles",0,,
"7254","Diesel","Passenger Vehicles",53,,
,,"Light Commercial Vehicles",173,,
,"Electric","Passenger Vehicles",0,,
,,"Light Commercial Vehicles",0,,
,"Petrol leaded","Passenger Vehicles",22,,
,,"Light Commercial Vehicles",11,,
,"Petrol unleaded","Passenger Vehicles",253,,
,,"Light Commercial Vehicles",65,,
,"LPG/Other gases","Passenger Vehicles",0,,
,,"Light Commercial Vehicles",0,,
,"Dual fuel","Passenger Vehicles",0,,
,,"Light Commercial Vehicles",0,,
,"Other","Passenger Vehicles",0,,
,,"Light Commercial Vehicles",0,,
,"Unknown","Passenger Vehicles",0,,
,,"Light Commercial Vehicles",0,,
"7255","Diesel","Passenger Vehicles",111,,
,,"Light Commercial Vehicles",302,,
,"Electric","Passenger Vehicles",3,,
,,"Light Commercial Vehicles",0,,
,"Petrol leaded","Passenger Vehicles",17,,
,,"Light Commercial Vehicles",13,,
,"Petrol unleaded","Passenger Vehicles",491,,
,,"Light Commercial Vehicles",113,,
,"LPG/Other gases","Passenger Vehicles",0,,
,,"Light Commercial Vehicles",0,,
,"Dual fuel","Passenger Vehicles",4,,
,,"Light Commercial Vehicles",0,,
,"Other","Passenger Vehicles",0,,
,,"Light Commercial Vehicles",0,,
,"Unknown","Passenger Vehicles",0,,
,,"Light Commercial Vehicles",0,,
"7256","Diesel","Passenger Vehicles",173,,
,,"Light Commercial Vehicles",529,,
,"Electric","Passenger Vehicles",0,,
,,"Light Commercial Vehicles",0,,
,"Petrol leaded","Passenger Vehicles",23,,
,,"Light Commercial Vehicles",7,,
,"Petrol unleaded","Passenger Vehicles",671,,
,,"Light Commercial Vehicles",137,,
,"LPG/Other gases","Passenger Vehicles",3,,
,,"Light Commercial Vehicles",0,,
,"Dual fuel","Passenger Vehicles",0,,
,,"Light Commercial Vehicles",0,,
,"Other","Passenger Vehicles",0,,
,,"Light Commercial Vehicles",0,,
,"Unknown","Passenger Vehicles",0,,
,,"Light Commercial Vehicles",0,,
"7257","Diesel","Passenger Vehicles",0,,
,,"Light Commercial Vehicles",4,,
,"Electric","Passenger Vehicles",0,,
,,"Light Commercial Vehicles",0,,
,"Petrol leaded","Passenger Vehicles",0,,
,,"Light Commercial Vehicles",0,,
,"Petrol unleaded","Passenger Vehicles",15,,
,,"Light Commercial Vehicles",3,,
,"LPG/Other gases","Passenger Vehicles",0,,
,,"Light Commercial Vehicles",0,,
,"Dual fuel","Passenger Vehicles",0,,
,,"Light Commercial Vehicles",0,,
,"Other","Passenger Vehicles",0,,
,,"Light Commercial Vehicles",0,,
,"Unknown","Passenger Vehicles",0,,
,,"Light Commercial Vehicles",0,,
"7258","Diesel","Passenger Vehicles",141,,
,,"Light Commercial Vehicles",270,,
,"Electric","Passenger Vehicles",0,,
,,"Light Commercial Vehicles",0,,
,"Petrol leaded","Passenger Vehicles",26,,
,,"Light Commercial Vehicles",16,,
,"Petrol unleaded","Passenger Vehicles",473,,
,,"Light Commercial Vehicles",77,,
,"LPG/Other gases","Passenger Vehicles",0,,
,,"Light Commercial Vehicles",0,,
,"Dual fuel","Passenger Vehicles",3,,
,,"Light Commercial Vehicles",3,,
,"Other","Passenger Vehicles",0,,
,,"Light Commercial Vehicles",3,,
,"Unknown","Passenger Vehicles",0,,
,,"Light Commercial Vehicles",0,,
"7259","Diesel","Passenger Vehicles",58,,
,,"Light Commercial Vehicles",121,,
,"Electric","Passenger Vehicles",0,,
,,"Light Commercial Vehicles",0,,
,"Petrol leaded","Passenger Vehicles",15,,
,,"Light Commercial Vehicles",9,,
,"Petrol unleaded","Passenger Vehicles",224,,
,,"Light Commercial Vehicles",45,,
,"LPG/Other gases","Passenger Vehicles",0,,
,,"Light Commercial Vehicles",0,,
,"Dual fuel","Passenger Vehicles",0,,
,,"Light Commercial Vehicles",3,,
,"Other","Passenger Vehicles",0,,
,,"Light Commercial Vehicles",0,,
,"Unknown","Passenger Vehicles",0,,
,,"Light Commercial Vehicles",0,,
"7260","Diesel","Passenger Vehicles",309,,
,,"Light Commercial Vehicles",880,,
,"Electric","Passenger Vehicles",0,,
,,"Light Commercial Vehicles",0,,
,"Petrol leaded","Passenger Vehicles",78,,
,,"Light Commercial Vehicles",32,,
,"Petrol unleaded","Passenger Vehicles",1529,,
,,"Light Commercial Vehicles",262,,
,"LPG/Other gases","Passenger Vehicles",0,,
,,"Light Commercial Vehicles",0,,
,"Dual fuel","Passenger Vehicles",4,,
,,"Light Commercial Vehicles",6,,
,"Other","Passenger Vehicles",3,,
,,"Light Commercial Vehicles",0,,
,"Unknown","Passenger Vehicles",0,,
,,"Light Commercial Vehicles",0,,
"7261","Diesel","Passenger Vehicles",17,,
,,"Light Commercial Vehicles",49,,
,"Electric","Passenger Vehicles",0,,
,,"Light Commercial Vehicles",0,,
,"Petrol leaded","Passenger Vehicles",3,,
,,"Light Commercial Vehicles",3,,
,"Petrol unleaded","Passenger Vehicles",136,,
,,"Light Commercial Vehicles",23,,
,"LPG/Other gases","Passenger Vehicles",0,,
,,"Light Commercial Vehicles",0,,
,"Dual fuel","Passenger Vehicles",0,,
,,"Light Commercial Vehicles",0,,
,"Other","Passenger Vehicles",0,,
,,"Light Commercial Vehicles",0,,
,"Unknown","Passenger Vehicles",0,,
,,"Light Commercial Vehicles",0,,
"7262","Diesel","Passenger Vehicles",193,,
,,"Light Commercial Vehicles",422,,
,"Electric","Passenger Vehicles",0,,
,,"Light Commercial Vehicles",0,,
,"Petrol leaded","Passenger Vehicles",29,,
,,"Light Commercial Vehicles",13,,
,"Petrol unleaded","Passenger Vehicles",889,,
,,"Light Commercial Vehicles",173,,
,"LPG/Other gases","Passenger Vehicles",3,,
,,"Light Commercial Vehicles",3,,
,"Dual fuel","Passenger Vehicles",0,,
,,"Light Commercial Vehicles",3,,
,"Other","Passenger Vehicles",0,,
,,"Light Commercial Vehicles",0,,
,"Unknown","Passenger Vehicles",0,,
,,"Light Commercial Vehicles",0,,
"7263","Diesel","Passenger Vehicles",55,,
,,"Light Commercial Vehicles",166,,
,"Electric","Passenger Vehicles",0,,
,,"Light Commercial Vehicles",0,,
,"Petrol leaded","Passenger Vehicles",23,,
,,"Light Commercial Vehicles",10,,
,"Petrol unleaded","Passenger Vehicles",293,,
,,"Light Commercial Vehicles",55,,
,"LPG/Other gases","Passenger Vehicles",0,,
,,"Light Commercial Vehicles",0,,
,"Dual fuel","Passenger Vehicles",3,,
,,"Light Commercial Vehicles",0,,
,"Other","Passenger Vehicles",0,,
,,"Light Commercial Vehicles",0,,
,"Unknown","Passenger Vehicles",0,,
,,"Light Commercial Vehicles",0,,
"7264","Diesel","Passenger Vehicles",62,,
,,"Light Commercial Vehicles",193,,
,"Electric","Passenger Vehicles",0,,
,,"Light Commercial Vehicles",0,,
,"Petrol leaded","Passenger Vehicles",14,,
,,"Light Commercial Vehicles",14,,
,"Petrol unleaded","Passenger Vehicles",281,,
,,"Light Commercial Vehicles",96,,
,"LPG/Other gases","Passenger Vehicles",0,,
,,"Light Commercial Vehicles",0,,
,"Dual fuel","Passenger Vehicles",3,,
,,"Light Commercial Vehicles",0,,
,"Other","Passenger Vehicles",0,,
,,"Light Commercial Vehicles",0,,
,"Unknown","Passenger Vehicles",0,,
,,"Light Commercial Vehicles",0,,
"7265","Diesel","Passenger Vehicles",22,,
,,"Light Commercial Vehicles",73,,
,"Electric","Passenger Vehicles",0,,
,,"Light Commercial Vehicles",0,,
,"Petrol leaded","Passenger Vehicles",3,,
,,"Light Commercial Vehicles",5,,
,"Petrol unleaded","Passenger Vehicles",134,,
,,"Light Commercial Vehicles",22,,
,"LPG/Other gases","Passenger Vehicles",0,,
,,"Light Commercial Vehicles",0,,
,"Dual fuel","Passenger Vehicles",0,,
,,"Light Commercial Vehicles",0,,
,"Other","Passenger Vehicles",0,,
,,"Light Commercial Vehicles",0,,
,"Unknown","Passenger Vehicles",0,,
,,"Light Commercial Vehicles",0,,
"7267","Diesel","Passenger Vehicles",94,,
,,"Light Commercial Vehicles",196,,
,"Electric","Passenger Vehicles",0,,
,,"Light Commercial Vehicles",0,,
,"Petrol leaded","Passenger Vehicles",19,,
,,"Light Commercial Vehicles",10,,
,"Petrol unleaded","Passenger Vehicles",382,,
,,"Light Commercial Vehicles",86,,
,"LPG/Other gases","Passenger Vehicles",0,,
,,"Light Commercial Vehicles",3,,
,"Dual fuel","Passenger Vehicles",0,,
,,"Light Commercial Vehicles",3,,
,"Other","Passenger Vehicles",0,,
,,"Light Commercial Vehicles",0,,
,"Unknown","Passenger Vehicles",0,,
,,"Light Commercial Vehicles",0,,
"7268","Diesel","Passenger Vehicles",103,,
,,"Light Commercial Vehicles",268,,
,"Electric","Passenger Vehicles",0,,
,,"Light Commercial Vehicles",0,,
,"Petrol leaded","Passenger Vehicles",27,,
,,"Light Commercial Vehicles",9,,
,"Petrol unleaded","Passenger Vehicles",529,,
,,"Light Commercial Vehicles",105,,
,"LPG/Other gases","Passenger Vehicles",0,,
,,"Light Commercial Vehicles",0,,
,"Dual fuel","Passenger Vehicles",3,,
,,"Light Commercial Vehicles",0,,
,"Other","Passenger Vehicles",0,,
,,"Light Commercial Vehicles",0,,
,"Unknown","Passenger Vehicles",0,,
,,"Light Commercial Vehicles",0,,
"7270","Diesel","Passenger Vehicles",349,,
,,"Light Commercial Vehicles",738,,
,"Electric","Passenger Vehicles",0,,
,,"Light Commercial Vehicles",0,,
,"Petrol leaded","Passenger Vehicles",122,,
,,"Light Commercial Vehicles",35,,
,"Petrol unleaded","Passenger Vehicles",2388,,
,,"Light Commercial Vehicles",420,,
,"LPG/Other gases","Passenger Vehicles",0,,
,,"Light Commercial Vehicles",3,,
,"Dual fuel","Passenger Vehicles",9,,
,,"Light Commercial Vehicles",19,,
,"Other","Passenger Vehicles",0,,
,,"Light Commercial Vehicles",0,,
,"Unknown","Passenger Vehicles",0,,
,,"Light Commercial Vehicles",0,,
"7275","Diesel","Passenger Vehicles",334,,
,,"Light Commercial Vehicles",590,,
,"Electric","Passenger Vehicles",0,,
,,"Light Commercial Vehicles",0,,
,"Petrol leaded","Passenger Vehicles",112,,
,,"Light Commercial Vehicles",37,,
,"Petrol unleaded","Passenger Vehicles",1754,,
,,"Light Commercial Vehicles",311,,
,"LPG/Other gases","Passenger Vehicles",0,,
,,"Light Commercial Vehicles",0,,
,"Dual fuel","Passenger Vehicles",5,,
,,"Light Commercial Vehicles",10,,
,"Other","Passenger Vehicles",0,,
,,"Light Commercial Vehicles",0,,
,"Unknown","Passenger Vehicles",0,,
,,"Light Commercial Vehicles",0,,
"7276","Diesel","Passenger Vehicles",52,,
,,"Light Commercial Vehicles",79,,
,"Electric","Passenger Vehicles",0,,
,,"Light Commercial Vehicles",0,,
,"Petrol leaded","Passenger Vehicles",18,,
,,"Light Commercial Vehicles",5,,
,"Petrol unleaded","Passenger Vehicles",337,,
,,"Light Commercial Vehicles",44,,
,"LPG/Other gases","Passenger Vehicles",0,,
,,"Light Commercial Vehicles",0,,
,"Dual fuel","Passenger Vehicles",0,,
,,"Light Commercial Vehicles",3,,
,"Other","Passenger Vehicles",0,,
,,"Light Commercial Vehicles",0,,
,"Unknown","Passenger Vehicles",0,,
,,"Light Commercial Vehicles",0,,
"7277","Diesel","Passenger Vehicles",494,,
,,"Light Commercial Vehicles",728,,
,"Electric","Passenger Vehicles",12,,
,,"Light Commercial Vehicles",0,,
,"Petrol leaded","Passenger Vehicles",165,,
,,"Light Commercial Vehicles",36,,
,"Petrol unleaded","Passenger Vehicles",3251,,
,,"Light Commercial Vehicles",336,,
,"LPG/Other gases","Passenger Vehicles",3,,
,,"Light Commercial Vehicles",3,,
,"Dual fuel","Passenger Vehicles",10,,
,,"Light Commercial Vehicles",13,,
,"Other","Passenger Vehicles",0,,
,,"Light Commercial Vehicles",0,,
,"Unknown","Passenger Vehicles",0,,
,,"Light Commercial Vehicles",0,,
"7290","Diesel","Passenger Vehicles",161,,
,,"Light Commercial Vehicles",306,,
,"Electric","Passenger Vehicles",3,,
,,"Light Commercial Vehicles",0,,
,"Petrol leaded","Passenger Vehicles",62,,
,,"Light Commercial Vehicles",13,,
,"Petrol unleaded","Passenger Vehicles",1228,,
,,"Light Commercial Vehicles",153,,
,"LPG/Other gases","Passenger Vehicles",0,,
,,"Light Commercial Vehicles",0,,
,"Dual fuel","Passenger Vehicles",3,,
,,"Light Commercial Vehicles",3,,
,"Other","Passenger Vehicles",0,,
,,"Light Commercial Vehicles",0,,
,"Unknown","Passenger Vehicles",0,,
,,"Light Commercial Vehicles",0,,
"7291","Diesel","Passenger Vehicles",64,,
,,"Light Commercial Vehicles",122,,
,"Electric","Passenger Vehicles",0,,
,,"Light Commercial Vehicles",0,,
,"Petrol leaded","Passenger Vehicles",22,,
,,"Light Commercial Vehicles",8,,
,"Petrol unleaded","Passenger Vehicles",324,,
,,"Light Commercial Vehicles",62,,
,"LPG/Other gases","Passenger Vehicles",0,,
,,"Light Commercial Vehicles",3,,
,"Dual fuel","Passenger Vehicles",3,,
,,"Light Commercial Vehicles",0,,
,"Other","Passenger Vehicles",0,,
,,"Light Commercial Vehicles",0,,
,"Unknown","Passenger Vehicles",0,,
,,"Light Commercial Vehicles",0,,
"7292","Diesel","Passenger Vehicles",88,,
,,"Light Commercial Vehicles",162,,
,"Electric","Passenger Vehicles",0,,
,,"Light Commercial Vehicles",0,,
,"Petrol leaded","Passenger Vehicles",30,,
,,"Light Commercial Vehicles",10,,
,"Petrol unleaded","Passenger Vehicles",283,,
,,"Light Commercial Vehicles",57,,
,"LPG/Other gases","Passenger Vehicles",0,,
,,"Light Commercial Vehicles",0,,
,"Dual fuel","Passenger Vehicles",3,,
,,"Light Commercial Vehicles",0,,
,"Other","Passenger Vehicles",0,,
,,"Light Commercial Vehicles",0,,
,"Unknown","Passenger Vehicles",0,,
,,"Light Commercial Vehicles",0,,
"7300","Diesel","Passenger Vehicles",281,,
,,"Light Commercial Vehicles",566,,
,"Electric","Passenger Vehicles",0,,
,,"Light Commercial Vehicles",0,,
,"Petrol leaded","Passenger Vehicles",95,,
,,"Light Commercial Vehicles",43,,
,"Petrol unleaded","Passenger Vehicles",1789,,
,,"Light Commercial Vehicles",235,,
,"LPG/Other gases","Passenger Vehicles",3,,
,,"Light Commercial Vehicles",3,,
,"Dual fuel","Passenger Vehicles",6,,
,,"Light Commercial Vehicles",3,,
,"Other","Passenger Vehicles",0,,
,,"Light Commercial Vehicles",0,,
,"Unknown","Passenger Vehicles",0,,
,,"Light Commercial Vehicles",0,,
"7301","Diesel","Passenger Vehicles",385,,
,,"Light Commercial Vehicles",831,,
,"Electric","Passenger Vehicles",3,,
,,"Light Commercial Vehicles",0,,
,"Petrol leaded","Passenger Vehicles",102,,
,,"Light Commercial Vehicles",31,,
,"Petrol unleaded","Passenger Vehicles",2298,,
,,"Light Commercial Vehicles",370,,
,"LPG/Other gases","Passenger Vehicles",0,,
,,"Light Commercial Vehicles",3,,
,"Dual fuel","Passenger Vehicles",8,,
,,"Light Commercial Vehicles",3,,
,"Other","Passenger Vehicles",3,,
,,"Light Commercial Vehicles",0,,
,"Unknown","Passenger Vehicles",0,,
,,"Light Commercial Vehicles",0,,
"7302","Diesel","Passenger Vehicles",195,,
,,"Light Commercial Vehicles",463,,
,"Electric","Passenger Vehicles",0,,
,,"Light Commercial Vehicles",0,,
,"Petrol leaded","Passenger Vehicles",33,,
,,"Light Commercial Vehicles",29,,
,"Petrol unleaded","Passenger Vehicles",762,,
,,"Light Commercial Vehicles",144,,
,"LPG/Other gases","Passenger Vehicles",0,,
,,"Light Commercial Vehicles",3,,
,"Dual fuel","Passenger Vehicles",3,,
,,"Light Commercial Vehicles",3,,
,"Other","Passenger Vehicles",0,,
,,"Light Commercial Vehicles",0,,
,"Unknown","Passenger Vehicles",0,,
,,"Light Commercial Vehicles",0,,
"7303","Diesel","Passenger Vehicles",274,,
,,"Light Commercial Vehicles",527,,
,"Electric","Passenger Vehicles",0,,
,,"Light Commercial Vehicles",0,,
,"Petrol leaded","Passenger Vehicles",116,,
,,"Light Commercial Vehicles",43,,
,"Petrol unleaded","Passenger Vehicles",1486,,
,,"Light Commercial Vehicles",258,,
,"LPG/Other gases","Passenger Vehicles",0,,
,,"Light Commercial Vehicles",0,,
,"Dual fuel","Passenger Vehicles",5,,
,,"Light Commercial Vehicles",13,,
,"Other","Passenger Vehicles",0,,
,,"Light Commercial Vehicles",0,,
,"Unknown","Passenger Vehicles",0,,
,,"Light Commercial Vehicles",0,,
"7304","Diesel","Passenger Vehicles",564,,
,,"Light Commercial Vehicles",1199,,
,"Electric","Passenger Vehicles",0,,
,,"Light Commercial Vehicles",0,,
,"Petrol leaded","Passenger Vehicles",154,,
,,"Light Commercial Vehicles",66,,
,"Petrol unleaded","Passenger Vehicles",3013,,
,,"Light Commercial Vehicles",533,,
,"LPG/Other gases","Passenger Vehicles",0,,
,,"Light Commercial Vehicles",3,,
,"Dual fuel","Passenger Vehicles",16,,
,,"Light Commercial Vehicles",12,,
,"Other","Passenger Vehicles",3,,
,,"Light Commercial Vehicles",0,,
,"Unknown","Passenger Vehicles",0,,
,,"Light Commercial Vehicles",0,,
"7305","Diesel","Passenger Vehicles",104,,
,,"Light Commercial Vehicles",237,,
,"Electric","Passenger Vehicles",0,,
,,"Light Commercial Vehicles",0,,
,"Petrol leaded","Passenger Vehicles",19,,
,,"Light Commercial Vehicles",8,,
,"Petrol unleaded","Passenger Vehicles",588,,
,,"Light Commercial Vehicles",106,,
,"LPG/Other gases","Passenger Vehicles",0,,
,,"Light Commercial Vehicles",0,,
,"Dual fuel","Passenger Vehicles",0,,
,,"Light Commercial Vehicles",3,,
,"Other","Passenger Vehicles",0,,
,,"Light Commercial Vehicles",0,,
,"Unknown","Passenger Vehicles",0,,
,,"Light Commercial Vehicles",0,,
"7306","Diesel","Passenger Vehicles",363,,
,,"Light Commercial Vehicles",885,,
,"Electric","Passenger Vehicles",3,,
,,"Light Commercial Vehicles",0,,
,"Petrol leaded","Passenger Vehicles",103,,
,,"Light Commercial Vehicles",57,,
,"Petrol unleaded","Passenger Vehicles",2041,,
,,"Light Commercial Vehicles",386,,
,"LPG/Other gases","Passenger Vehicles",3,,
,,"Light Commercial Vehicles",0,,
,"Dual fuel","Passenger Vehicles",5,,
,,"Light Commercial Vehicles",17,,
,"Other","Passenger Vehicles",0,,
,,"Light Commercial Vehicles",0,,
,"Unknown","Passenger Vehicles",0,,
,,"Light Commercial Vehicles",0,,
"7307","Diesel","Passenger Vehicles",901,,
,,"Light Commercial Vehicles",1781,,
,"Electric","Passenger Vehicles",3,,
,,"Light Commercial Vehicles",3,,
,"Petrol leaded","Passenger Vehicles",264,,
,,"Light Commercial Vehicles",67,,
,"Petrol unleaded","Passenger Vehicles",5538,,
,,"Light Commercial Vehicles",794,,
,"LPG/Other gases","Passenger Vehicles",3,,
,,"Light Commercial Vehicles",6,,
,"Dual fuel","Passenger Vehicles",11,,
,,"Light Commercial Vehicles",22,,
,"Other","Passenger Vehicles",3,,
,,"Light Commercial Vehicles",0,,
,"Unknown","Passenger Vehicles",0,,
,,"Light Commercial Vehicles",0,,
"7310","Diesel","Passenger Vehicles",1805,,
,,"Light Commercial Vehicles",3629,,
,"Electric","Passenger Vehicles",6,,
,,"Light Commercial Vehicles",0,,
,"Petrol leaded","Passenger Vehicles",555,,
,,"Light Commercial Vehicles",130,,
,"Petrol unleaded","Passenger Vehicles",14942,,
,,"Light Commercial Vehicles",1863,,
,"LPG/Other gases","Passenger Vehicles",11,,
,,"Light Commercial Vehicles",10,,
,"Dual fuel","Passenger Vehicles",29,,
,,"Light Commercial Vehicles",47,,
,"Other","Passenger Vehicles",3,,
,,"Light Commercial Vehicles",0,,
,"Unknown","Passenger Vehicles",0,,
,,"Light Commercial Vehicles",0,,
"7315","Diesel","Passenger Vehicles",1124,,
,,"Light Commercial Vehicles",2290,,
,"Electric","Passenger Vehicles",8,,
,,"Light Commercial Vehicles",0,,
,"Petrol leaded","Passenger Vehicles",298,,
,,"Light Commercial Vehicles",96,,
,"Petrol unleaded","Passenger Vehicles",7911,,
,,"Light Commercial Vehicles",1046,,
,"LPG/Other gases","Passenger Vehicles",4,,
,,"Light Commercial Vehicles",10,,
,"Dual fuel","Passenger Vehicles",13,,
,,"Light Commercial Vehicles",28,,
,"Other","Passenger Vehicles",6,,
,,"Light Commercial Vehicles",0,,
,"Unknown","Passenger Vehicles",0,,
,,"Light Commercial Vehicles",0,,
"7316","Diesel","Passenger Vehicles",481,,
,,"Light Commercial Vehicles",1012,,
,"Electric","Passenger Vehicles",3,,
,,"Light Commercial Vehicles",0,,
,"Petrol leaded","Passenger Vehicles",137,,
,,"Light Commercial Vehicles",52,,
,"Petrol unleaded","Passenger Vehicles",3183,,
,,"Light Commercial Vehicles",436,,
,"LPG/Other gases","Passenger Vehicles",0,,
,,"Light Commercial Vehicles",3,,
,"Dual fuel","Passenger Vehicles",5,,
,,"Light Commercial Vehicles",13,,
,"Other","Passenger Vehicles",0,,
,,"Light Commercial Vehicles",0,,
,"Unknown","Passenger Vehicles",0,,
,,"Light Commercial Vehicles",0,,
"7320","Diesel","Passenger Vehicles",986,,
,,"Light Commercial Vehicles",1836,,
,"Electric","Passenger Vehicles",8,,
,,"Light Commercial Vehicles",0,,
,"Petrol leaded","Passenger Vehicles",190,,
,,"Light Commercial Vehicles",65,,
,"Petrol unleaded","Passenger Vehicles",8849,,
,,"Light Commercial Vehicles",963,,
,"LPG/Other gases","Passenger Vehicles",0,,
,,"Light Commercial Vehicles",7,,
,"Dual fuel","Passenger Vehicles",13,,
,,"Light Commercial Vehicles",19,,
,"Other","Passenger Vehicles",4,,
,,"Light Commercial Vehicles",0,,
,"Unknown","Passenger Vehicles",3,,
,,"Light Commercial Vehicles",0,,
"7321","Diesel","Passenger Vehicles",496,,
,,"Light Commercial Vehicles",1085,,
,"Electric","Passenger Vehicles",0,,
,,"Light Commercial Vehicles",0,,
,"Petrol leaded","Passenger Vehicles",97,,
,,"Light Commercial Vehicles",50,,
,"Petrol unleaded","Passenger Vehicles",2372,,
,,"Light Commercial Vehicles",428,,
,"LPG/Other gases","Passenger Vehicles",0,,
,,"Light Commercial Vehicles",3,,
,"Dual fuel","Passenger Vehicles",11,,
,,"Light Commercial Vehicles",5,,
,"Other","Passenger Vehicles",0,,
,,"Light Commercial Vehicles",0,,
,"Unknown","Passenger Vehicles",0,,
,,"Light Commercial Vehicles",0,,
"7322","Diesel","Passenger Vehicles",270,,
,,"Light Commercial Vehicles",584,,
,"Electric","Passenger Vehicles",0,,
,,"Light Commercial Vehicles",0,,
,"Petrol leaded","Passenger Vehicles",62,,
,,"Light Commercial Vehicles",22,,
,"Petrol unleaded","Passenger Vehicles",2071,,
,,"Light Commercial Vehicles",276,,
,"LPG/Other gases","Passenger Vehicles",0,,
,,"Light Commercial Vehicles",0,,
,"Dual fuel","Passenger Vehicles",4,,
,,"Light Commercial Vehicles",7,,
,"Other","Passenger Vehicles",0,,
,,"Light Commercial Vehicles",0,,
,"Unknown","Passenger Vehicles",0,,
,,"Light Commercial Vehicles",0,,
"7325","Diesel","Passenger Vehicles",702,,
,,"Light Commercial Vehicles",1466,,
,"Electric","Passenger Vehicles",0,,
,,"Light Commercial Vehicles",0,,
,"Petrol leaded","Passenger Vehicles",163,,
,,"Light Commercial Vehicles",46,,
,"Petrol unleaded","Passenger Vehicles",4422,,
,,"Light Commercial Vehicles",577,,
,"LPG/Other gases","Passenger Vehicles",3,,
,,"Light Commercial Vehicles",3,,
,"Dual fuel","Passenger Vehicles",10,,
,,"Light Commercial Vehicles",15,,
,"Other","Passenger Vehicles",3,,
,,"Light Commercial Vehicles",0,,
,"Unknown","Passenger Vehicles",0,,
,,"Light Commercial Vehicles",0,,
"7330","Diesel","Passenger Vehicles",559,,
,,"Light Commercial Vehicles",1464,,
,"Electric","Passenger Vehicles",0,,
,,"Light Commercial Vehicles",0,,
,"Petrol leaded","Passenger Vehicles",96,,
,,"Light Commercial Vehicles",28,,
,"Petrol unleaded","Passenger Vehicles",2877,,
,,"Light Commercial Vehicles",521,,
,"LPG/Other gases","Passenger Vehicles",4,,
,,"Light Commercial Vehicles",0,,
,"Dual fuel","Passenger Vehicles",13,,
,,"Light Commercial Vehicles",13,,
,"Other","Passenger Vehicles",0,,
,,"Light Commercial Vehicles",0,,
,"Unknown","Passenger Vehicles",0,,
,,"Light Commercial Vehicles",0,,
"7331","Diesel","Passenger Vehicles",53,,
,,"Light Commercial Vehicles",110,,
,"Electric","Passenger Vehicles",0,,
,,"Light Commercial Vehicles",0,,
,"Petrol leaded","Passenger Vehicles",5,,
,,"Light Commercial Vehicles",3,,
,"Petrol unleaded","Passenger Vehicles",274,,
,,"Light Commercial Vehicles",47,,
,"LPG/Other gases","Passenger Vehicles",0,,
,,"Light Commercial Vehicles",0,,
,"Dual fuel","Passenger Vehicles",0,,
,,"Light Commercial Vehicles",3,,
,"Other","Passenger Vehicles",0,,
,,"Light Commercial Vehicles",0,,
,"Unknown","Passenger Vehicles",0,,
,,"Light Commercial Vehicles",0,,
"7466","Diesel","Passenger Vehicles",3,,
,,"Light Commercial Vehicles",3,,
,"Electric","Passenger Vehicles",0,,
,,"Light Commercial Vehicles",0,,
,"Petrol leaded","Passenger Vehicles",0,,
,,"Light Commercial Vehicles",0,,
,"Petrol unleaded","Passenger Vehicles",13,,
,,"Light Commercial Vehicles",0,,
,"LPG/Other gases","Passenger Vehicles",0,,
,,"Light Commercial Vehicles",0,,
,"Dual fuel","Passenger Vehicles",3,,
,,"Light Commercial Vehicles",0,,
,"Other","Passenger Vehicles",0,,
,,"Light Commercial Vehicles",0,,
,"Unknown","Passenger Vehicles",0,,
,,"Light Commercial Vehicles",0,,
"7467","Diesel","Passenger Vehicles",114,,
,,"Light Commercial Vehicles",295,,
,"Electric","Passenger Vehicles",0,,
,,"Light Commercial Vehicles",0,,
,"Petrol leaded","Passenger Vehicles",30,,
,,"Light Commercial Vehicles",11,,
,"Petrol unleaded","Passenger Vehicles",879,,
,,"Light Commercial Vehicles",131,,
,"LPG/Other gases","Passenger Vehicles",3,,
,,"Light Commercial Vehicles",0,,
,"Dual fuel","Passenger Vehicles",3,,
,,"Light Commercial Vehicles",0,,
,"Other","Passenger Vehicles",3,,
,,"Light Commercial Vehicles",0,,
,"Unknown","Passenger Vehicles",0,,
,,"Light Commercial Vehicles",0,,
"7468","Diesel","Passenger Vehicles",76,,
,,"Light Commercial Vehicles",168,,
,"Electric","Passenger Vehicles",0,,
,,"Light Commercial Vehicles",0,,
,"Petrol leaded","Passenger Vehicles",3,,
,,"Light Commercial Vehicles",8,,
,"Petrol unleaded","Passenger Vehicles",319,,
,,"Light Commercial Vehicles",57,,
,"LPG/Other gases","Passenger Vehicles",0,,
,,"Light Commercial Vehicles",0,,
,"Dual fuel","Passenger Vehicles",0,,
,,"Light Commercial Vehicles",0,,
,"Other","Passenger Vehicles",0,,
,,"Light Commercial Vehicles",0,,
,"Unknown","Passenger Vehicles",0,,
,,"Light Commercial Vehicles",0,,
"7469","Diesel","Passenger Vehicles",83,,
,,"Light Commercial Vehicles",154,,
,"Electric","Passenger Vehicles",0,,
,,"Light Commercial Vehicles",0,,
,"Petrol leaded","Passenger Vehicles",12,,
,,"Light Commercial Vehicles",3,,
,"Petrol unleaded","Passenger Vehicles",370,,
,,"Light Commercial Vehicles",50,,
,"LPG/Other gases","Passenger Vehicles",0,,
,,"Light Commercial Vehicles",3,,
,"Dual fuel","Passenger Vehicles",6,,
,,"Light Commercial Vehicles",3,,
,"Other","Passenger Vehicles",0,,
,,"Light Commercial Vehicles",0,,
,"Unknown","Passenger Vehicles",0,,
,,"Light Commercial Vehicles",0,,
"7470","Diesel","Passenger Vehicles",59,,
,,"Light Commercial Vehicles",114,,
,"Electric","Passenger Vehicles",0,,
,,"Light Commercial Vehicles",0,,
,"Petrol leaded","Passenger Vehicles",9,,
,,"Light Commercial Vehicles",3,,
,"Petrol unleaded","Passenger Vehicles",342,,
,,"Light Commercial Vehicles",41,,
,"LPG/Other gases","Passenger Vehicles",0,,
,,"Light Commercial Vehicles",0,,
,"Dual fuel","Passenger Vehicles",0,,
,,"Light Commercial Vehicles",3,,
,"Other","Passenger Vehicles",0,,
,,"Light Commercial Vehicles",0,,
,"Unknown","Passenger Vehicles",0,,
,,"Light Commercial Vehicles",0,,
"0800","Diesel","Passenger Vehicles",1312,,
,,"Light Commercial Vehicles",1565,,
,"Electric","Passenger Vehicles",0,,
,,"Light Commercial Vehicles",0,,
,"Petrol leaded","Passenger Vehicles",9,,
,,"Light Commercial Vehicles",5,,
,"Petrol unleaded","Passenger Vehicles",5027,,
,,"Light Commercial Vehicles",349,,
,"LPG/Other gases","Passenger Vehicles",0,,
,,"Light Commercial Vehicles",3,,
,"Dual fuel","Passenger Vehicles",14,,
,,"Light Commercial Vehicles",5,,
,"Other","Passenger Vehicles",3,,
,,"Light Commercial Vehicles",0,,
,"Unknown","Passenger Vehicles",0,,
,,"Light Commercial Vehicles",0,,
"0801","Diesel","Passenger Vehicles",42,,
,,"Light Commercial Vehicles",74,,
,"Electric","Passenger Vehicles",3,,
,,"Light Commercial Vehicles",0,,
,"Petrol leaded","Passenger Vehicles",0,,
,,"Light Commercial Vehicles",0,,
,"Petrol unleaded","Passenger Vehicles",165,,
,,"Light Commercial Vehicles",33,,
,"LPG/Other gases","Passenger Vehicles",0,,
,,"Light Commercial Vehicles",0,,
,"Dual fuel","Passenger Vehicles",3,,
,,"Light Commercial Vehicles",0,,
,"Other","Passenger Vehicles",0,,
,,"Light Commercial Vehicles",0,,
,"Unknown","Passenger Vehicles",0,,
,,"Light Commercial Vehicles",0,,
"0802","Diesel","Passenger Vehicles",0,,
,,"Light Commercial Vehicles",6,,
,"Electric","Passenger Vehicles",0,,
,,"Light Commercial Vehicles",0,,
,"Petrol leaded","Passenger Vehicles",0,,
,,"Light Commercial Vehicles",0,,
,"Petrol unleaded","Passenger Vehicles",3,,
,,"Light Commercial Vehicles",0,,
,"LPG/Other gases","Passenger Vehicles",0,,
,,"Light Commercial Vehicles",0,,
,"Dual fuel","Passenger Vehicles",0,,
,,"Light Commercial Vehicles",0,,
,"Other","Passenger Vehicles",0,,
,,"Light Commercial Vehicles",0,,
,"Unknown","Passenger Vehicles",0,,
,,"Light Commercial Vehicles",0,,
"0803","Diesel","Passenger Vehicles",3,,
,,"Light Commercial Vehicles",0,,
,"Electric","Passenger Vehicles",0,,
,,"Light Commercial Vehicles",0,,
,"Petrol leaded","Passenger Vehicles",0,,
,,"Light Commercial Vehicles",0,,
,"Petrol unleaded","Passenger Vehicles",5,,
,,"Light Commercial Vehicles",0,,
,"LPG/Other gases","Passenger Vehicles",0,,
,,"Light Commercial Vehicles",0,,
,"Dual fuel","Passenger Vehicles",0,,
,,"Light Commercial Vehicles",0,,
,"Other","Passenger Vehicles",0,,
,,"Light Commercial Vehicles",0,,
,"Unknown","Passenger Vehicles",0,,
,,"Light Commercial Vehicles",0,,
"0804","Diesel","Passenger Vehicles",3,,
,,"Light Commercial Vehicles",0,,
,"Electric","Passenger Vehicles",0,,
,,"Light Commercial Vehicles",0,,
,"Petrol leaded","Passenger Vehicles",0,,
,,"Light Commercial Vehicles",0,,
,"Petrol unleaded","Passenger Vehicles",8,,
,,"Light Commercial Vehicles",0,,
,"LPG/Other gases","Passenger Vehicles",0,,
,,"Light Commercial Vehicles",0,,
,"Dual fuel","Passenger Vehicles",0,,
,,"Light Commercial Vehicles",0,,
,"Other","Passenger Vehicles",0,,
,,"Light Commercial Vehicles",0,,
,"Unknown","Passenger Vehicles",0,,
,,"Light Commercial Vehicles",0,,
"0810","Diesel","Passenger Vehicles",2291,,
,,"Light Commercial Vehicles",3058,,
,"Electric","Passenger Vehicles",0,,
,,"Light Commercial Vehicles",0,,
,"Petrol leaded","Passenger Vehicles",101,,
,,"Light Commercial Vehicles",46,,
,"Petrol unleaded","Passenger Vehicles",14605,,
,,"Light Commercial Vehicles",1580,,
,"LPG/Other gases","Passenger Vehicles",3,,
,,"Light Commercial Vehicles",3,,
,"Dual fuel","Passenger Vehicles",50,,
,,"Light Commercial Vehicles",33,,
,"Other","Passenger Vehicles",0,,
,,"Light Commercial Vehicles",0,,
,"Unknown","Passenger Vehicles",0,,
,,"Light Commercial Vehicles",0,,
"0811","Diesel","Passenger Vehicles",5,,
,,"Light Commercial Vehicles",3,,
,"Electric","Passenger Vehicles",0,,
,,"Light Commercial Vehicles",0,,
,"Petrol leaded","Passenger Vehicles",0,,
,,"Light Commercial Vehicles",0,,
,"Petrol unleaded","Passenger Vehicles",25,,
,,"Light Commercial Vehicles",5,,
,"LPG/Other gases","Passenger Vehicles",0,,
,,"Light Commercial Vehicles",0,,
,"Dual fuel","Passenger Vehicles",0,,
,,"Light Commercial Vehicles",0,,
,"Other","Passenger Vehicles",0,,
,,"Light Commercial Vehicles",0,,
,"Unknown","Passenger Vehicles",0,,
,,"Light Commercial Vehicles",0,,
"0812","Diesel","Passenger Vehicles",1247,,
,,"Light Commercial Vehicles",1799,,
,"Electric","Passenger Vehicles",0,,
,,"Light Commercial Vehicles",0,,
,"Petrol leaded","Passenger Vehicles",75,,
,,"Light Commercial Vehicles",25,,
,"Petrol unleaded","Passenger Vehicles",7799,,
,,"Light Commercial Vehicles",1054,,
,"LPG/Other gases","Passenger Vehicles",0,,
,,"Light Commercial Vehicles",0,,
,"Dual fuel","Passenger Vehicles",28,,
,,"Light Commercial Vehicles",10,,
,"Other","Passenger Vehicles",0,,
,,"Light Commercial Vehicles",0,,
,"Unknown","Passenger Vehicles",0,,
,,"Light Commercial Vehicles",0,,
"0813","Diesel","Passenger Vehicles",0,,
,,"Light Commercial Vehicles",3,,
,"Electric","Passenger Vehicles",0,,
,,"Light Commercial Vehicles",0,,
,"Petrol leaded","Passenger Vehicles",0,,
,,"Light Commercial Vehicles",0,,
,"Petrol unleaded","Passenger Vehicles",13,,
,,"Light Commercial Vehicles",0,,
,"LPG/Other gases","Passenger Vehicles",0,,
,,"Light Commercial Vehicles",0,,
,"Dual fuel","Passenger Vehicles",0,,
,,"Light Commercial Vehicles",0,,
,"Other","Passenger Vehicles",0,,
,,"Light Commercial Vehicles",0,,
,"Unknown","Passenger Vehicles",0,,
,,"Light Commercial Vehicles",0,,
"0814","Diesel","Passenger Vehicles",0,,
,,"Light Commercial Vehicles",4,,
,"Electric","Passenger Vehicles",0,,
,,"Light Commercial Vehicles",0,,
,"Petrol leaded","Passenger Vehicles",0,,
,,"Light Commercial Vehicles",0,,
,"Petrol unleaded","Passenger Vehicles",9,,
,,"Light Commercial Vehicles",0,,
,"LPG/Other gases","Passenger Vehicles",0,,
,,"Light Commercial Vehicles",0,,
,"Dual fuel","Passenger Vehicles",0,,
,,"Light Commercial Vehicles",0,,
,"Other","Passenger Vehicles",0,,
,,"Light Commercial Vehicles",0,,
,"Unknown","Passenger Vehicles",0,,
,,"Light Commercial Vehicles",0,,
"0815","Diesel","Passenger Vehicles",3,,
,,"Light Commercial Vehicles",0,,
,"Electric","Passenger Vehicles",0,,
,,"Light Commercial Vehicles",0,,
,"Petrol leaded","Passenger Vehicles",0,,
,,"Light Commercial Vehicles",0,,
,"Petrol unleaded","Passenger Vehicles",21,,
,,"Light Commercial Vehicles",0,,
,"LPG/Other gases","Passenger Vehicles",0,,
,,"Light Commercial Vehicles",0,,
,"Dual fuel","Passenger Vehicles",0,,
,,"Light Commercial Vehicles",0,,
,"Other","Passenger Vehicles",0,,
,,"Light Commercial Vehicles",0,,
,"Unknown","Passenger Vehicles",0,,
,,"Light Commercial Vehicles",0,,
"0820","Diesel","Passenger Vehicles",2694,,
,,"Light Commercial Vehicles",4570,,
,"Electric","Passenger Vehicles",3,,
,,"Light Commercial Vehicles",0,,
,"Petrol leaded","Passenger Vehicles",68,,
,,"Light Commercial Vehicles",28,,
,"Petrol unleaded","Passenger Vehicles",10563,,
,,"Light Commercial Vehicles",1379,,
,"LPG/Other gases","Passenger Vehicles",3,,
,,"Light Commercial Vehicles",3,,
,"Dual fuel","Passenger Vehicles",30,,
,,"Light Commercial Vehicles",15,,
,"Other","Passenger Vehicles",0,,
,,"Light Commercial Vehicles",0,,
,"Unknown","Passenger Vehicles",0,,
,,"Light Commercial Vehicles",0,,
"0821","Diesel","Passenger Vehicles",42,,
,,"Light Commercial Vehicles",155,,
,"Electric","Passenger Vehicles",0,,
,,"Light Commercial Vehicles",0,,
,"Petrol leaded","Passenger Vehicles",3,,
,,"Light Commercial Vehicles",0,,
,"Petrol unleaded","Passenger Vehicles",89,,
,,"Light Commercial Vehicles",84,,
,"LPG/Other gases","Passenger Vehicles",0,,
,,"Light Commercial Vehicles",0,,
,"Dual fuel","Passenger Vehicles",0,,
,,"Light Commercial Vehicles",0,,
,"Other","Passenger Vehicles",0,,
,,"Light Commercial Vehicles",0,,
,"Unknown","Passenger Vehicles",0,,
,,"Light Commercial Vehicles",0,,
"0822","Diesel","Passenger Vehicles",941,,
,,"Light Commercial Vehicles",1900,,
,"Electric","Passenger Vehicles",0,,
,,"Light Commercial Vehicles",0,,
,"Petrol leaded","Passenger Vehicles",28,,
,,"Light Commercial Vehicles",8,,
,"Petrol unleaded","Passenger Vehicles",1927,,
,,"Light Commercial Vehicles",550,,
,"LPG/Other gases","Passenger Vehicles",3,,
,,"Light Commercial Vehicles",0,,
,"Dual fuel","Passenger Vehicles",15,,
,,"Light Commercial Vehicles",11,,
,"Other","Passenger Vehicles",0,,
,,"Light Commercial Vehicles",0,,
,"Unknown","Passenger Vehicles",0,,
,,"Light Commercial Vehicles",0,,
"0823","Diesel","Passenger Vehicles",0,,
,,"Light Commercial Vehicles",0,,
,"Electric","Passenger Vehicles",0,,
,,"Light Commercial Vehicles",0,,
,"Petrol leaded","Passenger Vehicles",0,,
,,"Light Commercial Vehicles",0,,
,"Petrol unleaded","Passenger Vehicles",3,,
,,"Light Commercial Vehicles",0,,
,"LPG/Other gases","Passenger Vehicles",0,,
,,"Light Commercial Vehicles",0,,
,"Dual fuel","Passenger Vehicles",0,,
,,"Light Commercial Vehicles",0,,
,"Other","Passenger Vehicles",0,,
,,"Light Commercial Vehicles",0,,
,"Unknown","Passenger Vehicles",0,,
,,"Light Commercial Vehicles",0,,
"0825","Diesel","Passenger Vehicles",0,,
,,"Light Commercial Vehicles",0,,
,"Electric","Passenger Vehicles",0,,
,,"Light Commercial Vehicles",0,,
,"Petrol leaded","Passenger Vehicles",0,,
,,"Light Commercial Vehicles",0,,
,"Petrol unleaded","Passenger Vehicles",0,,
,,"Light Commercial Vehicles",0,,
,"LPG/Other gases","Passenger Vehicles",0,,
,,"Light Commercial Vehicles",0,,
,"Dual fuel","Passenger Vehicles",0,,
,,"Light Commercial Vehicles",0,,
,"Other","Passenger Vehicles",0,,
,,"Light Commercial Vehicles",0,,
,"Unknown","Passenger Vehicles",0,,
,,"Light Commercial Vehicles",0,,
"0826","Diesel","Passenger Vehicles",0,,
,,"Light Commercial Vehicles",0,,
,"Electric","Passenger Vehicles",0,,
,,"Light Commercial Vehicles",0,,
,"Petrol leaded","Passenger Vehicles",0,,
,,"Light Commercial Vehicles",0,,
,"Petrol unleaded","Passenger Vehicles",0,,
,,"Light Commercial Vehicles",0,,
,"LPG/Other gases","Passenger Vehicles",0,,
,,"Light Commercial Vehicles",0,,
,"Dual fuel","Passenger Vehicles",0,,
,,"Light Commercial Vehicles",0,,
,"Other","Passenger Vehicles",0,,
,,"Light Commercial Vehicles",0,,
,"Unknown","Passenger Vehicles",0,,
,,"Light Commercial Vehicles",0,,
"0828","Diesel","Passenger Vehicles",454,,
,,"Light Commercial Vehicles",1558,,
,"Electric","Passenger Vehicles",0,,
,,"Light Commercial Vehicles",0,,
,"Petrol leaded","Passenger Vehicles",17,,
,,"Light Commercial Vehicles",12,,
,"Petrol unleaded","Passenger Vehicles",1050,,
,,"Light Commercial Vehicles",507,,
,"LPG/Other gases","Passenger Vehicles",3,,
,,"Light Commercial Vehicles",0,,
,"Dual fuel","Passenger Vehicles",4,,
,,"Light Commercial Vehicles",3,,
,"Other","Passenger Vehicles",0,,
,,"Light Commercial Vehicles",0,,
,"Unknown","Passenger Vehicles",0,,
,,"Light Commercial Vehicles",0,,
"0829","Diesel","Passenger Vehicles",103,,
,,"Light Commercial Vehicles",406,,
,"Electric","Passenger Vehicles",0,,
,,"Light Commercial Vehicles",0,,
,"Petrol leaded","Passenger Vehicles",3,,
,,"Light Commercial Vehicles",0,,
,"Petrol unleaded","Passenger Vehicles",347,,
,,"Light Commercial Vehicles",144,,
,"LPG/Other gases","Passenger Vehicles",0,,
,,"Light Commercial Vehicles",0,,
,"Dual fuel","Passenger Vehicles",0,,
,,"Light Commercial Vehicles",3,,
,"Other","Passenger Vehicles",0,,
,,"Light Commercial Vehicles",0,,
,"Unknown","Passenger Vehicles",0,,
,,"Light Commercial Vehicles",0,,
"0830","Diesel","Passenger Vehicles",1473,,
,,"Light Commercial Vehicles",2567,,
,"Electric","Passenger Vehicles",3,,
,,"Light Commercial Vehicles",0,,
,"Petrol leaded","Passenger Vehicles",53,,
,,"Light Commercial Vehicles",23,,
,"Petrol unleaded","Passenger Vehicles",7260,,
,,"Light Commercial Vehicles",1035,,
,"LPG/Other gases","Passenger Vehicles",4,,
,,"Light Commercial Vehicles",3,,
,"Dual fuel","Passenger Vehicles",42,,
,,"Light Commercial Vehicles",8,,
,"Other","Passenger Vehicles",0,,
,,"Light Commercial Vehicles",0,,
,"Unknown","Passenger Vehicles",0,,
,,"Light Commercial Vehicles",0,,
"0831","Diesel","Passenger Vehicles",26,,
,,"Light Commercial Vehicles",27,,
,"Electric","Passenger Vehicles",0,,
,,"Light Commercial Vehicles",0,,
,"Petrol leaded","Passenger Vehicles",3,,
,,"Light Commercial Vehicles",0,,
,"Petrol unleaded","Passenger Vehicles",73,,
,,"Light Commercial Vehicles",23,,
,"LPG/Other gases","Passenger Vehicles",0,,
,,"Light Commercial Vehicles",0,,
,"Dual fuel","Passenger Vehicles",3,,
,,"Light Commercial Vehicles",0,,
,"Other","Passenger Vehicles",0,,
,,"Light Commercial Vehicles",0,,
,"Unknown","Passenger Vehicles",0,,
,,"Light Commercial Vehicles",0,,
"0832","Diesel","Passenger Vehicles",1268,,
,,"Light Commercial Vehicles",2066,,
,"Electric","Passenger Vehicles",0,,
,,"Light Commercial Vehicles",0,,
,"Petrol leaded","Passenger Vehicles",37,,
,,"Light Commercial Vehicles",11,,
,"Petrol unleaded","Passenger Vehicles",6769,,
,,"Light Commercial Vehicles",617,,
,"LPG/Other gases","Passenger Vehicles",3,,
,,"Light Commercial Vehicles",0,,
,"Dual fuel","Passenger Vehicles",17,,
,,"Light Commercial Vehicles",15,,
,"Other","Passenger Vehicles",0,,
,,"Light Commercial Vehicles",0,,
,"Unknown","Passenger Vehicles",0,,
,,"Light Commercial Vehicles",0,,
"0833","Diesel","Passenger Vehicles",0,,
,,"Light Commercial Vehicles",3,,
,"Electric","Passenger Vehicles",0,,
,,"Light Commercial Vehicles",0,,
,"Petrol leaded","Passenger Vehicles",0,,
,,"Light Commercial Vehicles",0,,
,"Petrol unleaded","Passenger Vehicles",3,,
,,"Light Commercial Vehicles",0,,
,"LPG/Other gases","Passenger Vehicles",0,,
,,"Light Commercial Vehicles",0,,
,"Dual fuel","Passenger Vehicles",0,,
,,"Light Commercial Vehicles",0,,
,"Other","Passenger Vehicles",0,,
,,"Light Commercial Vehicles",0,,
,"Unknown","Passenger Vehicles",0,,
,,"Light Commercial Vehicles",0,,
"0834","Diesel","Passenger Vehicles",228,,
,,"Light Commercial Vehicles",331,,
,"Electric","Passenger Vehicles",0,,
,,"Light Commercial Vehicles",0,,
,"Petrol leaded","Passenger Vehicles",12,,
,,"Light Commercial Vehicles",3,,
,"Petrol unleaded","Passenger Vehicles",514,,
,,"Light Commercial Vehicles",110,,
,"LPG/Other gases","Passenger Vehicles",0,,
,,"Light Commercial Vehicles",0,,
,"Dual fuel","Passenger Vehicles",0,,
,,"Light Commercial Vehicles",3,,
,"Other","Passenger Vehicles",0,,
,,"Light Commercial Vehicles",0,,
,"Unknown","Passenger Vehicles",0,,
,,"Light Commercial Vehicles",0,,
"0835","Diesel","Passenger Vehicles",558,,
,,"Light Commercial Vehicles",1022,,
,"Electric","Passenger Vehicles",0,,
,,"Light Commercial Vehicles",0,,
,"Petrol leaded","Passenger Vehicles",30,,
,,"Light Commercial Vehicles",23,,
,"Petrol unleaded","Passenger Vehicles",1612,,
,,"Light Commercial Vehicles",378,,
,"LPG/Other gases","Passenger Vehicles",3,,
,,"Light Commercial Vehicles",3,,
,"Dual fuel","Passenger Vehicles",10,,
,,"Light Commercial Vehicles",5,,
,"Other","Passenger Vehicles",0,,
,,"Light Commercial Vehicles",0,,
,"Unknown","Passenger Vehicles",0,,
,,"Light Commercial Vehicles",0,,
"0836","Diesel","Passenger Vehicles",1137,,
,,"Light Commercial Vehicles",1951,,
,"Electric","Passenger Vehicles",0,,
,,"Light Commercial Vehicles",0,,
,"Petrol leaded","Passenger Vehicles",80,,
,,"Light Commercial Vehicles",42,,
,"Petrol unleaded","Passenger Vehicles",3023,,
,,"Light Commercial Vehicles",702,,
,"LPG/Other gases","Passenger Vehicles",0,,
,,"Light Commercial Vehicles",0,,
,"Dual fuel","Passenger Vehicles",27,,
,,"Light Commercial Vehicles",12,,
,"Other","Passenger Vehicles",0,,
,,"Light Commercial Vehicles",0,,
,"Unknown","Passenger Vehicles",0,,
,,"Light Commercial Vehicles",0,,
"0837","Diesel","Passenger Vehicles",128,,
,,"Light Commercial Vehicles",284,,
,"Electric","Passenger Vehicles",0,,
,,"Light Commercial Vehicles",0,,
,"Petrol leaded","Passenger Vehicles",8,,
,,"Light Commercial Vehicles",3,,
,"Petrol unleaded","Passenger Vehicles",335,,
,,"Light Commercial Vehicles",119,,
,"LPG/Other gases","Passenger Vehicles",0,,
,,"Light Commercial Vehicles",0,,
,"Dual fuel","Passenger Vehicles",3,,
,,"Light Commercial Vehicles",0,,
,"Other","Passenger Vehicles",0,,
,,"Light Commercial Vehicles",0,,
,"Unknown","Passenger Vehicles",0,,
,,"Light Commercial Vehicles",0,,
"0838","Diesel","Passenger Vehicles",107,,
,,"Light Commercial Vehicles",228,,
,"Electric","Passenger Vehicles",0,,
,,"Light Commercial Vehicles",0,,
,"Petrol leaded","Passenger Vehicles",4,,
,,"Light Commercial Vehicles",3,,
,"Petrol unleaded","Passenger Vehicles",269,,
,,"Light Commercial Vehicles",66,,
,"LPG/Other gases","Passenger Vehicles",0,,
,,"Light Commercial Vehicles",0,,
,"Dual fuel","Passenger Vehicles",3,,
,,"Light Commercial Vehicles",0,,
,"Other","Passenger Vehicles",0,,
,,"Light Commercial Vehicles",0,,
,"Unknown","Passenger Vehicles",0,,
,,"Light Commercial Vehicles",0,,
"0839","Diesel","Passenger Vehicles",45,,
,,"Light Commercial Vehicles",100,,
,"Electric","Passenger Vehicles",0,,
,,"Light Commercial Vehicles",0,,
,"Petrol leaded","Passenger Vehicles",0,,
,,"Light Commercial Vehicles",0,,
,"Petrol unleaded","Passenger Vehicles",208,,
,,"Light Commercial Vehicles",22,,
,"LPG/Other gases","Passenger Vehicles",0,,
,,"Light Commercial Vehicles",0,,
,"Dual fuel","Passenger Vehicles",3,,
,,"Light Commercial Vehicles",0,,
,"Other","Passenger Vehicles",0,,
,,"Light Commercial Vehicles",0,,
,"Unknown","Passenger Vehicles",0,,
,,"Light Commercial Vehicles",0,,
"0840","Diesel","Passenger Vehicles",65,,
,,"Light Commercial Vehicles",112,,
,"Electric","Passenger Vehicles",0,,
,,"Light Commercial Vehicles",0,,
,"Petrol leaded","Passenger Vehicles",3,,
,,"Light Commercial Vehicles",5,,
,"Petrol unleaded","Passenger Vehicles",123,,
,,"Light Commercial Vehicles",53,,
,"LPG/Other gases","Passenger Vehicles",0,,
,,"Light Commercial Vehicles",0,,
,"Dual fuel","Passenger Vehicles",0,,
,,"Light Commercial Vehicles",3,,
,"Other","Passenger Vehicles",0,,
,,"Light Commercial Vehicles",0,,
,"Unknown","Passenger Vehicles",0,,
,,"Light Commercial Vehicles",0,,
"0841","Diesel","Passenger Vehicles",38,,
,,"Light Commercial Vehicles",93,,
,"Electric","Passenger Vehicles",0,,
,,"Light Commercial Vehicles",0,,
,"Petrol leaded","Passenger Vehicles",0,,
,,"Light Commercial Vehicles",0,,
,"Petrol unleaded","Passenger Vehicles",86,,
,,"Light Commercial Vehicles",24,,
,"LPG/Other gases","Passenger Vehicles",0,,
,,"Light Commercial Vehicles",0,,
,"Dual fuel","Passenger Vehicles",3,,
,,"Light Commercial Vehicles",0,,
,"Other","Passenger Vehicles",0,,
,,"Light Commercial Vehicles",0,,
,"Unknown","Passenger Vehicles",0,,
,,"Light Commercial Vehicles",0,,
"0844","Diesel","Passenger Vehicles",0,,
,,"Light Commercial Vehicles",3,,
,"Electric","Passenger Vehicles",0,,
,,"Light Commercial Vehicles",0,,
,"Petrol leaded","Passenger Vehicles",0,,
,,"Light Commercial Vehicles",0,,
,"Petrol unleaded","Passenger Vehicles",0,,
,,"Light Commercial Vehicles",0,,
,"LPG/Other gases","Passenger Vehicles",0,,
,,"Light Commercial Vehicles",0,,
,"Dual fuel","Passenger Vehicles",0,,
,,"Light Commercial Vehicles",0,,
,"Other","Passenger Vehicles",0,,
,,"Light Commercial Vehicles",0,,
,"Unknown","Passenger Vehicles",0,,
,,"Light Commercial Vehicles",0,,
"0845","Diesel","Passenger Vehicles",76,,
,,"Light Commercial Vehicles",160,,
,"Electric","Passenger Vehicles",0,,
,,"Light Commercial Vehicles",0,,
,"Petrol leaded","Passenger Vehicles",0,,
,,"Light Commercial Vehicles",3,,
,"Petrol unleaded","Passenger Vehicles",186,,
,,"Light Commercial Vehicles",61,,
,"LPG/Other gases","Passenger Vehicles",0,,
,,"Light Commercial Vehicles",0,,
,"Dual fuel","Passenger Vehicles",3,,
,,"Light Commercial Vehicles",3,,
,"Other","Passenger Vehicles",0,,
,,"Light Commercial Vehicles",0,,
,"Unknown","Passenger Vehicles",0,,
,,"Light Commercial Vehicles",0,,
"0846","Diesel","Passenger Vehicles",63,,
,,"Light Commercial Vehicles",116,,
,"Electric","Passenger Vehicles",0,,
,,"Light Commercial Vehicles",0,,
,"Petrol leaded","Passenger Vehicles",3,,
,,"Light Commercial Vehicles",3,,
,"Petrol unleaded","Passenger Vehicles",97,,
,,"Light Commercial Vehicles",38,,
,"LPG/Other gases","Passenger Vehicles",0,,
,,"Light Commercial Vehicles",0,,
,"Dual fuel","Passenger Vehicles",3,,
,,"Light Commercial Vehicles",0,,
,"Other","Passenger Vehicles",0,,
,,"Light Commercial Vehicles",0,,
,"Unknown","Passenger Vehicles",0,,
,,"Light Commercial Vehicles",0,,
"0847","Diesel","Passenger Vehicles",28,,
,,"Light Commercial Vehicles",64,,
,"Electric","Passenger Vehicles",0,,
,,"Light Commercial Vehicles",0,,
,"Petrol leaded","Passenger Vehicles",3,,
,,"Light Commercial Vehicles",0,,
,"Petrol unleaded","Passenger Vehicles",77,,
,,"Light Commercial Vehicles",14,,
,"LPG/Other gases","Passenger Vehicles",3,,
,,"Light Commercial Vehicles",0,,
,"Dual fuel","Passenger Vehicles",0,,
,,"Light Commercial Vehicles",0,,
,"Other","Passenger Vehicles",0,,
,,"Light Commercial Vehicles",0,,
,"Unknown","Passenger Vehicles",0,,
,,"Light Commercial Vehicles",0,,
"0850","Diesel","Passenger Vehicles",1064,,
,,"Light Commercial Vehicles",1797,,
,"Electric","Passenger Vehicles",0,,
,,"Light Commercial Vehicles",0,,
,"Petrol leaded","Passenger Vehicles",40,,
,,"Light Commercial Vehicles",26,,
,"Petrol unleaded","Passenger Vehicles",2473,,
,,"Light Commercial Vehicles",501,,
,"LPG/Other gases","Passenger Vehicles",0,,
,,"Light Commercial Vehicles",0,,
,"Dual fuel","Passenger Vehicles",21,,
,,"Light Commercial Vehicles",6,,
,"Other","Passenger Vehicles",0,,
,,"Light Commercial Vehicles",0,,
,"Unknown","Passenger Vehicles",0,,
,,"Light Commercial Vehicles",0,,
"0851","Diesel","Passenger Vehicles",14,,
,,"Light Commercial Vehicles",33,,
,"Electric","Passenger Vehicles",0,,
,,"Light Commercial Vehicles",0,,
,"Petrol leaded","Passenger Vehicles",0,,
,,"Light Commercial Vehicles",0,,
,"Petrol unleaded","Passenger Vehicles",19,,
,,"Light Commercial Vehicles",10,,
,"LPG/Other gases","Passenger Vehicles",0,,
,,"Light Commercial Vehicles",0,,
,"Dual fuel","Passenger Vehicles",0,,
,,"Light Commercial Vehicles",0,,
,"Other","Passenger Vehicles",3,,
,,"Light Commercial Vehicles",0,,
,"Unknown","Passenger Vehicles",0,,
,,"Light Commercial Vehicles",0,,
"0852","Diesel","Passenger Vehicles",383,,
,,"Light Commercial Vehicles",394,,
,"Electric","Passenger Vehicles",0,,
,,"Light Commercial Vehicles",0,,
,"Petrol leaded","Passenger Vehicles",3,,
,,"Light Commercial Vehicles",3,,
,"Petrol unleaded","Passenger Vehicles",346,,
,,"Light Commercial Vehicles",70,,
,"LPG/Other gases","Passenger Vehicles",0,,
,,"Light Commercial Vehicles",0,,
,"Dual fuel","Passenger Vehicles",3,,
,,"Light Commercial Vehicles",4,,
,"Other","Passenger Vehicles",0,,
,,"Light Commercial Vehicles",0,,
,"Unknown","Passenger Vehicles",0,,
,,"Light Commercial Vehicles",0,,
"0853","Diesel","Passenger Vehicles",124,,
,,"Light Commercial Vehicles",151,,
,"Electric","Passenger Vehicles",0,,
,,"Light Commercial Vehicles",0,,
,"Petrol leaded","Passenger Vehicles",0,,
,,"Light Commercial Vehicles",0,,
,"Petrol unleaded","Passenger Vehicles",283,,
,,"Light Commercial Vehicles",7,,
,"LPG/Other gases","Passenger Vehicles",0,,
,,"Light Commercial Vehicles",0,,
,"Dual fuel","Passenger Vehicles",3,,
,,"Light Commercial Vehicles",0,,
,"Other","Passenger Vehicles",0,,
,,"Light Commercial Vehicles",0,,
,"Unknown","Passenger Vehicles",0,,
,,"Light Commercial Vehicles",0,,
"0854","Diesel","Passenger Vehicles",96,,
,,"Light Commercial Vehicles",153,,
,"Electric","Passenger Vehicles",0,,
,,"Light Commercial Vehicles",0,,
,"Petrol leaded","Passenger Vehicles",0,,
,,"Light Commercial Vehicles",0,,
,"Petrol unleaded","Passenger Vehicles",90,,
,,"Light Commercial Vehicles",25,,
,"LPG/Other gases","Passenger Vehicles",0,,
,,"Light Commercial Vehicles",0,,
,"Dual fuel","Passenger Vehicles",0,,
,,"Light Commercial Vehicles",0,,
,"Other","Passenger Vehicles",0,,
,,"Light Commercial Vehicles",0,,
,"Unknown","Passenger Vehicles",0,,
,,"Light Commercial Vehicles",0,,
"0855","Diesel","Passenger Vehicles",0,,
,,"Light Commercial Vehicles",0,,
,"Electric","Passenger Vehicles",0,,
,,"Light Commercial Vehicles",0,,
,"Petrol leaded","Passenger Vehicles",0,,
,,"Light Commercial Vehicles",0,,
,"Petrol unleaded","Passenger Vehicles",0,,
,,"Light Commercial Vehicles",0,,
,"LPG/Other gases","Passenger Vehicles",0,,
,,"Light Commercial Vehicles",0,,
,"Dual fuel","Passenger Vehicles",0,,
,,"Light Commercial Vehicles",0,,
,"Other","Passenger Vehicles",0,,
,,"Light Commercial Vehicles",0,,
,"Unknown","Passenger Vehicles",0,,
,,"Light Commercial Vehicles",0,,
"0860","Diesel","Passenger Vehicles",258,,
,,"Light Commercial Vehicles",479,,
,"Electric","Passenger Vehicles",0,,
,,"Light Commercial Vehicles",0,,
,"Petrol leaded","Passenger Vehicles",3,,
,,"Light Commercial Vehicles",5,,
,"Petrol unleaded","Passenger Vehicles",700,,
,,"Light Commercial Vehicles",144,,
,"LPG/Other gases","Passenger Vehicles",0,,
,,"Light Commercial Vehicles",0,,
,"Dual fuel","Passenger Vehicles",12,,
,,"Light Commercial Vehicles",0,,
,"Other","Passenger Vehicles",0,,
,,"Light Commercial Vehicles",0,,
,"Unknown","Passenger Vehicles",0,,
,,"Light Commercial Vehicles",0,,
"0861","Diesel","Passenger Vehicles",0,,
,,"Light Commercial Vehicles",7,,
,"Electric","Passenger Vehicles",0,,
,,"Light Commercial Vehicles",0,,
,"Petrol leaded","Passenger Vehicles",0,,
,,"Light Commercial Vehicles",0,,
,"Petrol unleaded","Passenger Vehicles",11,,
,,"Light Commercial Vehicles",3,,
,"LPG/Other gases","Passenger Vehicles",0,,
,,"Light Commercial Vehicles",0,,
,"Dual fuel","Passenger Vehicles",0,,
,,"Light Commercial Vehicles",0,,
,"Other","Passenger Vehicles",0,,
,,"Light Commercial Vehicles",0,,
,"Unknown","Passenger Vehicles",0,,
,,"Light Commercial Vehicles",0,,
"0862","Diesel","Passenger Vehicles",144,,
,,"Light Commercial Vehicles",125,,
,"Electric","Passenger Vehicles",0,,
,,"Light Commercial Vehicles",0,,
,"Petrol leaded","Passenger Vehicles",0,,
,,"Light Commercial Vehicles",0,,
,"Petrol unleaded","Passenger Vehicles",84,,
,,"Light Commercial Vehicles",17,,
,"LPG/Other gases","Passenger Vehicles",0,,
,,"Light Commercial Vehicles",0,,
,"Dual fuel","Passenger Vehicles",0,,
,,"Light Commercial Vehicles",0,,
,"Other","Passenger Vehicles",0,,
,,"Light Commercial Vehicles",0,,
,"Unknown","Passenger Vehicles",0,,
,,"Light Commercial Vehicles",0,,
"0863","Diesel","Passenger Vehicles",0,,
,,"Light Commercial Vehicles",0,,
,"Electric","Passenger Vehicles",0,,
,,"Light Commercial Vehicles",0,,
,"Petrol leaded","Passenger Vehicles",0,,
,,"Light Commercial Vehicles",0,,
,"Petrol unleaded","Passenger Vehicles",0,,
,,"Light Commercial Vehicles",0,,
,"LPG/Other gases","Passenger Vehicles",0,,
,,"Light Commercial Vehicles",0,,
,"Dual fuel","Passenger Vehicles",0,,
,,"Light Commercial Vehicles",0,,
,"Other","Passenger Vehicles",0,,
,,"Light Commercial Vehicles",0,,
,"Unknown","Passenger Vehicles",0,,
,,"Light Commercial Vehicles",0,,
"0870","Diesel","Passenger Vehicles",2454,,
,,"Light Commercial Vehicles",3326,,
,"Electric","Passenger Vehicles",0,,
,,"Light Commercial Vehicles",0,,
,"Petrol leaded","Passenger Vehicles",124,,
,,"Light Commercial Vehicles",83,,
,"Petrol unleaded","Passenger Vehicles",9068,,
,,"Light Commercial Vehicles",1312,,
,"LPG/Other gases","Passenger Vehicles",4,,
,,"Light Commercial Vehicles",3,,
,"Dual fuel","Passenger Vehicles",52,,
,,"Light Commercial Vehicles",29,,
,"Other","Passenger Vehicles",0,,
,,"Light Commercial Vehicles",0,,
,"Unknown","Passenger Vehicles",0,,
,,"Light Commercial Vehicles",0,,
"0871","Diesel","Passenger Vehicles",25,,
,,"Light Commercial Vehicles",25,,
,"Electric","Passenger Vehicles",0,,
,,"Light Commercial Vehicles",0,,
,"Petrol leaded","Passenger Vehicles",3,,
,,"Light Commercial Vehicles",0,,
,"Petrol unleaded","Passenger Vehicles",43,,
,,"Light Commercial Vehicles",4,,
,"LPG/Other gases","Passenger Vehicles",0,,
,,"Light Commercial Vehicles",0,,
,"Dual fuel","Passenger Vehicles",0,,
,,"Light Commercial Vehicles",0,,
,"Other","Passenger Vehicles",0,,
,,"Light Commercial Vehicles",0,,
,"Unknown","Passenger Vehicles",0,,
,,"Light Commercial Vehicles",0,,
"0872","Diesel","Passenger Vehicles",486,,
,,"Light Commercial Vehicles",538,,
,"Electric","Passenger Vehicles",0,,
,,"Light Commercial Vehicles",0,,
,"Petrol leaded","Passenger Vehicles",10,,
,,"Light Commercial Vehicles",5,,
,"Petrol unleaded","Passenger Vehicles",812,,
,,"Light Commercial Vehicles",152,,
,"LPG/Other gases","Passenger Vehicles",0,,
,,"Light Commercial Vehicles",0,,
,"Dual fuel","Passenger Vehicles",12,,
,,"Light Commercial Vehicles",5,,
,"Other","Passenger Vehicles",0,,
,,"Light Commercial Vehicles",0,,
,"Unknown","Passenger Vehicles",0,,
,,"Light Commercial Vehicles",0,,
"0873","Diesel","Passenger Vehicles",156,,
,,"Light Commercial Vehicles",267,,
,"Electric","Passenger Vehicles",0,,
,,"Light Commercial Vehicles",0,,
,"Petrol leaded","Passenger Vehicles",20,,
,,"Light Commercial Vehicles",10,,
,"Petrol unleaded","Passenger Vehicles",379,,
,,"Light Commercial Vehicles",67,,
,"LPG/Other gases","Passenger Vehicles",0,,
,,"Light Commercial Vehicles",0,,
,"Dual fuel","Passenger Vehicles",4,,
,,"Light Commercial Vehicles",3,,
,"Other","Passenger Vehicles",0,,
,,"Light Commercial Vehicles",0,,
,"Unknown","Passenger Vehicles",0,,
,,"Light Commercial Vehicles",0,,
"0874","Diesel","Passenger Vehicles",26,,
,,"Light Commercial Vehicles",21,,
,"Electric","Passenger Vehicles",0,,
,,"Light Commercial Vehicles",0,,
,"Petrol leaded","Passenger Vehicles",0,,
,,"Light Commercial Vehicles",0,,
,"Petrol unleaded","Passenger Vehicles",138,,
,,"Light Commercial Vehicles",10,,
,"LPG/Other gases","Passenger Vehicles",0,,
,,"Light Commercial Vehicles",0,,
,"Dual fuel","Passenger Vehicles",0,,
,,"Light Commercial Vehicles",0,,
,"Other","Passenger Vehicles",0,,
,,"Light Commercial Vehicles",0,,
,"Unknown","Passenger Vehicles",0,,
,,"Light Commercial Vehicles",0,,
"0875","Diesel","Passenger Vehicles",165,,
,,"Light Commercial Vehicles",175,,
,"Electric","Passenger Vehicles",0,,
,,"Light Commercial Vehicles",0,,
,"Petrol leaded","Passenger Vehicles",11,,
,,"Light Commercial Vehicles",4,,
,"Petrol unleaded","Passenger Vehicles",711,,
,,"Light Commercial Vehicles",73,,
,"LPG/Other gases","Passenger Vehicles",0,,
,,"Light Commercial Vehicles",0,,
,"Dual fuel","Passenger Vehicles",9,,
,,"Light Commercial Vehicles",3,,
,"Other","Passenger Vehicles",0,,
,,"Light Commercial Vehicles",0,,
,"Unknown","Passenger Vehicles",0,,
,,"Light Commercial Vehicles",0,,
"0880","Diesel","Passenger Vehicles",619,,
,,"Light Commercial Vehicles",862,,
,"Electric","Passenger Vehicles",0,,
,,"Light Commercial Vehicles",0,,
,"Petrol leaded","Passenger Vehicles",3,,
,,"Light Commercial Vehicles",5,,
,"Petrol unleaded","Passenger Vehicles",633,,
,,"Light Commercial Vehicles",116,,
,"LPG/Other gases","Passenger Vehicles",0,,
,,"Light Commercial Vehicles",0,,
,"Dual fuel","Passenger Vehicles",7,,
,,"Light Commercial Vehicles",0,,
,"Other","Passenger Vehicles",0,,
,,"Light Commercial Vehicles",0,,
,"Unknown","Passenger Vehicles",0,,
,,"Light Commercial Vehicles",0,,
"0881","Diesel","Passenger Vehicles",28,,
,,"Light Commercial Vehicles",44,,
,"Electric","Passenger Vehicles",0,,
,,"Light Commercial Vehicles",0,,
,"Petrol leaded","Passenger Vehicles",0,,
,,"Light Commercial Vehicles",0,,
,"Petrol unleaded","Passenger Vehicles",31,,
,,"Light Commercial Vehicles",8,,
,"LPG/Other gases","Passenger Vehicles",0,,
,,"Light Commercial Vehicles",0,,
,"Dual fuel","Passenger Vehicles",0,,
,,"Light Commercial Vehicles",0,,
,"Other","Passenger Vehicles",0,,
,,"Light Commercial Vehicles",0,,
,"Unknown","Passenger Vehicles",0,,
,,"Light Commercial Vehicles",0,,
"0882","Diesel","Passenger Vehicles",3,,
,,"Light Commercial Vehicles",0,,
,"Electric","Passenger Vehicles",0,,
,,"Light Commercial Vehicles",0,,
,"Petrol leaded","Passenger Vehicles",0,,
,,"Light Commercial Vehicles",0,,
,"Petrol unleaded","Passenger Vehicles",0,,
,,"Light Commercial Vehicles",0,,
,"LPG/Other gases","Passenger Vehicles",0,,
,,"Light Commercial Vehicles",0,,
,"Dual fuel","Passenger Vehicles",0,,
,,"Light Commercial Vehicles",0,,
,"Other","Passenger Vehicles",0,,
,,"Light Commercial Vehicles",0,,
,"Unknown","Passenger Vehicles",0,,
,,"Light Commercial Vehicles",0,,
"0885","Diesel","Passenger Vehicles",126,,
,,"Light Commercial Vehicles",217,,
,"Electric","Passenger Vehicles",0,,
,,"Light Commercial Vehicles",0,,
,"Petrol leaded","Passenger Vehicles",3,,
,,"Light Commercial Vehicles",0,,
,"Petrol unleaded","Passenger Vehicles",160,,
,,"Light Commercial Vehicles",32,,
,"LPG/Other gases","Passenger Vehicles",0,,
,,"Light Commercial Vehicles",0,,
,"Dual fuel","Passenger Vehicles",0,,
,,"Light Commercial Vehicles",0,,
,"Other","Passenger Vehicles",0,,
,,"Light Commercial Vehicles",0,,
,"Unknown","Passenger Vehicles",0,,
,,"Light Commercial Vehicles",0,,
"0886","Diesel","Passenger Vehicles",185,,
,,"Light Commercial Vehicles",299,,
,"Electric","Passenger Vehicles",0,,
,,"Light Commercial Vehicles",0,,
,"Petrol leaded","Passenger Vehicles",3,,
,,"Light Commercial Vehicles",0,,
,"Petrol unleaded","Passenger Vehicles",228,,
,,"Light Commercial Vehicles",36,,
,"LPG/Other gases","Passenger Vehicles",0,,
,,"Light Commercial Vehicles",0,,
,"Dual fuel","Passenger Vehicles",0,,
,,"Light Commercial Vehicles",0,,
,"Other","Passenger Vehicles",0,,
,,"Light Commercial Vehicles",0,,
,"Unknown","Passenger Vehicles",0,,
,,"Light Commercial Vehicles",0,,
"2600","Diesel","Passenger Vehicles",1005,,
,,"Light Commercial Vehicles",322,,
,"Electric","Passenger Vehicles",12,,
,,"Light Commercial Vehicles",13,,
,"Petrol leaded","Passenger Vehicles",52,,
,,"Light Commercial Vehicles",3,,
,"Petrol unleaded","Passenger Vehicles",4704,,
,,"Light Commercial Vehicles",180,,
,"LPG/Other gases","Passenger Vehicles",6,,
,,"Light Commercial Vehicles",3,,
,"Dual fuel","Passenger Vehicles",11,,
,,"Light Commercial Vehicles",3,,
,"Other","Passenger Vehicles",76,,
,,"Light Commercial Vehicles",0,,
,"Unknown","Passenger Vehicles",0,,
,,"Light Commercial Vehicles",0,,
"2601","Diesel","Passenger Vehicles",275,,
,,"Light Commercial Vehicles",325,,
,"Electric","Passenger Vehicles",5,,
,,"Light Commercial Vehicles",3,,
,"Petrol leaded","Passenger Vehicles",8,,
,,"Light Commercial Vehicles",0,,
,"Petrol unleaded","Passenger Vehicles",1449,,
,,"Light Commercial Vehicles",113,,
,"LPG/Other gases","Passenger Vehicles",0,,
,,"Light Commercial Vehicles",3,,
,"Dual fuel","Passenger Vehicles",0,,
,,"Light Commercial Vehicles",0,,
,"Other","Passenger Vehicles",31,,
,,"Light Commercial Vehicles",0,,
,"Unknown","Passenger Vehicles",0,,
,,"Light Commercial Vehicles",0,,
"2602","Diesel","Passenger Vehicles",1961,,
,,"Light Commercial Vehicles",851,,
,"Electric","Passenger Vehicles",19,,
,,"Light Commercial Vehicles",0,,
,"Petrol leaded","Passenger Vehicles",233,,
,,"Light Commercial Vehicles",50,,
,"Petrol unleaded","Passenger Vehicles",14781,,
,,"Light Commercial Vehicles",567,,
,"LPG/Other gases","Passenger Vehicles",23,,
,,"Light Commercial Vehicles",25,,
,"Dual fuel","Passenger Vehicles",61,,
,,"Light Commercial Vehicles",30,,
,"Other","Passenger Vehicles",165,,
,,"Light Commercial Vehicles",0,,
,"Unknown","Passenger Vehicles",0,,
,,"Light Commercial Vehicles",0,,
"2603","Diesel","Passenger Vehicles",1051,,
,,"Light Commercial Vehicles",239,,
,"Electric","Passenger Vehicles",14,,
,,"Light Commercial Vehicles",0,,
,"Petrol leaded","Passenger Vehicles",99,,
,,"Light Commercial Vehicles",13,,
,"Petrol unleaded","Passenger Vehicles",4920,,
,,"Light Commercial Vehicles",177,,
,"LPG/Other gases","Passenger Vehicles",7,,
,,"Light Commercial Vehicles",4,,
,"Dual fuel","Passenger Vehicles",18,,
,,"Light Commercial Vehicles",6,,
,"Other","Passenger Vehicles",70,,
,,"Light Commercial Vehicles",0,,
,"Unknown","Passenger Vehicles",0,,
,,"Light Commercial Vehicles",0,,
"2604","Diesel","Passenger Vehicles",785,,
,,"Light Commercial Vehicles",318,,
,"Electric","Passenger Vehicles",9,,
,,"Light Commercial Vehicles",0,,
,"Petrol leaded","Passenger Vehicles",50,,
,,"Light Commercial Vehicles",13,,
,"Petrol unleaded","Passenger Vehicles",5724,,
,,"Light Commercial Vehicles",203,,
,"LPG/Other gases","Passenger Vehicles",8,,
,,"Light Commercial Vehicles",4,,
,"Dual fuel","Passenger Vehicles",20,,
,,"Light Commercial Vehicles",4,,
,"Other","Passenger Vehicles",54,,
,,"Light Commercial Vehicles",0,,
,"Unknown","Passenger Vehicles",0,,
,,"Light Commercial Vehicles",0,,
"2605","Diesel","Passenger Vehicles",1036,,
,,"Light Commercial Vehicles",311,,
,"Electric","Passenger Vehicles",9,,
,,"Light Commercial Vehicles",0,,
,"Petrol leaded","Passenger Vehicles",89,,
,,"Light Commercial Vehicles",15,,
,"Petrol unleaded","Passenger Vehicles",5848,,
,,"Light Commercial Vehicles",190,,
,"LPG/Other gases","Passenger Vehicles",5,,
,,"Light Commercial Vehicles",4,,
,"Dual fuel","Passenger Vehicles",23,,
,,"Light Commercial Vehicles",17,,
,"Other","Passenger Vehicles",82,,
,,"Light Commercial Vehicles",3,,
,"Unknown","Passenger Vehicles",0,,
,,"Light Commercial Vehicles",0,,
"2606","Diesel","Passenger Vehicles",1008,,
,,"Light Commercial Vehicles",468,,
,"Electric","Passenger Vehicles",3,,
,,"Light Commercial Vehicles",0,,
,"Petrol leaded","Passenger Vehicles",82,,
,,"Light Commercial Vehicles",11,,
,"Petrol unleaded","Passenger Vehicles",6701,,
,,"Light Commercial Vehicles",224,,
,"LPG/Other gases","Passenger Vehicles",11,,
,,"Light Commercial Vehicles",18,,
,"Dual fuel","Passenger Vehicles",24,,
,,"Light Commercial Vehicles",5,,
,"Other","Passenger Vehicles",88,,
,,"Light Commercial Vehicles",0,,
,"Unknown","Passenger Vehicles",3,,
,,"Light Commercial Vehicles",0,,
"2607","Diesel","Passenger Vehicles",1135,,
,,"Light Commercial Vehicles",491,,
,"Electric","Passenger Vehicles",8,,
,,"Light Commercial Vehicles",0,,
,"Petrol leaded","Passenger Vehicles",111,,
,,"Light Commercial Vehicles",19,,
,"Petrol unleaded","Passenger Vehicles",7799,,
,,"Light Commercial Vehicles",312,,
,"LPG/Other gases","Passenger Vehicles",23,,
,,"Light Commercial Vehicles",14,,
,"Dual fuel","Passenger Vehicles",25,,
,,"Light Commercial Vehicles",13,,
,"Other","Passenger Vehicles",80,,
,,"Light Commercial Vehicles",0,,
,"Unknown","Passenger Vehicles",0,,
,,"Light Commercial Vehicles",0,,
"2608","Diesel","Passenger Vehicles",3,,
,,"Light Commercial Vehicles",0,,
,"Electric","Passenger Vehicles",0,,
,,"Light Commercial Vehicles",0,,
,"Petrol leaded","Passenger Vehicles",0,,
,,"Light Commercial Vehicles",0,,
,"Petrol unleaded","Passenger Vehicles",0,,
,,"Light Commercial Vehicles",0,,
,"LPG/Other gases","Passenger Vehicles",0,,
,,"Light Commercial Vehicles",0,,
,"Dual fuel","Passenger Vehicles",0,,
,,"Light Commercial Vehicles",0,,
,"Other","Passenger Vehicles",0,,
,,"Light Commercial Vehicles",0,,
,"Unknown","Passenger Vehicles",0,,
,,"Light Commercial Vehicles",0,,
"2609","Diesel","Passenger Vehicles",800,,
,,"Light Commercial Vehicles",1901,,
,"Electric","Passenger Vehicles",41,,
,,"Light Commercial Vehicles",3,,
,"Petrol leaded","Passenger Vehicles",20,,
,,"Light Commercial Vehicles",9,,
,"Petrol unleaded","Passenger Vehicles",3853,,
,,"Light Commercial Vehicles",680,,
,"LPG/Other gases","Passenger Vehicles",22,,
,,"Light Commercial Vehicles",34,,
,"Dual fuel","Passenger Vehicles",18,,
,,"Light Commercial Vehicles",25,,
,"Other","Passenger Vehicles",321,,
,,"Light Commercial Vehicles",0,,
,"Unknown","Passenger Vehicles",3,,
,,"Light Commercial Vehicles",0,,
"2610","Diesel","Passenger Vehicles",0,,
,,"Light Commercial Vehicles",0,,
,"Electric","Passenger Vehicles",0,,
,,"Light Commercial Vehicles",0,,
,"Petrol leaded","Passenger Vehicles",0,,
,,"Light Commercial Vehicles",0,,
,"Petrol unleaded","Passenger Vehicles",0,,
,,"Light Commercial Vehicles",0,,
,"LPG/Other gases","Passenger Vehicles",0,,
,,"Light Commercial Vehicles",0,,
,"Dual fuel","Passenger Vehicles",0,,
,,"Light Commercial Vehicles",0,,
,"Other","Passenger Vehicles",0,,
,,"Light Commercial Vehicles",0,,
,"Unknown","Passenger Vehicles",0,,
,,"Light Commercial Vehicles",0,,
"2611","Diesel","Passenger Vehicles",2409,,
,,"Light Commercial Vehicles",1198,,
,"Electric","Passenger Vehicles",18,,
,,"Light Commercial Vehicles",0,,
,"Petrol leaded","Passenger Vehicles",216,,
,,"Light Commercial Vehicles",39,,
,"Petrol unleaded","Passenger Vehicles",16215,,
,,"Light Commercial Vehicles",651,,
,"LPG/Other gases","Passenger Vehicles",29,,
,,"Light Commercial Vehicles",30,,
,"Dual fuel","Passenger Vehicles",69,,
,,"Light Commercial Vehicles",37,,
,"Other","Passenger Vehicles",164,,
,,"Light Commercial Vehicles",0,,
,"Unknown","Passenger Vehicles",0,,
,,"Light Commercial Vehicles",0,,
"2612","Diesel","Passenger Vehicles",889,,
,,"Light Commercial Vehicles",316,,
,"Electric","Passenger Vehicles",14,,
,,"Light Commercial Vehicles",0,,
,"Petrol leaded","Passenger Vehicles",83,,
,,"Light Commercial Vehicles",3,,
,"Petrol unleaded","Passenger Vehicles",6489,,
,,"Light Commercial Vehicles",180,,
,"LPG/Other gases","Passenger Vehicles",3,,
,,"Light Commercial Vehicles",3,,
,"Dual fuel","Passenger Vehicles",15,,
,,"Light Commercial Vehicles",12,,
,"Other","Passenger Vehicles",77,,
,,"Light Commercial Vehicles",0,,
,"Unknown","Passenger Vehicles",0,,
,,"Light Commercial Vehicles",0,,
"2614","Diesel","Passenger Vehicles",1299,,
,,"Light Commercial Vehicles",658,,
,"Electric","Passenger Vehicles",23,,
,,"Light Commercial Vehicles",0,,
,"Petrol leaded","Passenger Vehicles",155,,
,,"Light Commercial Vehicles",24,,
,"Petrol unleaded","Passenger Vehicles",10183,,
,,"Light Commercial Vehicles",429,,
,"LPG/Other gases","Passenger Vehicles",24,,
,,"Light Commercial Vehicles",13,,
,"Dual fuel","Passenger Vehicles",59,,
,,"Light Commercial Vehicles",22,,
,"Other","Passenger Vehicles",140,,
,,"Light Commercial Vehicles",0,,
,"Unknown","Passenger Vehicles",0,,
,,"Light Commercial Vehicles",0,,
"2615","Diesel","Passenger Vehicles",2858,,
,,"Light Commercial Vehicles",2392,,
,"Electric","Passenger Vehicles",19,,
,,"Light Commercial Vehicles",0,,
,"Petrol leaded","Passenger Vehicles",381,,
,,"Light Commercial Vehicles",70,,
,"Petrol unleaded","Passenger Vehicles",23493,,
,,"Light Commercial Vehicles",1335,,
,"LPG/Other gases","Passenger Vehicles",90,,
,,"Light Commercial Vehicles",60,,
,"Dual fuel","Passenger Vehicles",151,,
,,"Light Commercial Vehicles",60,,
,"Other","Passenger Vehicles",239,,
,,"Light Commercial Vehicles",0,,
,"Unknown","Passenger Vehicles",0,,
,,"Light Commercial Vehicles",0,,
"2616","Diesel","Passenger Vehicles",0,,
,,"Light Commercial Vehicles",0,,
,"Electric","Passenger Vehicles",0,,
,,"Light Commercial Vehicles",0,,
,"Petrol leaded","Passenger Vehicles",0,,
,,"Light Commercial Vehicles",0,,
,"Petrol unleaded","Passenger Vehicles",0,,
,,"Light Commercial Vehicles",0,,
,"LPG/Other gases","Passenger Vehicles",0,,
,,"Light Commercial Vehicles",0,,
,"Dual fuel","Passenger Vehicles",0,,
,,"Light Commercial Vehicles",0,,
,"Other","Passenger Vehicles",0,,
,,"Light Commercial Vehicles",0,,
,"Unknown","Passenger Vehicles",0,,
,,"Light Commercial Vehicles",0,,
"2617","Diesel","Passenger Vehicles",2141,,
,,"Light Commercial Vehicles",1430,,
,"Electric","Passenger Vehicles",22,,
,,"Light Commercial Vehicles",6,,
,"Petrol leaded","Passenger Vehicles",208,,
,,"Light Commercial Vehicles",31,,
,"Petrol unleaded","Passenger Vehicles",17654,,
,,"Light Commercial Vehicles",797,,
,"LPG/Other gases","Passenger Vehicles",47,,
,,"Light Commercial Vehicles",36,,
,"Dual fuel","Passenger Vehicles",79,,
,,"Light Commercial Vehicles",42,,
,"Other","Passenger Vehicles",231,,
,,"Light Commercial Vehicles",0,,
,"Unknown","Passenger Vehicles",0,,
,,"Light Commercial Vehicles",0,,
"2618","Diesel","Passenger Vehicles",237,,
,,"Light Commercial Vehicles",212,,
,"Electric","Passenger Vehicles",3,,
,,"Light Commercial Vehicles",0,,
,"Petrol leaded","Passenger Vehicles",24,,
,,"Light Commercial Vehicles",9,,
,"Petrol unleaded","Passenger Vehicles",551,,
,,"Light Commercial Vehicles",112,,
,"LPG/Other gases","Passenger Vehicles",3,,
,,"Light Commercial Vehicles",0,,
,"Dual fuel","Passenger Vehicles",3,,
,,"Light Commercial Vehicles",10,,
,"Other","Passenger Vehicles",14,,
,,"Light Commercial Vehicles",0,,
,"Unknown","Passenger Vehicles",0,,
,,"Light Commercial Vehicles",0,,
"2619","Diesel","Passenger Vehicles",1030,,
,,"Light Commercial Vehicles",703,,
,"Electric","Passenger Vehicles",0,,
,,"Light Commercial Vehicles",0,,
,"Petrol leaded","Passenger Vehicles",51,,
,,"Light Commercial Vehicles",18,,
,"Petrol unleaded","Passenger Vehicles",4740,,
,,"Light Commercial Vehicles",303,,
,"LPG/Other gases","Passenger Vehicles",13,,
,,"Light Commercial Vehicles",13,,
,"Dual fuel","Passenger Vehicles",31,,
,,"Light Commercial Vehicles",11,,
,"Other","Passenger Vehicles",43,,
,,"Light Commercial Vehicles",0,,
,"Unknown","Passenger Vehicles",19,,
,,"Light Commercial Vehicles",0,,
"2900","Diesel","Passenger Vehicles",180,,
,,"Light Commercial Vehicles",123,,
,"Electric","Passenger Vehicles",3,,
,,"Light Commercial Vehicles",0,,
,"Petrol leaded","Passenger Vehicles",8,,
,,"Light Commercial Vehicles",0,,
,"Petrol unleaded","Passenger Vehicles",1584,,
,,"Light Commercial Vehicles",66,,
,"LPG/Other gases","Passenger Vehicles",0,,
,,"Light Commercial Vehicles",0,,
,"Dual fuel","Passenger Vehicles",4,,
,,"Light Commercial Vehicles",0,,
,"Other","Passenger Vehicles",27,,
,,"Light Commercial Vehicles",0,,
,"Unknown","Passenger Vehicles",0,,
,,"Light Commercial Vehicles",0,,
"2902","Diesel","Passenger Vehicles",1148,,
,,"Light Commercial Vehicles",781,,
,"Electric","Passenger Vehicles",5,,
,,"Light Commercial Vehicles",3,,
,"Petrol leaded","Passenger Vehicles",129,,
,,"Light Commercial Vehicles",21,,
,"Petrol unleaded","Passenger Vehicles",8455,,
,,"Light Commercial Vehicles",460,,
,"LPG/Other gases","Passenger Vehicles",32,,
,,"Light Commercial Vehicles",17,,
,"Dual fuel","Passenger Vehicles",48,,
,,"Light Commercial Vehicles",15,,
,"Other","Passenger Vehicles",58,,
,,"Light Commercial Vehicles",0,,
,"Unknown","Passenger Vehicles",0,,
,,"Light Commercial Vehicles",0,,
"2903","Diesel","Passenger Vehicles",703,,
,,"Light Commercial Vehicles",483,,
,"Electric","Passenger Vehicles",5,,
,,"Light Commercial Vehicles",0,,
,"Petrol leaded","Passenger Vehicles",56,,
,,"Light Commercial Vehicles",10,,
,"Petrol unleaded","Passenger Vehicles",5155,,
,,"Light Commercial Vehicles",305,,
,"LPG/Other gases","Passenger Vehicles",15,,
,,"Light Commercial Vehicles",9,,
,"Dual fuel","Passenger Vehicles",27,,
,,"Light Commercial Vehicles",10,,
,"Other","Passenger Vehicles",45,,
,,"Light Commercial Vehicles",0,,
,"Unknown","Passenger Vehicles",0,,
,,"Light Commercial Vehicles",0,,
"2904","Diesel","Passenger Vehicles",1094,,
,,"Light Commercial Vehicles",714,,
,"Electric","Passenger Vehicles",12,,
,,"Light Commercial Vehicles",0,,
,"Petrol leaded","Passenger Vehicles",98,,
,,"Light Commercial Vehicles",20,,
,"Petrol unleaded","Passenger Vehicles",7334,,
,,"Light Commercial Vehicles",426,,
,"LPG/Other gases","Passenger Vehicles",12,,
,,"Light Commercial Vehicles",9,,
,"Dual fuel","Passenger Vehicles",22,,
,,"Light Commercial Vehicles",12,,
,"Other","Passenger Vehicles",61,,
,,"Light Commercial Vehicles",0,,
,"Unknown","Passenger Vehicles",0,,
,,"Light Commercial Vehicles",0,,
"2905","Diesel","Passenger Vehicles",1867,,
,,"Light Commercial Vehicles",1990,,
,"Electric","Passenger Vehicles",11,,
,,"Light Commercial Vehicles",0,,
,"Petrol leaded","Passenger Vehicles",186,,
,,"Light Commercial Vehicles",45,,
,"Petrol unleaded","Passenger Vehicles",15796,,
,,"Light Commercial Vehicles",1006,,
,"LPG/Other gases","Passenger Vehicles",48,,
,,"Light Commercial Vehicles",43,,
,"Dual fuel","Passenger Vehicles",82,,
,,"Light Commercial Vehicles",39,,
,"Other","Passenger Vehicles",100,,
,,"Light Commercial Vehicles",0,,
,"Unknown","Passenger Vehicles",0,,
,,"Light Commercial Vehicles",0,,
"2906","Diesel","Passenger Vehicles",1230,,
,,"Light Commercial Vehicles",1131,,
,"Electric","Passenger Vehicles",5,,
,,"Light Commercial Vehicles",0,,
,"Petrol leaded","Passenger Vehicles",108,,
,,"Light Commercial Vehicles",17,,
,"Petrol unleaded","Passenger Vehicles",9793,,
,,"Light Commercial Vehicles",559,,
,"LPG/Other gases","Passenger Vehicles",22,,
,,"Light Commercial Vehicles",20,,
,"Dual fuel","Passenger Vehicles",63,,
,,"Light Commercial Vehicles",25,,
,"Other","Passenger Vehicles",58,,
,,"Light Commercial Vehicles",0,,
,"Unknown","Passenger Vehicles",0,,
,,"Light Commercial Vehicles",0,,
"2911","Diesel","Passenger Vehicles",607,,
,,"Light Commercial Vehicles",688,,
,"Electric","Passenger Vehicles",6,,
,,"Light Commercial Vehicles",0,,
,"Petrol leaded","Passenger Vehicles",14,,
,,"Light Commercial Vehicles",3,,
,"Petrol unleaded","Passenger Vehicles",2899,,
,,"Light Commercial Vehicles",352,,
,"LPG/Other gases","Passenger Vehicles",5,,
,,"Light Commercial Vehicles",17,,
,"Dual fuel","Passenger Vehicles",15,,
,,"Light Commercial Vehicles",13,,
,"Other","Passenger Vehicles",62,,
,,"Light Commercial Vehicles",0,,
,"Unknown","Passenger Vehicles",0,,
,,"Light Commercial Vehicles",3,,
"2912","Diesel","Passenger Vehicles",398,,
,,"Light Commercial Vehicles",200,,
,"Electric","Passenger Vehicles",3,,
,,"Light Commercial Vehicles",0,,
,"Petrol leaded","Passenger Vehicles",11,,
,,"Light Commercial Vehicles",3,,
,"Petrol unleaded","Passenger Vehicles",3391,,
,,"Light Commercial Vehicles",110,,
,"LPG/Other gases","Passenger Vehicles",5,,
,,"Light Commercial Vehicles",8,,
,"Dual fuel","Passenger Vehicles",13,,
,,"Light Commercial Vehicles",5,,
,"Other","Passenger Vehicles",38,,
,,"Light Commercial Vehicles",0,,
,"Unknown","Passenger Vehicles",0,,
,,"Light Commercial Vehicles",0,,
"2913","Diesel","Passenger Vehicles",2552,,
,,"Light Commercial Vehicles",1448,,
,"Electric","Passenger Vehicles",20,,
,,"Light Commercial Vehicles",0,,
,"Petrol leaded","Passenger Vehicles",135,,
,,"Light Commercial Vehicles",27,,
,"Petrol unleaded","Passenger Vehicles",18940,,
,,"Light Commercial Vehicles",769,,
,"LPG/Other gases","Passenger Vehicles",54,,
,,"Light Commercial Vehicles",17,,
,"Dual fuel","Passenger Vehicles",81,,
,,"Light Commercial Vehicles",22,,
,"Other","Passenger Vehicles",235,,
,,"Light Commercial Vehicles",0,,
,"Unknown","Passenger Vehicles",0,,
,,"Light Commercial Vehicles",0,,
"2914","Diesel","Passenger Vehicles",2074,,
,,"Light Commercial Vehicles",997,,
,"Electric","Passenger Vehicles",16,,
,,"Light Commercial Vehicles",0,,
,"Petrol leaded","Passenger Vehicles",72,,
,,"Light Commercial Vehicles",15,,
,"Petrol unleaded","Passenger Vehicles",14291,,
,,"Light Commercial Vehicles",452,,
,"LPG/Other gases","Passenger Vehicles",38,,
,,"Light Commercial Vehicles",9,,
,"Dual fuel","Passenger Vehicles",47,,
,,"Light Commercial Vehicles",15,,
,"Other","Passenger Vehicles",264,,
,,"Light Commercial Vehicles",0,,
,"Unknown","Passenger Vehicles",0,,
,,"Light Commercial Vehicles",0,,
"2920","Diesel","Passenger Vehicles",0,,
,,"Light Commercial Vehicles",3,,
,"Electric","Passenger Vehicles",0,,
,,"Light Commercial Vehicles",0,,
,"Petrol leaded","Passenger Vehicles",0,,
,,"Light Commercial Vehicles",0,,
,"Petrol unleaded","Passenger Vehicles",0,,
,,"Light Commercial Vehicles",0,,
,"LPG/Other gases","Passenger Vehicles",0,,
,,"Light Commercial Vehicles",0,,
,"Dual fuel","Passenger Vehicles",0,,
,,"Light Commercial Vehicles",0,,
,"Other","Passenger Vehicles",0,,
,,"Light Commercial Vehicles",0,,
,"Unknown","Passenger Vehicles",0,,
,,"Light Commercial Vehicles",0,,
"Total","Diesel","Passenger Vehicles",1850756,,
,,"Light Commercial Vehicles",2194164,,
,"Electric","Passenger Vehicles",6785,,
,,"Light Commercial Vehicles",141,,
,"Petrol leaded","Passenger Vehicles",211380,,
,,"Light Commercial Vehicles",60442,,
,"Petrol unleaded","Passenger Vehicles",12186793,,
,,"Light Commercial Vehicles",966353,,
,"LPG/Other gases","Passenger Vehicles",64552,,
,,"Light Commercial Vehicles",42429,,
,"Dual fuel","Passenger Vehicles",118383,,
,,"Light Commercial Vehicles",48621,,
,"Other","Passenger Vehicles",59559,,
,,"Light Commercial Vehicles",338,,
,"Unknown","Passenger Vehicles",5940,,
,,"Light Commercial Vehicles",931,,

"Data source: Motor Vehicle Census, 2019, TableBuilder"

"INFO","Cells in this table have been randomly adjusted to avoid the release of confidential data. Discrepancies may occur between sums of the component items and totals."
"INFO","Continuous variables in this table have been randomly adjusted to avoid the release of confidential data."


Symbol,Description
"#","No scaling applied"


"Copyright Commonwealth of Australia, 2021, see abs.gov.au/copyright"
"ABS data licensed under Creative Commons, see abs.gov.au/ccby"
